bps_used variant success reddening_law calibration Tmax e_Tmax DM e_DM st e_st EBVhost e_EBVhost rchi2_data rchi2_data_model fitprob_data fitprob_data_model
c-o  True O94 0 59172.07805278722 0.5711205752772636 36.787530240922585 0.16204117157182663 0.8948802262470751 0.06749505415244642 0.32752284864506837 0.13909185367920823 0.48 0.476 0.928 0.93
c-o  True F19 6 59172.078690982096 0.5711111456019914 36.85552148370984 0.1445986898772155 0.8948572238381513 0.06749994252051698 0.2876047712664131 0.1363686183296156 0.48 0.477 0.928 0.93
c-o-ztfg  True F19 6 59172.206790207216 0.3666083140479742 37.01721587043347 0.0995567976728097 0.7614746739975237 0.034334215390230585 -0.011062082057984531 0.0675020023409262 0.428 0.419 0.999 0.999
c-o-ztfg-ztfr  True O94 0 59172.09790673549 0.3556885281276561 36.89599610989383 0.0865532808571326 0.7956587796787207 0.03235377872154229 0.0803886339287361 0.06307618513140573 0.429 0.421 1.0 1.0
c-o-ztfg-ztfr  True F19 6 59172.098647344144 0.3548406673012062 36.92592596136905 0.08506209427650485 0.791523694434881 0.03223743212823624 0.057229877822967665 0.06199962415965085 0.435 0.427 1.0 1.0
c-o-ztfr  True F19 6 59172.21097132738 0.37173861157421034 36.742498581084085 0.11841945423999226 0.867845414913563 0.03539144113951871 0.3077308709654806 0.09215690892342403 0.395 0.39 1.0 1.0
c-ztfg-ztfr  True F19 6 59172.08648697048 0.3561321248978058 36.91557964877595 0.08548195267257738 0.7771714206827881 0.03259759707850459 0.04336251056262462 0.06233075751492693 0.478 0.466 1.0 1.0
J-c-o 1D3 True O94 0 59172.150886691255 0.4827780888836402 36.853413673339716 0.10957771739038917 0.872969558795066 0.0538921872941475 0.2529114055821453 0.08226641734158426 0.421 0.417 0.974 0.975
J-c-o 1D3 True F19 6 59172.1854354249 0.4596725304650055 36.91529325597905 0.10265897773646888 0.8677885668554937 0.049696232649986176 0.20397385441534194 0.07498910722425893 0.426 0.422 0.972 0.974
J-c-o-ztfg 1D3 True F19 6 59172.10108117481 0.3682391930008366 36.91637286401186 0.090869188464148 0.7739731864989798 0.03417013837899548 0.05092660564005796 0.06329404569457629 0.462 0.451 0.999 0.999
J-c-o-ztfg-ztfr 1D3 True O94 0 59172.0841167804 0.3577323555363247 36.93951682055319 0.08605920108951641 0.8163445421402502 0.032441786331241805 0.08413793873658931 0.06250297595525363 0.46 0.452 1.0 1.0
J-c-o-ztfg-ztfr 1D3 True F19 6 59172.0748442676 0.35420605560478813 36.91627007488517 0.08505127841321054 0.7923172923758067 0.03212121821267031 0.06308351709694485 0.06164758260186221 0.426 0.418 1.0 1.0
J-c-o-ztfr 1D3 True F19 6 59172.25222439418 0.36725684958098725 36.872634648155945 0.09496802521712228 0.8540397046493026 0.03479798985778727 0.17588542353716866 0.06920653716658577 0.39 0.383 1.0 1.0
J-c-ztfg-ztfr 1D3 True F19 6 59172.06074849991 0.3559428258729793 36.9111272094805 0.08526743143368067 0.7778490067957423 0.03253964892311685 0.04522180132931975 0.061958508498439376 0.485 0.472 1.0 1.0
J-o-ztfg-ztfr 1D3 True F19 6 59171.982842044046 0.35362516578493575 36.924316322232855 0.08558956424376801 0.827600102669222 0.03167165018563944 0.09882511973672256 0.06118932815361677 0.314 0.309 1.0 1.0
J-ztfg-ztfr 1D3 True O94 0 59172.02370096749 0.3529028066454922 36.873275581404016 0.08836760613212502 0.8210047204579994 0.031670742719747194 0.13106717079618174 0.061694177469437554 0.291 0.286 1.0 1.0
J-ztfg-ztfr 1D3 True F19 6 59172.02013480585 0.3529910867290382 36.91382238262654 0.08586317013303353 0.8215325060793347 0.03167220667098676 0.10037956634370583 0.06116369817728841 0.292 0.287 1.0 1.0
o-ztfg-ztfr  True F19 6 59172.00254084437 0.35453997204779214 36.93454613533836 0.08511772973518553 0.8268234775368873 0.03179175324858743 0.08879352938387022 0.06147045094248258 0.326 0.321 1.0 1.0
ztfg-ztfr  True O94 0 59172.03868069849 0.35379592792326187 36.88098760023872 0.0881117409919731 0.8200109289245713 0.03178868758255144 0.12440251676022394 0.06204206481711324 0.303 0.298 1.0 1.0
ztfg-ztfr  True F19 6 59172.03897970206 0.3537901643173142 36.92145577584369 0.08556054463627903 0.820018894496759 0.031788083915561 0.09280993477846579 0.061454508124741014 0.303 0.298 1.0 1.0