bps_used variant success reddening_law t0 e_t0 x0_mag e_x0_mag x1 e_x1 c e_c rchi2_data rchi2_data_model fitprob_data fitprob_data_model
c  True F99 59187.2231462275 6.5201485268470405 8.966541737744247 2.035969899072406 2.343229904351057 5.836351229600599 0.1122174449475811 3.1291772403186986 0.77 0.769 0.463 0.463
c-o  True F19 59172.09354719645 0.5247504925392498 7.965114899040062 0.2683499214754557 -1.1211486887457776 0.6129258293199534 0.30778236775734014 0.1754471151289628 0.538 0.47 0.902 0.942
c-o  True F99 59172.117693047556 0.49333944466482593 7.879179284744591 0.24549938772155624 -1.1849135710101675 0.5997544562235054 0.26606730882976193 0.16420275537240286 0.425 0.421 0.968 0.969
c-o-ztfg  True F19 59171.89755209234 0.20424082910203134 7.5411474670150165 0.038304460373851254 -1.5465314907719252 0.23909894526958472 0.028805755716347792 0.04946204195190863 0.931 0.622 0.591 0.967
c-o-ztfg  True F99 59172.06164694349 0.1920103961187777 7.473668734057835 0.03428354067635041 -1.5147483711170435 0.2263743704308112 -0.013018661276245761 0.0443743494721265 0.391 0.379 1.0 1.0
c-o-ztfg-ztfr  True F19 59171.95090328083 0.16848753190474683 7.549355941984203 0.03626270555735756 -1.5094551261940192 0.2039867211981639 0.047430953442129234 0.030571459907851952 0.935 0.557 0.63 0.999
c-o-ztfg-ztfr  True F99 59171.98550229179 0.1542691963020677 7.477185098265288 0.03277171213155757 -1.5271689671722217 0.19016882230472962 0.00785078122394392 0.028022620487358523 0.344 0.332 1.0 1.0
c-o-ztfr  True F19 59172.068802910784 0.24632265333193698 7.864286955639459 0.21117589078701338 -1.3576686263394413 0.3163938119385529 0.27011539071829854 0.14807567039261188 0.851 0.479 0.744 0.998
c-o-ztfr  True F99 59171.914645143195 0.22250673813470218 7.774277228408282 0.1877087479348061 -1.5049389671990645 0.29152270530639796 0.22604795192557345 0.1354809583191411 0.343 0.33 1.0 1.0
c-ztfg  True F99 59172.11122837222 0.21156791240226858 7.427280271741896 0.03972054651542272 -1.2615557736668548 0.3107739513828722 -0.29524457244722546 0.1759061702604891 0.274 0.271 1.0 1.0
c-ztfg-ztfr  True F19 59171.964104150946 0.17364010270362196 7.546271443060708 0.037044334846315884 -1.548415571278409 0.2179095664971714 0.04611674477772759 0.03237658882397401 1.038 0.593 0.397 0.993
c-ztfg-ztfr  True F99 59172.00028427731 0.1594208005497802 7.474911877279158 0.033393624796912644 -1.56065912177816 0.20263186520905788 0.007733018528121832 0.029622618935826312 0.339 0.327 1.0 1.0
c-ztfr  True F99 59171.907971888955 0.24468612913802737 7.85885153112194 0.2413962597436442 -1.492776894865703 0.3584646866454284 0.29446348462582383 0.17656461764237408 0.305 0.299 1.0 1.0
J 1D3 False F99 59171.055422534206 -1.0 7.412754662299394 66.53323736993899 0.021447018510510424 -1.0 -0.0001380286171841971 26.35641941898026 None None None None
J-c 1D3 True F99 59171.27775482788 0.6211671419205919 9.022192532696437 1.2228062013204417 8.425978039659466 14.709601810453416 0.5080009021928494 0.3344404946454752 0.553 0.547 0.646 0.65
J-c-o 1D3 True F99 59171.729174759355 0.37256516628369796 7.664054122720033 0.12850564707485188 -1.5806176596647386 0.5067185535675938 0.11475337903908148 0.06774908081841675 0.559 0.542 0.908 0.918
J-c-o-ztfg 1D3 True F99 59171.97279235805 0.18692919122747692 7.48483062198965 0.03276267975285794 -1.5113809253964041 0.2257053797655687 0.0149912255284456 0.031938897114321234 0.475 0.446 0.998 0.999
J-c-o-ztfg-ztfr 1D3 True F19 59171.9112873671 0.16688764354369573 7.557545704991204 0.03458360643696324 -1.4928813150074327 0.2041422930086183 0.05637043630235436 0.027523300180407953 0.937 0.565 0.626 0.999
J-c-o-ztfg-ztfr 1D3 True F99 59171.91128517574 0.16691653858360775 7.557545313451085 0.03459040176438421 -1.4929036220306169 0.2041741629923657 0.05637200984757565 0.027533510248039076 0.888 0.543 0.736 0.999
J-c-o-ztfr 1D3 True F99 59171.833811682474 0.21069865831754664 7.602074209894399 0.08659444206225363 -1.6103566845762631 0.274415116156781 0.0981634505553786 0.05846602475280027 0.407 0.386 1.0 1.0
J-c-ztfg 1D3 True F99 59171.99190709949 0.1965909298498676 7.481346271170794 0.03356017536586768 -1.5664597534674822 0.25082648598484925 0.020114690762849528 0.04038910923831999 0.513 0.482 0.986 0.991
J-c-ztfg-ztfr 1D3 True F99 59171.941896512144 0.15785186028576845 7.483216140643458 0.03194608699529245 -1.5362585984626125 0.2037313831782515 0.01716051861915707 0.02624559959816656 0.386 0.365 1.0 1.0
J-c-ztfr 1D3 True F99 59171.847717018056 0.22284783849549042 7.594004323320448 0.08954146204056525 -1.6862523622018974 0.3152596520145833 0.09599070926125239 0.06012970478007501 0.413 0.392 0.999 0.999
J-o 1D3 True F99 59171.339597022954 0.48140521179799795 7.575531328265708 0.15716039931041276 -1.6169637013271878 0.6361065186280762 0.06982169323517991 0.08438300580167868 0.508 0.501 0.886 0.891
J-o-ztfg 1D3 True F99 59171.84576633408 0.21013432894131182 7.4869950556064815 0.032651651584736055 -1.3100190601148547 0.24853858399762968 0.021497913283371604 0.0316239350736853 0.33 0.317 1.0 1.0
J-o-ztfg-ztfr 1D3 True F99 59171.84716831292 0.16703458334068091 7.4837337747822925 0.03127952655808719 -1.3586912993457907 0.205654743125373 0.014710623218884904 0.025150903463135574 0.301 0.288 1.0 1.0
J-o-ztfr 1D3 True F99 59171.7317987733 0.23929643352529026 7.537568974613367 0.09986837488007795 -1.4354614358345468 0.3067995652365665 0.05196208871300778 0.06885220678596012 0.34 0.332 1.0 1.0
J-ztfg 1D3 True F99 59171.820248143806 0.2320894648378844 7.488104716011219 0.03381255089348581 -1.3063900041962309 0.28704407260822035 0.038043741292738825 0.03962494978049175 0.29 0.285 1.0 1.0
J-ztfg-ztfr 1D3 True F99 59171.840901447475 0.17693671808770078 7.48436129655464 0.031870718625111566 -1.3573761663665045 0.2247583928130594 0.016824518723646403 0.02615073009591184 0.289 0.274 1.0 1.0
J-ztfr 1D3 True F99 59171.70747463643 0.2671271490207042 7.539742191405027 0.10001440186983 -1.4332272572209335 0.3744909745117691 0.0549860333960903 0.06901372356745013 0.33 0.322 1.0 1.0
o  True F99 59171.92160001582 0.9444964261939613 7.00499452929332 3.2232627574811805 -1.254669202045884 0.7409200453960799 -0.3230923324765677 2.230330264813883 0.512 0.505 0.849 0.853
o-ztfg  True F99 59171.948196664955 0.2174377820217105 7.478861230608545 0.03435485825530762 -1.3383389373163923 0.24819742744202794 0.0022800939117965653 0.04436008354818847 0.264 0.261 1.0 1.0
o-ztfg-ztfr  True F19 59171.876822019476 0.1840559316202031 7.549531316692912 0.036084505414879904 -1.3766662696917755 0.21945747746148458 0.04719784370398415 0.03041074324953415 0.868 0.522 0.762 0.999
o-ztfg-ztfr  True F99 59171.906528826235 0.16915729701105792 7.47626651617515 0.03259406149274749 -1.383447579131638 0.20505691035970178 0.006487014100855219 0.02790349646610957 0.263 0.258 1.0 1.0
o-ztfr  True F99 59171.83075226807 0.25306939853494403 7.316688299435439 0.5163323820813964 -1.4354877699536013 0.31214520430052733 -0.11030446640877324 0.3823414598635963 0.307 0.301 1.0 1.0
ztfg  True F99 59171.49230243177 0.34192143335487796 8.900165247952367 4.3276049422046645 -2.1406213000886973 0.5516333424183807 3.2757592670770297 7.238248412178441 0.198 0.195 1.0 1.0
ztfg-ztfr  True F19 59171.879681391525 0.19318739965955573 7.548679181295786 0.03699900714034314 -1.3954076900212757 0.23931409493241343 0.047483881213255835 0.03226648356928561 0.968 0.556 0.539 0.996
ztfg-ztfr  True F99 59171.90814370364 0.1784737649019141 7.4763093174254625 0.03332552859424239 -1.3926106524735902 0.22332437193819024 0.007931816204329997 0.029539549155558467 0.243 0.238 1.0 1.0
ztfr  True F99 59171.56431893165 0.45584220135030606 4.47387518331905 3.54535997589273 -1.3333489548458877 0.40184328039333034 -2.3342111725633314 2.8804466863760863 0.262 0.256 1.0 1.0