bps_used variant success reddening_law calibration Tmax e_Tmax DM e_DM st e_st EBVhost e_EBVhost rchi2_data rchi2_data_model fitprob_data fitprob_data_model
c-o  True O94 0 59262.00045151664 0.5494196090802972 37.64223437136357 0.19466040976652457 1.2866386643397791 0.05986332764717321 -0.13611032293461334 0.11689390771863002 0.367 0.364 0.961 0.962
c-o  True F19 6 59262.002214933615 0.5497341932661223 37.701869107189175 0.19692490072346808 1.286707314955654 0.0599045027173477 -0.10657104824096213 0.10423484887732218 0.367 0.364 0.961 0.962
c-o-ztfg  True F19 6 59260.193325232365 0.40727298886679797 36.97117773658701 0.19153616052152445 1.1105487079305891 0.09320391984679559 0.1879833621139172 0.08198156482028514 0.87 0.855 0.637 0.657
c-o-ztfg-ztfr  True O94 0 59260.15955861964 0.4931059628669316 37.1411267264698 0.12437334370089215 1.2870226532242484 0.0496546910774617 0.11253612678944913 0.07907704593118198 1.515 1.487 0.025 0.03
c-o-ztfg-ztfr  True F19 6 59260.213763246786 0.4046975257201675 37.167077238089554 0.10209178552664054 1.2120014932619159 0.039513931044754674 0.14518534535665503 0.06589975467459117 0.841 0.827 0.741 0.762
c-o-ztfr  True F19 6 59261.412791252515 0.42628140067553216 37.19723777342627 0.10633673076249638 1.12928825457542 0.05763175382308995 0.07568279263762474 0.06880264115005343 0.387 0.379 0.997 0.998
c-ztfg-ztfr  True F19 6 59260.068639674384 0.4716680555969448 37.139736417850926 0.11793976632497422 1.2440775835682278 0.05055245841218582 0.18682008999960906 0.07195991028114503 1.612 1.591 0.018 0.021
J-c-o 1D3 True O94 0 59262.127633229145 0.5365586153857435 37.80328756951296 0.13874048660102747 1.3029950498754888 0.06254304432777606 -0.2166761268401463 0.09004923027178495 0.456 0.448 0.949 0.952
J-c-o 1D3 True F19 6 59261.84241534577 0.4807639281323119 37.548378280546295 0.09872081494666626 1.2417539640248294 0.044321476905815 -0.053320226524782244 0.0687056996646478 0.406 0.399 0.968 0.971
J-c-o-ztfg 1D3 True F19 6 59260.397107368975 0.44593237262318486 37.34203401068028 0.10835890602733803 1.2221279526458777 0.05128226491077693 0.05989683026780504 0.07210537258772734 1.361 1.334 0.107 0.122
J-c-o-ztfg-ztfr 1D3 True O94 0 59260.574189251434 0.42026656858983874 37.3763886130929 0.08108670456847811 1.2319610103711758 0.03850266920987081 0 0.06 1.21 1.151 0.17 0.237
J-c-o-ztfg-ztfr 1D3 True F19 6 59260.31808465566 0.424996105774651 37.27874314222426 0.09719472059649942 1.2401932292558746 0.04198074876473493 0.10594085603553793 0.06619201701513018 1.137 1.108 0.254 0.294
J-c-o-ztfr 1D3 True F19 6 59261.79390218671 0.4672298872924392 37.44762307509043 0.09149014993939412 1.2350321539782052 0.03814446521926977 -0.013669120140148538 0.06793518567641324 0.51 0.498 0.983 0.986
J-c-ztfg-ztfr 1D3 True F19 6 59260.18490347718 0.4920077090756972 37.25643244665317 0.10824882808843617 1.2722686010236288 0.052586080029030424 0.14441018600013533 0.07150785735221993 1.917 1.878 0.001 0.002
J-o-ztfg-ztfr 1D3 True F19 6 59259.997089774784 0.39051900576228193 37.36134913731947 0.0909338268472262 1.279940566663236 0.03589405771289669 0.077223312843663 0.06268920171261172 0.415 0.4 0.999 0.999
J-ztfg-ztfr 1D3 True O94 0 59260.11886369227 0.4542898691383805 37.412383969188895 0.10618446171546077 1.2471430527430718 0.04823520506850461 -0.03962196388418071 0.07074668722315992 1.122 1.052 0.303 0.391
J-ztfg-ztfr 1D3 True F19 6 59259.94000380727 0.38928176007531934 37.358442986044516 0.09250441988682402 1.3039142501139938 0.03602727981343018 0.09311722485867893 0.06253169963599552 0.35 0.334 0.999 0.999
o-ztfg-ztfr  True F19 6 59260.10309824424 0.36973104480005997 37.27018611413073 0.0913978090880787 1.24713567661814 0.03396760277178745 0.10224644191994675 0.06201990116615926 0.247 0.241 1.0 1.0
ztfg-ztfr  True O94 0 59260.051788933735 0.3553029675036732 37.224979045215896 0.08674719877385814 1.2735509819593203 0.032287623608125315 0.049184434420470574 0.061464402437250494 0.104 0.101 1.0 1.0
ztfg-ztfr  True F19 6 59260.0528479247 0.35410672082325567 37.25512220777307 0.0918758788221088 1.2734750952166878 0.03211166164935409 0.13020293038493194 0.06096945924278978 0.104 0.101 1.0 1.0