bps_used variant success reddening_law t0 e_t0 x0_mag e_x0_mag x1 e_x1 c e_c rchi2_data rchi2_data_model fitprob_data fitprob_data_model
c  True F99 59760.9362339754 0.7885523033772229 8.940568813678565 2.4052232617106473 0.21608397521246286 0.8822372911305097 1.9186981863366537 2.3111170291035705 0.878 0.756 0.534 0.642
c-o  True F19 59762.043009514935 0.13355976536466316 6.118774044197561 0.053836366391508586 1.3111547932276917 0.1983574504902085 -0.03858380353665767 0.04155483399693713 1.658 0.65 0.006 0.957
c-o  True F99 59762.03729627709 0.1009729368656681 7.178292358228081 0.04533154290904177 1.2768640603648362 0.15430657820964566 -0.048664638731644255 0.0364280198321892 1.164 1.045 0.22 0.393
c-o-ztfg  True F19 59762.045293626565 0.11797415998441677 6.094180116957201 0.02678346350318449 1.2338827349732302 0.16518286959798203 -0.054125952653359524 0.0254573414349397 1.659 0.666 0.002 0.968
c-o-ztfg  True F99 59762.05586367579 0.0932659742953468 7.157884162843071 0.02489044891984728 1.194074306640866 0.1352238969367152 -0.06056647893326496 0.02380095615990625 1.15 1.03 0.215 0.415
c-o-ztfg-ztfr  True F19 59761.9735916696 0.10722738250476646 6.06253365735509 0.026200512910543816 1.1339677665013657 0.15056283936671547 -0.03956886200056191 0.022411725352746114 1.274 0.565 0.069 0.998
c-o-ztfg-ztfr  True F99 59761.99403659044 0.08517071187251105 6.063516073941198 0.024154860282423824 1.1142834770504642 0.12302792071198741 -0.03854554142400957 0.020851008021019326 1.282 0.983 0.064 0.514
c-o-ztfr  True F19 59761.968439885415 0.11832546096462439 6.121445471453199 0.051304527487861434 1.185664111961025 0.17427943991293512 -0.015569721665958169 0.03826997079500559 1.488 0.659 0.012 0.974
c-o-ztfr  True F99 59761.978810014 0.09074445818396779 7.183616399565952 0.04299271601036923 1.1745872857277715 0.13634121099012536 -0.026017994526463424 0.033006595940291476 1.328 0.987 0.055 0.501
c-ztfg  True F99 59762.09879728805 0.14532398677660785 7.159578136711955 0.036579965345431176 1.2605751168566206 0.23922719970866155 -0.06489285303053993 0.07006601656172669 1.167 1.02 0.275 0.433
c-ztfg-ztfr  True F19 59761.95208586821 0.12873912372151397 6.114218112762751 0.029326502557599353 1.0983425558973277 0.19235509374170948 0.0013445757120973691 0.02908869279302523 1.462 0.655 0.044 0.933
c-ztfg-ztfr  True F99 59761.968737196556 0.10545324402001093 7.177461360401864 0.026965003870854817 1.059484677355592 0.16098683332017857 -0.00796359106628438 0.026843686433357817 0.964 0.832 0.526 0.736
c-ztfr  True F99 59761.95951693706 0.11650690139392503 7.242469257196888 0.05472845631445881 1.2116291961916832 0.20091329975638347 0.03817943169538097 0.04519423832962841 0.799 0.708 0.725 0.83
J 1D3 True F99 59752.54361773431 8.807642898440898 7.414349107878691 185.07784545432875 -3.346440521313345 56.67198531416315 0.015170225059961125 64.09943538595279 -1 -1 -1 -1
J-c 1D3 True F99 59761.93647522171 0.14100306436702917 6.2052752630991375 0.06213128113155961 1.3959534471198058 0.294216267757025 0.09245167137917945 0.060947908977377084 2.032 1.916 0.022 0.033
J-c-o 1D3 True F99 59761.988851028094 0.10014730969946226 6.1014681052309605 0.043390845505337484 1.2561384136045004 0.15260726638364544 -0.025428876368076697 0.03393921174850342 1.533 1.367 0.014 0.055
J-c-o 2D True F99 59761.987010924335 0.10045643771461117 6.104290728506584 0.04487430943766144 1.256535497840141 0.15252456197726935 -0.02269041733735634 0.035676135261872445 1.54 1.362 0.013 0.057
J-c-o-ztfg 1D3 True F99 59762.01401612998 0.09215601716828566 6.0658123355241305 0.02462589183143514 1.1564497410108059 0.13335686349531875 -0.04779359757055915 0.023037462656476815 1.455 1.305 0.016 0.066
J-c-o-ztfg-ztfr 1D3 True F99 59761.963356169785 0.08452130728246339 6.068914311027104 0.023856562137965557 1.0871887127151092 0.12198449862258026 -0.031157534224116684 0.020259530958215456 1.519 1.182 0.004 0.146
J-c-o-ztfg-ztfr 2D True F19 59761.95554409557 0.10683872368066227 6.064418099944412 0.026108883039110364 1.120213551729408 0.1500257958657008 -0.03673901855475935 0.02220850952421091 1.479 0.639 0.007 0.991
J-c-o-ztfg-ztfr 2D True F99 59761.955340732486 0.10683903771329398 6.100352434224126 0.02611519246361336 1.1198634834033976 0.15001438992350316 -0.028041425515389216 0.022213655221663856 1.66 0.73 0.001 0.953
J-c-o-ztfg-ztfr 2D True O94 59761.9553322407 0.10682211457752361 6.100349895599011 0.02611134596516144 1.1198490709133095 0.14999050853332263 -0.028045051606956053 0.02220777547262138 1.683 0.738 0.0 0.947
J-c-o-ztfr 1D3 True F99 59761.944950609555 0.09033666247073621 6.099781753920144 0.041610434938716925 1.1566479741556486 0.13539903771817394 -0.011173424859496484 0.03149564369371867 1.614 1.217 0.002 0.128
J-c-ztfg 1D3 True F99 59761.96263864803 0.12349698451818965 6.088414334077996 0.03045707934381561 1.0548108898782829 0.19791120585438657 0.010575521544393939 0.04620414392399987 1.834 1.616 0.01 0.034
J-c-ztfg-ztfr 1D3 True F99 59761.92427110419 0.1038853666183795 6.082129520261828 0.026321398792814088 1.0114204165013807 0.15827403519804414 0.0011235344837909236 0.025321918200969268 1.324 1.189 0.095 0.205
J-c-ztfr 1D3 True F99 59761.91238965707 0.11516151898957362 6.150855748450413 0.04988470762228754 1.1725167235157932 0.19826832309895623 0.04793536843504287 0.03961025813518234 1.308 1.21 0.143 0.219
J-o 1D3 True F99 59761.95268276961 0.15409447325133974 6.312367100087894 0.16495070586529142 1.0389080450485575 0.19112707479029192 0.10986806820060498 0.10524552865489466 1.664 1.55 0.012 0.026
J-o-ztfg 1D3 True F99 59761.95954957664 0.12700017552907322 6.055685928203724 0.027042277306452377 1.0191842896410623 0.16640672850213445 -0.05259946519865681 0.023432449211261728 1.583 1.439 0.009 0.032
J-o-ztfg-ztfr 1D3 True F99 59761.906265668295 0.11110582596502554 6.054421683550463 0.02659074715526375 0.95244057203588 0.14902921894499274 -0.038324364827718484 0.021272392152732116 1.631 1.26 0.002 0.091
J-o-ztfr 1D3 True F99 59761.856893783384 0.12503839904680103 6.078548470975191 0.1362267093859559 0.9998417748340125 0.16641191780479123 -0.0238730082067897 0.0927649892391757 1.748 1.321 0.002 0.075
J-o-ztfr 2D True F99 59761.859587855215 0.12481316815623805 6.148870241901545 0.17832553567581785 0.9885625051809862 0.16644121644169388 0.025033351341046218 0.12213151509397782 1.826 1.308 0.001 0.083
J-ztfg 1D3 True F99 59761.73430980925 0.24510633957371417 6.062729512004836 0.03341691780663401 0.6482394424903035 0.3240072064158036 0.0335221404294571 0.053554271393434376 2.39 2.287 0.008 0.011
J-ztfg-ztfr 1D3 True F99 59761.71016548948 0.17701518168487487 6.051844563349146 0.029026278111712493 0.6632008477880416 0.2408817378643221 -0.013476783235328624 0.02561275609341023 1.326 1.252 0.135 0.187
J-ztfg-ztfr 2D True F99 59761.70318926775 0.17679947132999638 6.055821382068896 0.02951796020379863 0.655971187890202 0.2403046980506098 -0.007536276854929741 0.026694639406422502 1.313 1.215 0.144 0.218
J-ztfr 1D3 True F99 59761.49593447071 0.2661876757567734 6.146008192405958 0.13533615750416764 0.47876883309505736 0.3733828699502599 0.051561332991913546 0.0932804759804932 1.451 1.41 0.135 0.153
o  True F99 59761.933999403176 0.18248600025573536 6.532845185364724 0.8702688797665358 1.2662058946905699 0.26957922401174994 -0.48213982967671765 0.597095180193014 1.266 1.152 0.157 0.264
o-ztfg  True F99 59762.02959936352 0.12948479663200677 7.1485990818685385 0.027227216015309794 1.0807274733521661 0.17002407115874416 -0.06483192298089521 0.024158092216481426 1.207 1.094 0.176 0.316
o-ztfg-ztfr  True F19 59761.922616936936 0.13789878194728883 6.0834126135059705 0.028187218555459508 1.012886100937376 0.18407548422850104 -0.03809051991939514 0.02300308480968138 1.495 0.671 0.011 0.968
o-ztfg-ztfr  True F99 59761.94579387575 0.11226373661209085 7.150051155554337 0.026820812542776015 1.0080496863378805 0.1506844099923926 -0.04520262189163405 0.021748985152052782 1.344 1.011 0.05 0.452
o-ztfr  True F99 59761.8844960353 0.12830275879345115 6.551362072613495 0.32931520544365595 1.1415492560120164 0.18155476707302892 -0.46612125589701486 0.23375958542295122 1.028 0.94 0.422 0.581
ztfg  True F99 59763.61248567166 0.4695628246377108 7.621761860175036 0.5894373099884349 3.3510592357996387 0.8795019222362218 -4.403276973236967 0.8818647065892773 0.786 0.742 0.599 0.636
ztfg-ztfr  True F19 59761.81623125002 0.20794543408361518 6.091036981394645 0.0316789512102471 0.8728262082187299 0.29282777859522363 -0.007901239744483894 0.02944105477531494 1.317 0.6 0.155 0.916
ztfg-ztfr  True F99 59761.817554637884 0.18296066652055737 7.151820712179012 0.02974367485929885 0.7860381105006435 0.2503761441015428 -0.01861432354816171 0.027309427712535878 0.819 0.751 0.692 0.775
ztfr  True F99 59761.57455779326 0.25885958353970506 0.9043338819185711 5.424696724081658 1.0182585060817813 0.44545398622823573 -4.891547552108509 4.507110389300901 0.396 0.366 0.938 0.951