bps_used variant success reddening_law t0 e_t0 x0_mag e_x0_mag x1 e_x1 c e_c rchi2_data rchi2_data_model fitprob_data fitprob_data_model
c  True F99 58670.45570815017 2.58881213518443 5.5144221504458875 1.523146169170445 -3.864612235834473 1.1076991543609525 -1.3060276564007411 1.878966918093455 0.84 0.832 0.432 0.435
c-o  True F99 58666.614089439034 0.6259001542179732 6.753590595685646 0.10966350853299488 -2.2296343522738065 0.41808928015746577 -0.16869244754951024 0.08819364617077255 1.371 1.353 0.171 0.181
c-o-ztfg  True F99 58666.452181695495 0.4552615258841144 6.88536072287779 0.05481109379010499 -1.4739462010321103 0.28692395577935037 -0.09427805675395388 0.05376273602400934 1.308 1.288 0.171 0.184
c-ztfg  True F99 58665.446904008015 1.8236969895692956 6.836328038249997 0.17827243943921037 -0.9689703203035404 0.7774669897197751 -0.20667073960627053 0.3619554978299747 1.138 1.13 0.333 0.339
J 1D3 True F99 58665.340358202244 74.69134657181439 6.451621790639548 95.37183936429436 -18.614440145724046 168.67021024475463 0.060204196026256734 33.872426932287816 -1 -1 -1 -1
J-c 1D3 True F99 58664.686440683756 1.4129357260797026 7.083014271896507 0.14564983108119467 -1.7436001782988546 0.7200676476186578 0.18786326788063173 0.10798064951362492 1.95 1.93 0.099 0.102
J-c-o 1D3 True F99 58666.297482628 0.4685940854744593 6.991581992901574 0.08503705246418272 -2.244658947831722 0.3954195704504945 0.056776659182853545 0.05432643430347995 2.495 2.047 0.001 0.01
J-c-o-ztfg 1D3 True F99 58666.751961763795 0.3782704211812887 6.972097796714788 0.04764685685218933 -1.5582980568040639 0.2797171387991273 0.02638310298269899 0.033841771860782306 2.249 1.892 0.001 0.009
J-c-ztfg 1D3 True F99 58666.088777639445 0.6296496030327764 6.971734733835607 0.0487610154380036 -1.3722773031198676 0.34922236655184247 0.08573281708908302 0.04045409300918087 1.522 1.479 0.124 0.14
J-o 1D3 True F99 58665.602569083894 0.5782970611090497 7.403517354516533 0.1579177413018147 -2.98218249824465 0.7266888279560758 0.26796435133580626 0.08435500875590299 1.87 1.822 0.06 0.068
J-o-ztfg 1D3 True F99 58667.23061639088 0.5033238101359586 7.035126637220875 0.057182584453438635 -1.3428496306647797 0.3375877833915738 0.038824947245792385 0.03515254876251493 2.361 2.059 0.002 0.009
J-ztfg 1D3 True F99 58664.21992930908 1.148897607061014 6.905691401766108 0.08306755661401279 -0.6911708607690309 0.45051569379807843 0.138896052558095 0.04697670342799762 0.815 0.806 0.515 0.521
o  False F99 58633.42723875248 0.6936097072025793 7.100696555153874 -1.0 372601.1967557316 -1.0 -8.665238355889946 -1.0 None None None None
o-ztfg  True F99 58666.99385123998 0.6594992787763398 6.955778442947864 0.07240393177772328 -1.3076016487171067 0.33742809460690815 -0.06211787638480222 0.058255780944232824 1.363 1.348 0.169 0.176
ztfg  True F99 58667.445151996144 2.38545786099173 10.708151243700575 9.936813315026638 -2.0965142881336765 0.8085035571148623 6.094448326606583 13.098981173278734 0.174 0.169 0.841 0.845