bps_used variant success reddening_law t0 e_t0 x0_mag e_x0_mag x1 e_x1 c e_c rchi2_data rchi2_data_model fitprob_data fitprob_data_model
c  True F99 59277.468110078305 2.5588332227313138 9.334860788347942 1.1831826896410866 0.04266419538517366 3.084422447615192 0.4623147240595098 1.8746639963177607 0.196 0.195 0.899 0.9
c-o  True F19 59276.70799298735 0.7905950161068347 7.854602439347017 0.3322703879338595 -0.8272284723451899 0.9724950893335503 0.11654585489714203 0.22961915909007416 0.465 0.449 0.944 0.952
c-o  True F99 59276.71467971052 0.7666469767117772 8.918930876727249 0.32444954276597454 -0.843258784457334 0.9470881698997193 0.10865139671976898 0.2244136319956588 0.44 0.439 0.956 0.956
c-o-ztfg  True F19 59276.304107012984 0.2832022975904725 7.645305981153831 0.05783007282835908 -1.8090718770440808 0.3374177966042074 -0.004641635347461915 0.061168856303109954 0.558 0.513 0.947 0.967
c-o-ztfg  True F99 59276.302870609965 0.26586180169631934 8.707620473290033 0.0562284996320107 -1.8523807783375967 0.30990055004775724 -0.012698130804506614 0.05855348916248898 0.511 0.506 0.968 0.969
c-o-ztfg-ztfr  True F19 59276.127463884695 0.21023759596488303 7.583577919928226 0.0521148932411122 -2.1008505866498726 0.241732182946062 -0.046819487055158385 0.044112254741375895 0.582 0.46 0.979 0.998
c-o-ztfg-ztfr  True F99 59276.12151567858 0.18718802140321747 7.575863534100726 0.049628583990912946 -2.1877833528342645 0.20831682739454924 -0.053730889136100045 0.04181271760461978 0.573 0.56 0.981 0.985
c-o-ztfr  True F19 59275.9931576001 0.2949714279696143 7.398527947042526 0.20419738680220179 -2.178556550076272 0.31712222307367616 -0.20582036756902372 0.15403131269581713 0.626 0.496 0.937 0.988
c-o-ztfr  True F99 59275.999451287484 0.2521802195303887 8.439246739220513 0.18392900197057527 -2.2870785827560223 0.2622521319218992 -0.23152382095627222 0.13944731554079287 0.595 0.583 0.955 0.961
c-ztfg  True F99 59276.04005876327 0.3648895364233934 8.742272330839988 0.07130890648956698 -2.103310046197725 0.377363769763794 0.16447542731061146 0.1912910739169262 0.456 0.452 0.93 0.932
c-ztfg-ztfr  True F19 59276.10153816413 0.21918089655309303 7.617790347320307 0.052350099683373744 -2.128592681787171 0.24783590274429387 -0.04189431081859486 0.047295675867403575 0.643 0.5 0.918 0.984
c-ztfg-ztfr  True F99 59276.099138597914 0.19453498081860943 8.67268030954982 0.049760973826649076 -2.208414913608352 0.21350696628168567 -0.05907972029871992 0.04450645766187819 0.589 0.574 0.952 0.959
c-ztfr  True F99 59275.91355158671 0.26836709837760186 8.359642834637487 0.18930051059035596 -2.351824567331737 0.27070097540584803 -0.29994364453935807 0.14720388127876047 0.574 0.562 0.921 0.928
J 1D3 False F99 59277.00892533972 7.094891657399392 7.978221349183959 82.63100659943208 -15.153867477248713 22.2783943940693 -0.11440615357074786 29.340424169111028 None None None None
J-c 1D3 True F99 59277.39805056095 0.9753272919270518 7.929942092524746 0.2871516075440126 0.05597003034362117 1.600534617214877 0.06179418729354919 0.08684975582960319 0.184 0.184 0.981 0.981
J-c-o 1D3 True F99 59276.51829981097 0.4813323969624916 7.683835241200741 0.1354225257414993 -1.123328659406467 0.6600106537202223 0.00771751692455822 0.06397012490369015 0.405 0.402 0.982 0.983
J-c-o-ztfg 1D3 True F99 59276.32486984829 0.2628453412531013 7.607516847301433 0.05174579861504106 -1.842003388191305 0.30901668020639916 -0.012936790108676354 0.03628944053996845 0.471 0.467 0.987 0.987
J-c-o-ztfg-ztfr 1D3 True F19 59276.14486070195 0.20886183831797753 7.5955376944478505 0.048785911703521784 -2.0921126026426355 0.24172569060005936 -0.03147970134809235 0.03632112094786381 0.589 0.44 0.981 0.999
J-c-o-ztfg-ztfr 1D3 True F99 59276.14500271386 0.20884904709951183 7.633227260150788 0.04882961682349839 -2.0920844145380726 0.24172647931776317 -0.021929014420322666 0.03636044293782356 0.619 0.475 0.97 0.998
J-c-o-ztfg-ztfr 1D3 True O94 59276.14499678301 0.20882897651521914 7.633225725607826 0.048826300281930426 -2.092153088771204 0.2417001692652678 -0.021930648006430534 0.0363565478247933 0.622 0.477 0.969 0.998
J-c-o-ztfr 1D3 True F99 59276.19133703151 0.22652411401397854 7.6038720529852295 0.09126581450682618 -2.1534004970670884 0.25396463293212246 -0.02550000470704563 0.059427755697811634 0.654 0.625 0.93 0.948
J-c-ztfg 1D3 True F99 59276.26383946309 0.29462438388959483 7.602518096742568 0.052535652826263 -1.906544966704926 0.3296143521945193 -0.00782940088523109 0.039809781452488424 0.465 0.457 0.952 0.955
J-c-ztfg-ztfr 1D3 True F99 59276.123084293875 0.19296145776000373 7.59287219470523 0.04608017427809763 -2.201708179396385 0.2131490640360672 -0.03156139021539135 0.03460055662042835 0.607 0.57 0.952 0.969
J-c-ztfr 1D3 True F99 59276.15880414663 0.2402986370899501 7.600003972201356 0.09225699717629045 -2.1870578269920977 0.26187390290183554 -0.027612730049278347 0.059929842006213006 0.726 0.683 0.81 0.855
J-o 1D3 True F99 59276.67306108716 0.7445190221817927 7.602931103008898 0.2108345576702454 -1.3124734695313545 1.4915444967641427 -0.027661326778624887 0.10158766848476784 0.556 0.554 0.834 0.836
J-o-ztfg 1D3 True F99 59276.203767482555 0.3010635712877545 7.600311344785044 0.05352986731517838 -2.1032903403531904 0.3577898700938485 -0.014595554637593908 0.03689007411659299 0.476 0.471 0.965 0.966
J-o-ztfg-ztfr 1D3 True F99 59276.046549244755 0.19633696579485244 7.600891026107576 0.04778337087343294 -2.356939257475368 0.22228642155300274 -0.024621505665582386 0.03449652038456431 0.523 0.496 0.988 0.992
J-o-ztfr 1D3 True F99 59276.04069912489 0.2443575212170418 7.679682820347617 0.10366943482777823 -2.4408789321114996 0.2776561215216837 0.026886965191173996 0.06570136527409781 0.534 0.525 0.969 0.972
J-ztfg 1D3 True F99 59276.09328860574 0.34043559215617464 7.594964127605318 0.054248318545152996 -2.2237827461746127 0.3856004891072552 -0.007655845970003282 0.040631423461125575 0.412 0.408 0.895 0.898
J-ztfg-ztfr 1D3 True F99 59276.00627409409 0.2043302715157636 7.600211545874489 0.04785348968041575 -2.3984977191070165 0.2278049812100675 -0.024173949525941534 0.03543476805418366 0.514 0.475 0.97 0.982
J-ztfr 1D3 True F99 59275.980920473536 0.25901140204351536 7.680044710150018 0.10479299490116877 -2.5015151556347086 0.2864906336259669 0.027889116611952737 0.06608063861794583 0.519 0.505 0.924 0.932
o  True F99 59276.385756825075 0.8705009427611283 12.18692489679018 4.880355733684029 -2.250280180026608 1.4807459533873155 2.1448841074580827 2.804992793619724 0.707 0.703 0.644 0.647
o-ztfg  True F99 59276.15379239811 0.31082716767903806 8.695576028992086 0.05674401031743668 -2.140705839238631 0.3631936305119708 -0.027106800699934958 0.05964267298057213 0.522 0.519 0.922 0.924
o-ztfg-ztfr  True F19 59276.01896238212 0.22529378833881114 7.624544713513874 0.05374058729849624 -2.303211119515229 0.26397537018747613 -0.03338654045787087 0.0449545952077327 0.555 0.446 0.974 0.996
o-ztfg-ztfr  True F99 59276.01484077358 0.19842268976049782 8.682311773178576 0.05132036549996022 -2.372465603754107 0.22264838365024472 -0.04770101019086552 0.042649816197782346 0.502 0.493 0.988 0.99
o-ztfr  True F99 59276.029107136754 0.2525825627746495 8.89598797425077 0.5524500926939605 -2.445949963165432 0.2783327859615821 0.11249116214366803 0.4046347543712673 0.571 0.561 0.94 0.945
ztfg  True F99 59275.78801645041 0.5865834027286363 8.988969866760193 0.9018437684994517 -2.5395792798728403 0.6720857769611656 1.1185809999572363 2.5384037352692546 0.47 0.467 0.758 0.76
ztfg-ztfr  True F19 59275.97492082266 0.23541054712620876 7.622040536264218 0.05395958217750761 -2.3520287074667983 0.27165863847765903 -0.03649482665825324 0.04819712731956345 0.543 0.402 0.944 0.99
ztfg-ztfr  True F99 59275.97705289044 0.20636211895847917 8.679678183620155 0.05144988005774042 -2.4086236251725994 0.22850433204395562 -0.05233435066792359 0.04537426768680768 0.469 0.459 0.975 0.978
ztfr  True F99 59275.89116045677 0.3280686935036904 7.633318460272381 3.3772517664623267 -2.48060192982955 0.30003894337821874 -0.8537973325269328 2.639430145740994 0.575 0.56 0.85 0.862