bps_used variant success reddening_law t0 e_t0 x0_mag e_x0_mag x1 e_x1 c e_c rchi2_data rchi2_data_model fitprob_data fitprob_data_model
c  True F99 58910.5290256311 4.843563015996502 16.967644195961235 104.08361189400752 13669.64149292104 1312349.7875927696 -4.930201915033687 11.633915030636812 -1 -1 -1 -1
c-o  True F19 58908.32258461556 1.0820089005574487 8.407964411932664 0.4711388008604132 -1.1019026390617186 1.4188934605147436 0.08942262308128238 0.3247833774678496 1.058 0.992 0.392 0.45
c-o  True F99 58908.32506249877 1.063838371780267 8.049687072261793 0.46097082948402535 -1.102072036058485 1.3923383694623503 -0.009680201774001005 0.3179533878668884 0.184 0.184 0.998 0.998
c-o-ztfg  True F19 58908.3776163107 0.8877953646939949 8.34196082756647 0.07763683854040065 -0.5194748107502213 0.976844281326746 0.025440951673991255 0.0778319266088825 2.319 2.118 0.002 0.005
c-o-ztfg  True F99 58908.379781378884 0.8814451362841725 7.988081165986535 0.07673191978491561 -0.5139128950447793 0.967094544383539 -0.0705379071178052 0.07651879041675869 0.173 0.173 1.0 1.0
c-o-ztfg-ztfr  True F19 58907.92741439865 0.6821715690840792 7.986437031585813 0.0719796348505855 -0.9365070239221256 0.8566628107787984 -0.03367139744614553 0.06040469550943227 0.201 0.194 1.0 1.0
c-o-ztfg-ztfr  True F99 58907.92130901545 0.6723613658271523 7.991948602658839 0.07114514362166303 -0.9438824123458176 0.8421047533034075 -0.04531319563169312 0.05948172620668837 0.2 0.199 1.0 1.0
c-o-ztfr  True F19 58907.671403895976 0.7578443075149836 8.46782133175219 0.3413083261803371 -1.3643981173378126 1.0801368559641604 0.14936958488237814 0.25491461130758714 1.857 1.646 0.013 0.038
c-o-ztfr  True F99 58907.66453048887 0.743738778933979 8.109273332756526 0.33545328531416746 -1.3762667848942245 1.05308583948599 0.049503829596270935 0.25067376870286684 0.207 0.205 1.0 1.0
c-ztfg  True F99 58909.27795829295 1.947720442983633 7.987572847813523 0.07959417056007614 0.600086262113534 2.130232635683287 -0.34800432040971296 0.490051882367949 0.149 0.149 0.98 0.98
c-ztfg-ztfr  True F19 58907.94717848644 0.872009089710362 8.35102838212956 0.07404333982687009 -0.8802110977809037 1.0979818094646765 0.061992328973221364 0.06754683378843265 4.124 3.674 0.0 0.0
c-ztfg-ztfr  True F99 58907.9381434549 0.8568899422438302 7.996659666084365 0.07285290474035193 -0.891742640052428 1.0763011834251353 -0.034860964727185986 0.06610092077992458 0.254 0.252 0.997 0.997
c-ztfr  True F99 58907.49154578238 0.9673303764129605 8.19089391537518 0.40747680425326616 -1.6020588676995056 1.5365198804228426 0.12654496541106203 0.316715712511319 0.258 0.257 0.956 0.957
J 1D3 True F99 58908.15516541961 1.0953130782323457 8.55080021750562 68.73269686047254 4.565018560243565 26.721835679772994 0.0889444435045597 24.90646906123306 -1 -1 -1 -1
J-c 1D3 True F99 58908.154139235005 1.0307922116171926 8.731854368391396 1.2782878100548631 4.5968406969609 13.130042898890919 0.15472662424881958 0.34974888983812374 0.259 0.259 0.772 0.772
J-c-o 1D3 True F99 58908.469235441255 0.535703030285235 7.981538209451656 0.17903095763237253 -1.051688436446433 1.198408092893138 -0.06121915681038245 0.07586486303049408 0.165 0.165 1.0 1.0
J-c-o-ztfg 1D3 True F99 58908.43400460677 0.5109076315543458 7.990539668483793 0.07153197438231439 -0.4482716284614811 0.7312060191852644 -0.06639183820525273 0.03799727179945982 0.157 0.157 1.0 1.0
J-c-o-ztfg-ztfr 1D3 True F19 58908.12295365184 0.565868476370108 7.968388714812975 0.06291814152717101 -0.7316486387910256 0.7584015293347439 -0.059961623054825094 0.03713245095115174 0.221 0.195 1.0 1.0
J-c-o-ztfg-ztfr 1D3 True F99 58908.126404919276 0.5603522227825224 8.337317526933838 0.0635373204946094 -0.7248029127462992 0.7541138053257724 0.03814466604217762 0.03759343792182897 2.195 1.908 0.0 0.003
J-c-o-ztfg-ztfr 1D3 True O94 58908.12661852915 0.5601866371618512 8.33729688658288 0.06351043379856491 -0.7245720527968764 0.7539157306645573 0.03812681026795351 0.03754450152123165 2.408 2.079 0.0 0.001
J-c-o-ztfr 1D3 True F99 58908.15426388632 0.5746148215144783 7.950523040933651 0.11270670525844369 -0.8768317532382766 0.9035975301777727 -0.07508828204625148 0.05995898938439749 0.229 0.226 1.0 1.0
J-c-ztfg 1D3 True F99 58908.517300938125 0.542900094136209 8.000289855709394 0.07919293817983708 -0.2345003644444108 0.8254792797008026 -0.06432972579574284 0.03873492289951928 0.173 0.171 0.995 0.995
J-c-ztfg-ztfr 1D3 True F99 58908.288285402974 0.5760960102510072 7.9830313492401626 0.06552224091146969 -0.4820238850602926 0.8030134135195681 -0.06178069825308743 0.037052032916781455 0.262 0.247 0.999 0.999
J-c-ztfr 1D3 True F99 58908.197415617185 0.6219210584885314 7.946104185120431 0.12558126063310474 -0.7569234120256627 1.0856142244909306 -0.07678618663619988 0.061435207452791143 0.345 0.337 0.969 0.971
J-o 1D3 True F99 58908.431507262394 0.5826542239495296 7.9718039185729275 0.18892609608640543 -0.9907431155449702 1.3938020295685947 -0.06672146262865664 0.08399668088916144 0.158 0.158 0.999 0.999
J-o-ztfg 1D3 True F99 58908.409585661066 0.5401167893176446 7.988322542164781 0.07141412616398723 -0.4002839804718222 0.7662815378662263 -0.06743792601379776 0.03794288139450425 0.138 0.138 1.0 1.0
J-o-ztfg-ztfr 1D3 True F99 58908.18156125049 0.5461135643046245 7.976580003821005 0.06262596600966379 -0.6139856214472901 0.7451280622716212 -0.06542841849810059 0.03685102509817313 0.195 0.188 1.0 1.0
J-o-ztfr 1D3 True F99 58908.09984430057 0.6148610143893746 7.930897763426675 0.11690410531676727 -0.8366498452824226 0.9680939582034983 -0.08677525406274308 0.06327063202057057 0.21 0.209 1.0 1.0
J-ztfg 1D3 True F99 58908.50889012999 0.5740091518198381 7.997953641473231 0.07909501288654384 -0.14908472818427546 0.8729752197453865 -0.06494877550114739 0.038639621118058035 0.106 0.106 0.991 0.991
J-ztfg-ztfr 1D3 True F99 58908.265330668306 0.618231161525742 7.97981611025765 0.06551273013956287 -0.4492067059966116 0.8578481762187856 -0.06350570699725928 0.03707887458546121 0.248 0.231 0.997 0.998
J-ztfr 1D3 True F99 58908.175755727585 0.6793649217110804 7.921285349158609 0.12971305277294312 -0.644232506872644 1.1947340106596094 -0.09111944596094143 0.06484147046708745 0.326 0.324 0.943 0.943
o  True F99 58908.3553555766 1.2965120480964305 9.379669715672144 4.348337117619586 -1.3931717812632085 1.5468776654261538 0.9003762889526823 2.8726102867412053 0.17 0.17 0.995 0.995
o-ztfg  True F99 58908.27647212831 1.000483898553015 7.987506916802992 0.07636312046809395 -0.5373080812694442 1.0735817076380756 -0.06793523113516046 0.07620583777549413 0.153 0.153 1.0 1.0
o-ztfg-ztfr  True F19 58907.80710672279 0.743607304061044 8.341474690934614 0.07200229223065073 -1.0192663403259683 0.927909285043482 0.047907511462634014 0.06048138090998402 2.742 2.45 0.0 0.0
o-ztfg-ztfr  True F99 58907.80242184587 0.7323527571605822 7.987217793069619 0.0709144437118443 -1.0297884361738237 0.9115045019454586 -0.04872140009250721 0.05933774178512763 0.181 0.18 1.0 1.0
o-ztfr  True F99 58907.52117135529 0.7827890281000511 7.758196814606869 0.8899612229684014 -1.5446005005302956 1.1354889079093848 -0.21621807488203887 0.6801967916572956 0.182 0.181 1.0 1.0
ztfg  True F99 58911.50223077797 3.4738021535197436 8.101224095005279 0.878130172650428 3.0846815145645206 4.8548304452317925 -1.281655778753316 4.3888403902820095 0.09 0.09 0.913 0.913
ztfg-ztfr  True F19 58907.76407686395 0.9919752435479434 8.345498186723654 0.07368642517657671 -1.0355255155715286 1.2538939161509257 0.05801374570249679 0.06729495555982881 5.062 4.494 0.0 0.0
ztfg-ztfr  True F99 58907.75189451252 0.9711290766225318 7.9910770403197535 0.07247363966678201 -1.0556810325796004 1.2247404185602397 -0.0390275489025237 0.06585009847776302 0.225 0.224 0.994 0.994
ztfr  True F99 58907.150568631776 1.8679645035382593 8.797744619471336 14.939407863593694 -2.239278364871411 1.8256635267715797 0.5996519703294891 11.462388627278749 0.223 0.221 0.926 0.927