bps_used variant success reddening_law calibration Tmax e_Tmax DM e_DM st e_st EBVhost e_EBVhost rchi2_data rchi2_data_model fitprob_data fitprob_data_model
c-o  True O94 0 59247.010305346994 1.5768853420706916 37.31474424545477 0.29563944199628295 1.049223104654658 0.10962414995047531 -0.11218183846405033 0.10932084375763516 0.667 0.661 0.83 0.834
c-o  True F19 6 59247.013171960185 1.5767351593037564 37.2939746318059 0.21984382572741082 1.04916031072221 0.10966506932728118 -0.15443115626351037 0.10262729100933475 0.668 0.662 0.829 0.833
c-o-ztfg  True F19 6 59248.37679125753 0.6661160943111065 36.93280717970866 0.12393566960214983 0.9059838421703339 0.04888200224469496 -0.017891408290731967 0.0747561810947939 0.822 0.816 0.737 0.745
c-o-ztfg-ztfr  True O94 0 59248.47419939055 0.5392375739767183 36.95712208336116 0.09263073638496601 0.8806566987046665 0.04240092389464382 0.0018356703490320144 0.06576249401850545 0.743 0.738 0.901 0.906
c-o-ztfg-ztfr  True F19 6 59248.15122533803 0.5564238813806619 36.99339268099808 0.09420786531848795 0.904102681006834 0.04282383674553644 -0.05268039077051696 0.06499724346253753 0.788 0.782 0.848 0.856
c-o-ztfr  True F19 6 59248.25716522057 0.5502462118025403 37.08598044582566 0.5762391200247016 0.920102759542932 0.045806821161321336 -0.10807624882700265 0.06890710396669748 0.645 0.641 0.942 0.945
c-ztfg-ztfr  True F19 6 59247.35736475651 0.7972722730199179 36.986024276702004 0.09729757325478289 0.9265019584801115 0.053399000798294356 -0.049150728263342526 0.06687055017299263 1.033 1.025 0.415 0.428
J-c-o 1D3 True F19 6 59247.956774996695 0.6633709762831784 37.14509087133259 0.6001357188433187 0.9820809141440591 0.05734979120838713 -0.10359996343986552 0.07640826135973604 0.679 0.674 0.836 0.84
J-c-o-ztfg 1D3 True F19 6 59248.32188749653 0.6266659050780549 36.9102436719936 0.11463869494559423 0.902683842135961 0.048625700596588106 -0.008184928641199142 0.0711851577869843 0.875 0.869 0.665 0.675
J-c-o-ztfg-ztfr 1D3 True F19 6 59248.17900473638 0.5429553246469252 36.98621994408697 0.09274702086071847 0.9035989997146578 0.04256347985334304 -0.0482926792932949 0.06454154414573247 0.77 0.764 0.876 0.883
J-c-o-ztfr 1D3 True F19 6 59248.299098241725 0.5356731969060864 37.08078024227434 6.045979702234977 0.9201890843058336 0.04543008764348994 -0.10604234360115403 0.06800784484490975 0.624 0.62 0.959 0.962
J-c-ztfg-ztfr 1D3 True F19 6 59247.46184316173 0.7697791560960346 36.97381851244538 0.09567945581518966 0.9248707005371811 0.05324446361519578 -0.040846875026676485 0.06646245213095715 1.031 1.023 0.417 0.431
J-o-ztfg-ztfr 1D3 True F19 6 59248.65786883547 0.5002028748525018 36.9685276916734 0.08809101106750084 0.8930075620370134 0.039658582139373025 -0.023689304256952322 0.06350259767219553 0.448 0.445 0.999 0.999
J-ztfg-ztfr 1D3 True F19 6 59248.417266396515 0.6399782606123237 36.97823036492123 0.08782797531390361 0.9028477371960455 0.045438247170697554 -0.028865892386895065 0.06358308473482936 0.419 0.416 0.997 0.997
o-ztfg-ztfr  True F19 6 59248.69776862206 0.5131039239798213 36.96972810342168 0.08910324771604863 0.8901762424744466 0.04000655676813989 -0.027597097451271008 0.06404337657893393 0.471 0.468 0.998 0.998
ztfg-ztfr  True O94 0 59248.37929324903 0.6770332797003701 36.952957741411545 0.08897136202082156 0.903446065146861 0.04635371325090041 0.03155137820867313 0.06494028700989049 0.444 0.441 0.994 0.994
ztfg-ztfr  True F19 6 59248.38135628571 0.6770092426545923 36.98345184224321 0.0889690075832977 0.9033937880386701 0.04635914363559257 -0.03319779522851728 0.0641459657982711 0.444 0.441 0.993 0.994