bps_used variant success reddening_law calibration Tmax e_Tmax DM e_DM st e_st EBVhost e_EBVhost rchi2_data rchi2_data_model fitprob_data fitprob_data_model
c-o  False O94 0 58253.46104498608 0.34 29.335253273859657 0.24251439138923575 3.4632479660402407 0.03 0 0.06 None None None None
c-o  False F19 6 None None None None None None None None None None None None
c-o-ztfg  True F19 6 59758.46284174842 0.34635887063015647 35.43292197869782 0.10918855545131029 0.714301743009008 0.03491127850959155 -0.06472546842271654 0.06411432417004918 0.86 0.771 0.549 0.629
c-o-ztfg-ztfr  True O94 0 59758.130000052675 0.41915581183396866 34.78901526248613 0.24267288590976122 0.6133092613031477 0.06572448644394077 0.06840384572993255 0.07450984983279366 1.374 1.111 0.138 0.335
c-o-ztfg-ztfr  True F19 6 59758.237868707954 0.3491961866187355 34.93939490972857 0.1158129576542073 0.6389038656604963 0.03723947168078213 0.13223247839339564 0.0662409340240939 1.423 1.185 0.109 0.263
c-o-ztfr  True F19 6 59758.20643903993 0.34708837966756295 35.0582519528765 0.10609952558978342 0.6348920732834181 0.035082479390238536 -0.031566039231139216 0.06574592969124625 1.068 0.887 0.382 0.573
c-ztfg-ztfr  True F19 6 59758.643469332936 0.377046617258333 35.14037427035377 0.14364340482288954 0.7537018879852346 0.05405103783764375 0.09939731305046595 0.07027025388136104 0.908 0.838 0.509 0.569
J-c-o 1D3 True F19 6 59758.14595568529 0.3729638751642282 35.27058661014103 0.09499522996792678 0.7379768307104203 0.033666598607823166 -0.07002210068639608 0.0628768568776964 1.128 1.021 0.314 0.431
J-c-o 2D True F19 6 59758.05179834823 0.3869634536690817 35.15462178800592 0.10865291791077424 0.6810700055524856 0.03417723274003796 -0.06444977600605549 0.06272114486623141 1.014 0.896 0.438 0.578
J-c-o-ztfg 1D3 True F19 6 59758.61810657052 0.3501043593518685 35.38590493657122 0.08295062549457753 0.7954901365177447 0.03292325249096621 0.011169438225840551 0.061680451204950054 1.107 1.035 0.329 0.415
J-c-o-ztfg 2D True F19 6 59758.66949009791 0.3507649627802543 35.246992287387485 0.09052819391546713 0.7186876642635844 0.03409232379860955 0.011997092777772281 0.06258128860323335 1.107 1.018 0.331 0.436
J-c-o-ztfg-ztfr 1D3 True O94 0 59758.436972595155 0.34789760420102506 35.338910326761194 0.08450822177667182 0.8088653835004943 0.032518179113398805 0.06606039062078019 0.06205147744950927 1.177 1.097 0.25 0.336
J-c-o-ztfg-ztfr 1D3 True F19 6 59758.445264164664 0.34771866627506187 35.35686349377847 0.08393443982478344 0.8017865737726801 0.03283449156349944 0.036460089800608164 0.06134439680782482 1.175 1.094 0.252 0.34
J-c-o-ztfg-ztfr 2D True F19 6 59758.435976598485 0.3461936512289783 35.22481563846534 0.08972339814838501 0.7446489692534551 0.03341330636518037 0.05716164217904626 0.06154038500290851 1.078 1.0 0.359 0.462
J-c-o-ztfr 1D3 True F19 6 59758.40082821057 0.3467281382702859 35.277102597931204 0.09568457703323806 0.7316843356247792 0.03329476802321118 -0.06796544090531302 0.06274494452968349 1.058 0.956 0.387 0.517
J-c-o-ztfr 2D True F19 6 59758.344746866875 0.345784318981864 35.174671424878355 0.1037637236395425 0.6789160762848352 0.032953868682156766 -0.06580897186223898 0.06274775569278772 0.944 0.838 0.526 0.663
J-c-ztfg-ztfr 1D3 True F19 6 59758.38172788001 0.39276741597083825 35.36290361149994 0.09755064241029862 0.8093322984546225 0.04762362003354085 0.05027659924252233 0.06745290704403736 1.34 1.238 0.188 0.25
J-c-ztfg-ztfr 2D True F19 6 59758.48466113539 0.38175506774714935 35.25964368169767 0.10701815116357691 0.7833577252902431 0.0466686843409525 0.07552146573870289 0.066695596300287 0.944 0.889 0.501 0.557
J-o-ztfg-ztfr 1D3 True F19 6 59758.562148510195 0.34559355369656153 35.27296215693734 0.08464653116759042 0.7807859324641592 0.03203984001837857 0.03838864178673352 0.06107404282836549 1.067 0.986 0.38 0.471
J-o-ztfg-ztfr 2D True F19 6 59758.46057677872 0.3444073017969248 35.139983550286715 0.08965168994747083 0.7271970370891064 0.032046616373789784 0.07479004757521056 0.06120452503036134 0.84 0.776 0.648 0.723
J-ztfg-ztfr 1D3 True O94 0 59758.79976666939 0.6213133753865699 35.29646480386548 0.11654631778303462 0.8323385408054562 0.09667760204677645 0.07223950798399972 0.07160109733121817 0.969 0.885 0.435 0.49
J-ztfg-ztfr 1D3 True F19 6 59759.57683963785 0.9364599297040851 35.51139259844517 0.10273967326673177 1.0690761348694826 0.10351013665754673 0.057668367132671074 0.06970874735789416 1.168 1.098 0.323 0.356
J-ztfg-ztfr 1D3 True O94 6 59759.57392044984 1.3015102278446582 35.503888228741964 0.12238229480933885 1.0693071878174516 0.14920542627803932 0.06259164770631818 0.08120807409176509 1.14 1.065 0.335 0.372
J-ztfg-ztfr 2D True F19 6 59760.11877704821 0.770904998681454 35.445997206637976 0.09927853752529162 1.0808694353145234 0.08206523664116719 0.06699744278429239 0.07167265592319264 1.102 1.06 0.347 0.365
o-ztfg-ztfr  True F19 6 59758.16856626944 0.34378228059905797 34.9001561540172 0.10219064765439227 0.6468756313949379 0.032950590768517043 0.16474322599417815 0.062495858888308595 0.705 0.61 0.735 0.822
ztfg-ztfr  True O94 0 59758.85434716875 0.3534846682388354 35.13411396449058 0.08609849940972462 0.7759890619561731 0.03521334149744672 0.08066296427940517 0.06006417984053205 0.005 0.004 0.944 0.95
ztfg-ztfr  True F19 6 59758.854081975864 0.34460414950824325 35.16895546410264 0.08118304189997075 0.7759229784489797 0.031852626617199 0.06749389733878251 0.06025294167829816 0.005 0.005 0.944 0.944