bps_used variant success reddening_law t0 e_t0 x0_mag e_x0_mag x1 e_x1 c e_c rchi2_data rchi2_data_model fitprob_data fitprob_data_model
c  True F99 58614.66279578452 6.417060356855809 9.530695108781835 5.6617806917685645 1.9023150097026433 19.43061379393225 0.5957478845843064 8.535294291702698 -1 -1 -1 -1
c-o  True F19 58617.21868019722 0.8221011338357056 8.007685241414492 0.2986414874957251 -1.2681099497456043 1.0355794125652844 0.029418044420187257 0.20746329245258832 2.645 2.376 0.0 0.001
c-o  True F99 58617.22976966048 0.7986142395446661 8.700720186782874 0.28838855023325044 -1.238056361230535 1.0163741974648668 -0.08150110278974085 0.20060832660627909 0.824 0.823 0.673 0.675
c-o-ztfg  True F19 58616.87509424222 0.5480421012054727 7.982820630991119 0.2123050797004578 -0.9382254517507151 0.9364260898503026 0.0013636861253213616 0.14155541194455357 2.889 2.624 0.0 0.0
c-o-ztfg  True F99 58616.88818463824 0.5359276349630419 8.676413224409384 0.2063304185955415 -0.9145177812939357 0.921145062203056 -0.10945689052726872 0.13756766052169458 0.757 0.754 0.783 0.786
c-o-ztfg-ztfr  True F19 58616.54804690007 0.46909935711802614 7.683883110339606 0.1483950838133028 -0.3799846596015056 0.6828753914218051 -0.024121083422227633 0.10198968582332704 0.748 0.726 0.838 0.862
c-o-ztfg-ztfr  True F99 58616.545223357796 0.45937365884920917 7.6967247843127655 0.1441006268814548 -0.3529827583749866 0.6682038269543373 -0.0350255113554821 0.09918813717186273 0.744 0.741 0.842 0.845
c-o-ztfr  True F19 58616.54102640851 0.6234856067458981 8.212206673157649 0.21120435270148444 -0.5278312370947136 0.7297588513237004 0.16383100864308947 0.15597372932882497 3.361 2.967 0.0 0.0
c-o-ztfr  True F99 58616.53617489862 0.6062794619207419 8.904599256215983 0.20516220183281178 -0.4995511010438177 0.7135048090900762 0.05170946089824186 0.15193459164469236 0.814 0.812 0.734 0.736
c-ztfg  True F99 58615.26388772161 2.9886742393113517 9.188642945371354 0.5999038407283437 2.9325896094566013 5.6762138543406895 0.04022704533193147 0.4714775526100366 0.031 0.031 0.993 0.993
c-ztfg-ztfr  True F19 58616.19214894838 0.6062916875153532 8.250163477098607 0.17775615214020057 0.46188087971412445 1.012345424624191 0.15679938193163778 0.12018868740953872 6.341 5.615 0.0 0.0
c-ztfg-ztfr  True F99 58616.19434269924 0.5962957623968117 8.937306701256617 0.17220378367898911 0.45954425255210174 0.9859497460464273 0.04066402194284649 0.11664000834952919 0.548 0.542 0.857 0.862
c-ztfr  True F99 58616.08037482955 0.7857960361342438 9.061608796436452 0.24077055686914153 0.16500077996689033 1.053941180855678 0.15326633855237115 0.18553386496235916 0.746 0.742 0.613 0.616
J 1D3 True F99 58621.06517639499 6.4482883180881885 18.615440887248592 28.15580965114796 20.12813043423659 84.75015537326918 3.6430710112294653 10.259292023089262 -1 -1 -1 -1
J-c 1D3 True F99 58615.03753679783 1.401572502961955 8.238917672091882 0.2996908632333034 3.3910019782600562 4.0231448582627465 0.2283130411426682 0.11555965088942605 0.785 0.772 0.456 0.462
J-c-o 1D3 True F99 58616.77603745337 0.9641842785212267 7.777729257453509 0.1703906452195309 -0.8563165940861561 0.9097503999811276 0.04712795227563672 0.1029005781232649 1.014 1.011 0.441 0.445
J-c-o 2D True F99 58617.15682908222 0.816043438136533 7.638277022163303 0.1875003806752046 -1.0979301799259018 0.9293433668527794 -0.05445075859763908 0.11543667690361567 0.836 0.834 0.677 0.679
J-c-o-ztfg 1D3 True F99 58616.71746548565 0.5778899956365247 7.738170402984367 0.13721724736197558 -0.29380934076552834 0.7878565397782092 0.01041889151606385 0.07454663901543451 0.825 0.815 0.713 0.727
J-c-o-ztfg-ztfr 1D3 True F99 58616.421333976614 0.4969820852529273 7.807860341906741 0.10465655087538209 -0.006425756319908202 0.6263710640772442 0.05122689897994697 0.06292783306037815 0.891 0.88 0.643 0.661
J-c-o-ztfg-ztfr 2D True F19 58616.51459743064 0.4776862941603717 7.7129120514810605 0.12336354755661794 -0.284937588094597 0.6480966108070182 -0.0026560604336996274 0.07907006480024362 0.752 0.725 0.847 0.876
J-c-o-ztfg-ztfr 2D True F99 58616.511403673176 0.47873789049924176 8.147430550484874 0.12377847509974796 -0.2446693710886007 0.6496778522423372 0.10996915515784617 0.07956797985163075 2.91 2.611 0.0 0.0
J-c-o-ztfg-ztfr 2D True O94 58616.511431206076 0.4786142650608545 8.147433890179014 0.12370823846926364 -0.24453496973188144 0.649436615547083 0.10996261300726615 0.07951503970973599 3.178 2.844 0.0 0.0
J-c-o-ztfr 1D3 True F99 58616.447810195685 0.6184644220851581 7.827947599199915 0.11601076861935877 -0.4291031826073046 0.7032155554666748 0.06765069845590568 0.07500317143037513 0.823 0.821 0.736 0.739
J-c-ztfg 1D3 True F99 58614.994159319656 1.2081181435196064 8.238299274644124 0.24410075786224544 3.9993816373990927 2.9075392068483685 0.22133022237598382 0.10080758802649231 0.299 0.292 0.938 0.941
J-c-ztfg-ztfr 1D3 True F99 58616.08947031111 0.6110877115207178 7.903671762994276 0.13072259634909053 0.7454404908866703 0.935729169072137 0.08980033384581093 0.07053254126362847 0.607 0.599 0.851 0.857
J-c-ztfr 1D3 True F99 58615.95685287414 0.7845670530877955 7.929159086059212 0.13982322808384745 0.2789552110777902 1.0542067331931086 0.11854851815441064 0.08312027898379033 0.761 0.756 0.652 0.658
J-o 1D3 True F99 58618.05162215873 1.4322376142906135 7.675122216486498 0.18870975889399894 -1.0143209766894508 1.1050367360979911 -0.03812541026133126 0.11492086434923082 0.971 0.969 0.491 0.493
J-o-ztfg 1D3 True F99 58616.66528682996 0.6399354187797548 7.705127526528899 0.14204334324174195 -0.30709216442480924 0.7891614808734833 -0.0027327143798673145 0.07628560479245021 0.91 0.893 0.582 0.605
J-o-ztfg-ztfr 1D3 True F99 58616.4461140945 0.5049857503750417 7.765170352585411 0.10921354274170435 -0.0830768198361073 0.6303015609252589 0.022866694068699192 0.06474965896229944 0.846 0.831 0.707 0.728
J-o-ztfr 1D3 True F99 58616.20109345236 0.7443395570586008 7.855758342554282 0.12935944337011282 -0.4403508461010458 0.7482914299353468 0.09398550421436871 0.08474629181847662 1.054 1.051 0.389 0.393
J-o-ztfr 2D True F99 58616.478059751884 0.6991355784145459 7.7229586399340135 0.159396337078585 -0.4508605836891227 0.7525914138040035 -0.005622615812022426 0.1091332081385263 0.899 0.897 0.611 0.615
J-ztfg 1D3 True F99 58614.903715921304 1.2430329493792174 8.264782098010283 0.37375606535440814 4.58227142368837 4.367123968149498 0.2302754481229514 0.12475264087249302 0.476 0.462 0.699 0.709
J-ztfg-ztfr 1D3 True F99 58615.92142160087 0.6459330048996745 7.893488218657303 0.13672305350386574 0.7440320624417269 0.947481317661524 0.09670769063447199 0.07303992859346065 1.006 0.984 0.435 0.454
J-ztfg-ztfr 2D True F99 58616.098508513336 0.6025558652587348 7.802478619435284 0.15224264071793284 0.4337981698428538 0.9545436018010786 0.027048229857718313 0.08742569999214413 0.68 0.676 0.744 0.748
J-ztfr 1D3 True F99 58615.88716891577 0.8459489720822672 7.906322831498381 0.15116845745880525 0.23981134363112833 1.1292953522858722 0.10947293708706307 0.09109224520487129 1.102 1.096 0.358 0.362
o  True F99 58616.83590816615 1.34274533194288 3.477286816667 5.1916626758597895 -0.09176467390751832 1.3681155834526046 -4.297434100595218 4.6501918712882855 0.29 0.289 0.997 0.997
o-ztfg  True F99 58616.80759231761 0.5554800866186553 8.575263999927603 0.23210088687585395 -1.159461883842055 0.9628597285479051 -0.16740700052187277 0.15174377926654398 0.804 0.803 0.704 0.706
o-ztfg-ztfr  True F19 58616.45657218188 0.4861493452894123 8.027432787857549 0.16355303264366053 -0.5196509953884484 0.7017349127102075 0.028827376201561623 0.11044558236951264 3.401 3.009 0.0 0.0
o-ztfg-ztfr  True F99 58616.45881330367 0.47508525796379464 8.722652643539918 0.1583399539399214 -0.4904131272100832 0.6855982986276494 -0.08169636215615964 0.10699186668470397 0.781 0.779 0.782 0.784
o-ztfr  True F99 58616.476218066324 0.6903907297075927 8.528634204629137 0.7590891700936974 -0.48519312523551844 0.7574416271803979 -0.22631425184871026 0.5679497793597734 0.902 0.899 0.596 0.601
ztfg  True F99 58614.52914144152 9.284325391271418 9.73765274594777 3.3786669260196973 2.8138904277658137 22.845183116231535 1.7648779291326893 10.090452291425564 -1 -1 -1 -1
ztfg-ztfr  True F19 58616.13198067593 0.6089175360520874 8.17130623787191 0.19715187270532222 0.2395862651571079 1.0473235917716237 0.11018510851214341 0.12962765677452953 7.509 6.576 0.0 0.0
ztfg-ztfr  True F99 58616.13287137088 0.5986465221891201 8.860415831062767 0.19072364494893385 0.2422245401598678 1.018087621340777 -0.0048126771837723155 0.12557531263309435 0.648 0.644 0.716 0.719
ztfr  True F99 58615.60684044995 1.084433611020712 4.159097598724719 5.14982450838535 0.26882353386554614 1.1216511808728464 -3.9012919418709604 4.542372056113718 1.166 1.159 0.321 0.324