bps_used variant success reddening_law calibration Tmax e_Tmax DM e_DM st e_st EBVhost e_EBVhost rchi2_data rchi2_data_model fitprob_data fitprob_data_model
c-o  True O94 0 59602.846303442704 0.9600935603072642 37.45448575064736 0.1125689996747244 1.050589828802093 0.05786036080081049 0.10666244720025501 0.08138197571531802 0.245 0.244 1.0 1.0
c-o  True F19 6 59602.846776315404 0.9600360231430249 37.47967888897574 0.1077270734197582 1.0505663225307842 0.057854487248675944 0.06625697957263905 0.08212492755912046 0.245 0.244 1.0 1.0
c-o-ztfg  True F19 6 59601.22155547099 1.209436724909539 37.68997010385913 0.0993164874859888 1.20379778264651 0.05140248597352686 -0.012003199394541017 0.07674163037057113 0.258 0.255 1.0 1.0
c-o-ztfg-ztfr  True O94 0 59600.31217392103 1.5539178966391152 37.60723504394663 0.11035240680454647 1.2626728332446695 0.050384419980208255 -0.022101205567260824 0.08652447253193594 0.305 0.3 1.0 1.0
c-o-ztfg-ztfr  True F19 6 59599.91851398061 1.5462164459113794 37.699063668962246 0.10455962091420831 1.2841368197280114 0.0498310700017004 0.0133685828912376 0.07970210234173446 0.326 0.321 1.0 1.0
c-o-ztfr  True F19 6 59600.22084943857 1.642798801983495 37.591561461953106 0.11288118889371038 1.265780241116265 0.05218656912342233 0.09274781590191578 0.0861308040050204 0.387 0.382 0.996 0.997
c-ztfg-ztfr  True F19 6 59599.7239025599 4.289606952253564 37.646907688863905 0.19384332931001905 1.3516680012246503 0.0881657859427437 0.10858404702443794 0.12151807450402712 0.413 0.407 0.941 0.944
J-c-o 1D3 True O94 0 59600.44970444843 0.9500837665967442 37.69997082081299 0.11062059647872319 1.1557592889323773 0.06387608165109117 -0.07294231686387659 0.0694765964486531 0.545 0.533 0.965 0.97
J-c-o 1D3 True F19 6 59600.563769402 0.6629833989374034 37.63960895736575 0.09151349187997491 1.2105820594828887 0.04546164671925672 0.012871057189835817 0.07156054375078422 0.314 0.31 0.999 0.999
J-c-o-ztfg 1D3 True F19 6 59600.16958385449 0.6505306658331654 37.694935210327706 0.0914616676439107 1.2475201299155179 0.04469004829275175 0.004447878657771006 0.07084320764166026 0.274 0.27 1.0 1.0
J-c-o-ztfg-ztfr 1D3 True O94 0 59600.44342219845 1.0436623107398006 37.62345346196346 0.10265890668301676 1.1740133702963482 0.06515894300799428 0 0.06 1.021 0.916 0.433 0.596
J-c-o-ztfg-ztfr 1D3 True F19 6 59600.21878819768 0.6759318472838531 37.67779782130346 0.092731709516653 1.273236116215161 0.03910323052370741 0.01709537530216741 0.06945673606192834 0.3 0.295 1.0 1.0
J-c-o-ztfr 1D3 True F19 6 59600.125690757646 0.7275796555693262 37.63306890524479 0.09551395914383495 1.273308616498039 0.040346092567258775 0.05902132102512003 0.07158149196486474 0.359 0.354 0.999 0.999
J-c-ztfg-ztfr 1D3 True F19 6 59615.13939645069 1.1991316904793599 37.46629667569486 0.34102964597150337 0.9615002047453661 0.11170743013422554 0.2861104527286612 0.16871386548158068 15.163 5.593 0.0 0.0
J-o-ztfg-ztfr 1D3 True F19 6 59601.13189427021 0.7426312529982071 37.698227742150124 0.09576054271831345 1.2303280551447786 0.042263434064649864 -0.06021503824295249 0.08135943509211024 0.315 0.31 0.999 0.999
J-ztfg-ztfr 1D3 False O94 0 59600.27698510379 2.255718994939011 37.74776645690264 0.2966593349225403 1.2723937977634572 0.22513174612889367 0 0.06 None None None None
J-ztfg-ztfr 1D3 False F19 6 None None None None None None None None None None None None
o-ztfg-ztfr  True F19 6 59616.09930578196 8.252995915195932 37.8457252608461 0.2641337563929128 1.6668891772300816 0.32239594004726724 0.7445359750044824 0.12355651791418358 0.387 0.386 0.962 0.962
ztfg-ztfr  True O94 0 59611.68620321707 22.95959780541828 37.630984120743456 1.2339605797358517 1.7055690833429458 0.8758252721857274 -0.030805375443676432 2.359413218247505 0.163 0.162 0.85 0.85
ztfg-ztfr  True F19 6 59611.684096708224 22.956255063061448 37.56700298162893 0.6204693806225988 1.705702573922359 0.8756880958668066 0.8252860818337382 0.22972906116530684 0.163 0.162 0.85 0.85