bps_used variant success reddening_law t0 e_t0 x0_mag e_x0_mag x1 e_x1 c e_c rchi2_data rchi2_data_model fitprob_data fitprob_data_model
c  True F99 59757.7091707219 3.0798561394391712 14.98276886548234 11.704783383793414 -3.0381988851110826 1.2649060344007566 6.072761699923319 9.510317892338708 -1 -1 -1 -1
c-o  True F19 59757.74844503735 1.5997067147134505 8.070109624417189 0.28393779926774454 1.3132628657987877 1.3784809511570042 0.3716701580769093 0.24122710535732897 2.242 2.132 0.081 0.094
c-o  True F99 59757.71442091474 1.590614301156426 9.092400214373978 0.2799927621971744 1.3429707993333473 1.3627098508357585 0.34274261168521125 0.2365385917457087 1.936 1.922 0.121 0.124
c-o-ztfg  True F19 59758.34764339781 0.5308332571934756 8.197984756695769 0.08619530650228993 1.1776918037698842 0.913915400664548 0.48208361122165994 0.08753030391071596 1.145 1.044 0.326 0.401
c-o-ztfg  True F99 59758.358592645614 0.5251093000772175 9.226130302527068 0.0848356265245131 1.2046403641127812 0.9000719208711736 0.4580514704836498 0.08528027661472792 0.718 0.712 0.693 0.699
c-o-ztfg-ztfi  True F99 59758.3157523337 0.5372532035004882 8.116705709504696 0.0847644731941571 1.4383975751782725 0.8774025675835911 0.4116983144165696 0.05564645109730466 0.699 0.689 0.727 0.736
c-o-ztfg-ztfi-ztfr  True F99 59758.21855978372 0.4022490639290692 9.20972958810723 0.0595683313352458 1.3288852443068264 0.4532867334717983 0.43647862678232946 0.0416216432605835 0.675 0.654 0.862 0.881
c-o-ztfg-ztfr  True F19 59758.3216862813 0.414681119137727 8.1306035521735 0.06324800626805056 1.1850191867720192 0.4761770889704061 0.4755311302230788 0.05104110802197624 0.611 0.559 0.908 0.942
c-o-ztfg-ztfr  True F99 59758.326346405076 0.40168333392327144 8.129735208539262 0.06178678702623922 1.170926502540698 0.45432446444061053 0.4721219553501152 0.04961360854337774 0.611 0.605 0.908 0.913
c-o-ztfi  True F99 59757.75069855624 1.1255546238793523 9.098951242193252 0.1956305235151523 1.325530337692717 1.246417194907937 0.349686161806987 0.10610590349729536 1.452 1.442 0.214 0.217
c-o-ztfi-ztfr  True F99 59758.028207034615 0.5644450365515782 9.091739266432857 0.1242273341194805 1.2975325708100875 0.48397650631222827 0.3589403553302899 0.08302091520650881 0.818 0.804 0.658 0.674
c-o-ztfr  True F19 59758.19801274843 0.6252235504456632 8.144357954233477 0.176141860974128 1.2214903313280652 0.5212328780372846 0.4489908050194516 0.13354663948793674 1.091 0.952 0.36 0.501
c-o-ztfr  True F99 59758.21072122812 0.5937857140278097 9.170232502550057 0.17111782212778812 1.1977588863911097 0.4944854860739918 0.42641730086371044 0.1295627707041992 0.835 0.827 0.631 0.64
c-ztfg  True F99 59758.19367342135 0.5139712960110415 9.173923995616073 0.11093395850731924 0.1375850580245644 1.0336263789959326 0.5016565184259235 0.1761038770264742 0.765 0.756 0.575 0.581
c-ztfg-ztfi  True F99 59758.30528201884 0.5083888415257443 9.130375655826798 0.09730010881155685 0.3788153436157299 1.0174361333282569 0.36285836067424804 0.06680300708265277 0.763 0.747 0.599 0.612
c-ztfg-ztfi-ztfr  True F99 59758.197199630304 0.41949126096279926 9.196166446905014 0.0606963027550041 1.1580401040665995 0.4717720787035813 0.43295555650485673 0.04274178418079683 0.743 0.715 0.76 0.791
c-ztfg-ztfr  True F19 59758.30235158815 0.4296414788409357 8.191188296651031 0.06489269301092536 0.9929315820438799 0.49359785407304607 0.4954033774967884 0.0533143415470052 1.028 0.895 0.422 0.574
c-ztfg-ztfr  True F99 59758.31165961756 0.41570148419384617 9.217337867663131 0.06303310511701349 0.9816190390864743 0.47051310867624196 0.4724535420536827 0.051620870084818284 0.641 0.634 0.853 0.859
c-ztfi  True F99 59756.50146704146 3.666197149832102 8.66073614301063 0.33296296800963593 -1.8482671894661808 1.6672808411524511 0.1742659760901576 0.12099681325430867 -1 -1 -1 -1
c-ztfi-ztfr  True F99 59757.95869443816 0.6355844499923948 9.066670334139463 0.12549669601001778 1.1014996157437156 0.5067511413726173 0.3488933611996189 0.08423305417172935 0.955 0.937 0.486 0.503
c-ztfr  True F99 59758.191123382305 0.6578792266669012 9.162834138837797 0.1802072158680815 0.9845908541866276 0.5177499045334902 0.43189031825915847 0.13822642865340465 0.979 0.969 0.459 0.468
J 1D3 True F99 59757.503227783556 4.48010115239325 22.658886346028048 23.43262558987778 -7.126136967740042 24.490686360616493 5.152325423703472 7.987168405620401 -1 -1 -1 -1
J-c 1D3 True F99 59758.119104824495 0.27303928064021354 7.76842944222726 0.1620280474101769 -2.4048221604134676 1.5055851782778389 0.3290330025305734 0.05619470293579252 1.188 1.092 0.305 0.336
J-c-o 1D3 True F99 59758.238905959384 0.2726458533093246 8.042516820884988 0.13512749150676143 1.2292501534353888 1.2310872681779759 0.38557824908704513 0.051005647716049006 1.197 1.171 0.305 0.319
J-c-o 2D True F99 59758.172428787206 0.3029776474538202 8.032487789724591 0.13910488663713738 1.308671391710635 1.2610505250874886 0.37228666100463004 0.057544434192136056 1.029 1.018 0.404 0.411
J-c-o-ztfg 1D3 True F99 59758.328878850734 0.23400990427657933 8.107663096870484 0.07623404996734598 1.203043968454954 0.8848408534578628 0.42429076513779307 0.03298735891029977 0.746 0.703 0.707 0.75
J-c-o-ztfg-ztfi 1D3 True F99 59758.3363992073 0.23734931455472974 8.121482436233226 0.0741235090550758 1.4094654871579855 0.8480158817272793 0.421710905433053 0.03300257185956391 0.714 0.681 0.751 0.784
J-c-o-ztfg-ztfi-ztfr 1D3 True F99 59758.295602230326 0.21722452811709445 8.099283383589281 0.052527643944300706 1.3072929447592818 0.4536139611539844 0.4243285638240209 0.028768731190007578 0.73 0.66 0.826 0.894
J-c-o-ztfg-ztfr 1D3 True F99 59758.24407549555 0.22057888699840952 8.086851579078937 0.05232691123710361 1.242120606611694 0.46237651580564476 0.41799646016418257 0.029207269363672645 1.0 0.657 0.46 0.891
J-c-o-ztfg-ztfr 2D True F19 59758.22012973448 0.38001956484057153 8.094922689362956 0.05611639617812489 1.2667037283748666 0.4851027821226848 0.4289149904735027 0.035605317519620136 0.753 0.563 0.793 0.953
J-c-o-ztfg-ztfr 2D True F99 59758.22281557099 0.3796056049723846 8.167307197339285 0.05614324756976841 1.2641493592738922 0.4847100430298967 0.447608634568318 0.03564869631195283 0.981 0.761 0.486 0.784
J-c-o-ztfi 1D3 True F99 59758.3272108496 0.26208329029574295 8.097040595609734 0.12488893477296413 1.5649096167694925 1.1074794255951037 0.40991426834786515 0.051163879338252886 1.284 1.178 0.254 0.311
J-c-o-ztfi-ztfr 1D3 True F99 59758.284889461436 0.2362153216057018 8.037271142931944 0.0806091868416986 1.2802249080433497 0.4791482058455616 0.3922739408814216 0.04243924158134618 0.838 0.798 0.657 0.705
J-c-o-ztfr 1D3 True F99 59758.29636461062 0.23271622389021926 8.036434806506113 0.07990755088262488 1.1790374486509123 0.4849337095554159 0.399242423614354 0.04286637982788567 0.826 0.798 0.665 0.697
J-c-ztfg 1D3 True F99 59758.269532905164 0.23153161580183054 8.031705325990352 0.08541367296316087 0.14319614377842885 1.0023356548183429 0.40407282661659594 0.03504790219815311 0.762 0.724 0.636 0.67
J-c-ztfg-ztfi 1D3 True F99 59758.28981545072 0.23687039653033373 8.059941009499706 0.0829852236107869 0.5373892268682143 0.9740205644127194 0.40174258650155226 0.03565864051758536 0.9 0.753 0.524 0.661
J-c-ztfg-ztfi-ztfr 1D3 True F99 59758.28669642958 0.21922183044033577 8.085492027803209 0.0533597109037887 1.1257716772643247 0.4710892578431528 0.4203649742814083 0.029088663883507268 0.792 0.713 0.727 0.818
J-c-ztfg-ztfr 1D3 True F99 59758.296183853236 0.21545672531005786 8.082223164306347 0.05306096997834053 1.0141796917651185 0.4750119823165542 0.42752258334257376 0.029706247254200097 0.942 0.693 0.529 0.83
J-c-ztfi 1D3 True F99 59758.21441190872 0.27282483420467113 7.94827297167825 0.15080623307051566 -0.5148643442450195 1.5357919481744409 0.3642849833885119 0.05798545043362086 3.174 1.866 0.023 0.133
J-c-ztfi-ztfr 1D3 True F99 59758.273483247496 0.24020953540187465 8.018514019106124 0.0813341382914375 1.075944197331509 0.49948787203928896 0.3865214047011735 0.04256009954439856 0.964 0.906 0.488 0.552
J-c-ztfr 1D3 True F99 59758.28575243559 0.2359334636973043 8.016778433125076 0.0804985443498454 0.9574394758798852 0.5046553894653535 0.3941715115109533 0.04291344091954682 0.936 0.9 0.514 0.553
J-o 1D3 True F99 59758.42416372083 0.27096894919739445 8.276908445011049 0.32802052522459674 2.9547483262196392 1.74531617295859 0.46876060119694385 0.11490523190603147 0.851 0.713 0.466 0.544
J-o-ztfg 1D3 True F99 59758.38271879517 0.24173153614747375 8.166618482325426 0.0835951471924817 1.9217995614662076 1.0116336433266488 0.4377856557446298 0.03383431081616026 0.406 0.369 0.933 0.95
J-o-ztfg-ztfi 1D3 True F99 59758.38678256444 0.24348678089384382 8.175643130185048 0.07957477828519256 2.0511812808334238 0.9471826651521429 0.4369856107093468 0.03389312183785809 0.376 0.342 0.957 0.97
J-o-ztfg-ztfi-ztfr 1D3 True F99 59758.31271136385 0.21954062684906045 8.115924003260073 0.05492627617385622 1.4778535149335927 0.46930183448866475 0.4292333073316029 0.02934399066967306 0.615 0.532 0.911 0.959
J-o-ztfg-ztfr 1D3 True F99 59758.32194996535 0.21657175667651898 8.112545281816665 0.054741623672070645 1.3809126499180189 0.4752250886343819 0.4348199724444555 0.02988651933022137 0.738 0.521 0.79 0.96
J-o-ztfi 1D3 True F99 59758.42045753776 0.2683088338002486 8.254532340039749 0.2369654360902943 2.8443878272967313 1.3274260534426412 0.4620730858372187 0.09287775019571683 0.646 0.54 0.63 0.706
J-o-ztfi-ztfr 1D3 True F99 59758.32018162842 0.23757769204487356 8.035342616328448 0.09949199627089521 1.4580746144256953 0.49657240043718276 0.3883649145062699 0.05072292477829707 0.711 0.646 0.776 0.838
J-o-ztfr 1D3 True F99 59758.27333006665 0.24365800452264544 7.9948549884794415 0.09855210769483719 1.3803996430865342 0.505117270494432 0.36694641109653847 0.05072590657254032 0.608 0.593 0.861 0.873
J-o-ztfr 2D True F99 59758.21845680975 0.26452921896797454 7.971484079995889 0.10921520570386882 1.40229700735247 0.5072242340543048 0.3493332172389584 0.06136989276005674 0.538 0.53 0.912 0.917
J-ztfg 1D3 True F99 59758.32862619341 0.2421224162288515 8.10255192998945 0.0992466039636307 0.9830903010221366 1.25050360698671 0.4209849287942192 0.037239037958273505 0.474 0.438 0.796 0.823
J-ztfg-ztfi 1D3 True F99 59758.34529174025 0.24523220106387839 8.127071678013142 0.09304075915894597 1.3229845453429696 1.1737614191205528 0.4215182177017007 0.037822545066584536 0.551 0.425 0.77 0.863
J-ztfg-ztfi-ztfr 1D3 True F99 59758.30327945163 0.22166433827043638 8.102846368873665 0.055807448179539795 1.3049739625301517 0.4890165955590639 0.4255631638098142 0.02964906095336515 0.678 0.581 0.828 0.909
J-ztfg-ztfr 1D3 True F99 59758.25120888717 0.22524607898569887 8.089376208038225 0.055627968382417486 1.229709970242844 0.498656203424017 0.41882902281390033 0.02998627994941494 1.062 0.573 0.386 0.906
J-ztfg-ztfr 2D True F99 59758.23840090211 0.23734074408477593 8.090288873772142 0.05674087424416641 1.238240978571811 0.5001783522582096 0.4195938614439783 0.03351853608662 0.647 0.535 0.847 0.93
J-ztfi 1D3 True F99 59757.70008605589 1.0519086425284643 10.210650087483188 0.5235012941489589 -8.612729969422453 11.195740387578262 0.8800438613032995 0.25859461099392367 -1 -1 -1 -1
J-ztfi-ztfr 1D3 True F99 59758.30929912919 0.24145211259395025 8.014590044017536 0.10059422035486464 1.2657767858494364 0.5188497651907634 0.38169634030845434 0.05092904226730035 0.859 0.755 0.581 0.686
J-ztfr 1D3 True F99 59758.32090269312 0.23774892008275997 8.010490893838853 0.0994522376533273 1.1457881501951912 0.5253274407933881 0.38773353783116793 0.050866914344538175 0.77 0.746 0.658 0.682
o  True F99 59757.829769361866 2.6188389805123844 13.258223907150276 16.567658929587154 2.0715496830784765 3.50478362095858 2.7623325179966587 9.076565891983822 -1 -1 -1 -1
o-ztfg  True F99 59758.479095560244 0.6169853630203205 9.27920786213906 0.08841870533756277 1.996808292612605 1.055200014818471 0.4519883776336472 0.09218898489544419 0.222 0.22 0.97 0.97
o-ztfg-ztfi  True F99 59758.44402673469 0.6143749878576802 9.27757425501102 0.0890677847814417 2.1245625245340536 0.9825281985034849 0.4309258554175462 0.05657826532513266 0.203 0.2 0.985 0.985
o-ztfg-ztfi-ztfr  True F99 59758.249212838506 0.4166795133606091 9.228053116923729 0.061687302478709634 1.4987309217942386 0.4687557705381773 0.44258618722076604 0.042178088438194275 0.524 0.502 0.949 0.959
o-ztfg-ztfr  True F19 59758.351517165625 0.432048153205339 8.218428055040109 0.06498573789017209 1.3650300849525168 0.496037751969084 0.49654304490300827 0.05132061923867227 0.79 0.653 0.707 0.851
o-ztfg-ztfr  True F99 59758.359772792835 0.4169037578159539 9.243355691428961 0.06335638029686712 1.334540568510889 0.47159793213371537 0.4736716741465866 0.04980559777506665 0.45 0.445 0.974 0.975
o-ztfi  True F99 59758.234953018466 1.655429556011186 9.561001085748147 0.8185842036941051 3.2978432741784474 1.808914428474621 0.5683430410571 0.42524491256055263 0.034 0.034 0.854 0.854
o-ztfi-ztfr  True F99 59758.26612354137 0.5778808762256318 8.990882108172624 0.21795059945515755 1.4116422198369623 0.507108380726456 0.28970839679824123 0.14168124402702145 0.601 0.594 0.843 0.849
o-ztfr  True F99 59758.28000444868 0.5977716171462059 9.056830769113384 0.7747700564291922 1.3987339509884948 0.5263171568406372 0.3378119590504088 0.5599974894379015 0.655 0.647 0.782 0.789
ztfg  True F99 59758.66898927757 1.1310338249444123 8.956589706039598 0.5006223937237249 1.4708674797914605 1.6875579307952833 -0.6612533020109106 3.5894896960349563 0.153 0.152 0.858 0.859
ztfg-ztfi  True F99 59758.40753674382 0.6074001412191673 9.204098922732932 0.11306983045319373 1.1621676816461008 1.2886316125274684 0.388591189390768 0.07424995487645969 0.111 0.109 0.954 0.955
ztfg-ztfi-ztfr  True F99 59758.22538344965 0.4364314018801661 9.215357787935286 0.06288510517776996 1.3368786185368304 0.4892854735707 0.4395352705368956 0.043305256159906366 0.582 0.553 0.881 0.902
ztfg-ztfr  True F19 59758.3326683452 0.4495942213950086 8.20816606985628 0.06663037532306866 1.1815117048970278 0.5154492536077858 0.4992682557470285 0.0535648752176757 0.888 0.733 0.566 0.732
ztfg-ztfr  True F99 59758.342449978954 0.4336278679178911 9.233418094522808 0.06477945760533559 1.155224967045423 0.4893685494675804 0.47641007401984853 0.051878702679183986 0.463 0.458 0.945 0.948
ztfi  False F99 59762.44087034214 1.3734251643909134 8.526105805169209 63.75521890321588 0.0 -1 0.0 30.79921323744611 None None None None
ztfi-ztfr  True F99 59758.28390754438 0.6548082508573655 8.944489181783286 0.22524908830960738 1.189105442814497 0.5368814419382953 0.2652834821297443 0.14735255351171708 0.704 0.696 0.688 0.695
ztfr  True F99 59758.280322682775 0.6513198411427232 7.827085691033525 4.715893354379275 1.262075425335624 0.6134995354027846 -0.5653023281659852 3.5545677398559405 0.797 0.788 0.589 0.597