bps_used variant success reddening_law t0 e_t0 x0_mag e_x0_mag x1 e_x1 c e_c rchi2_data rchi2_data_model fitprob_data fitprob_data_model
c  True F99 59117.89345824442 0.9583032497378662 13.355984094936645 8.141501045913374 -0.8388994183015516 1.1273324243461187 5.442273542015934 7.1749449788639 0.789 0.787 0.597 0.598
c-o  True F19 59120.16763564794 0.5320871881253562 8.11341376238574 0.13337077485649385 0.6594063662584821 0.8097307902082012 -0.2882662341620624 0.10195017873695641 0.884 0.86 0.658 0.697
c-o  True F99 59120.17429536472 0.5254785993842004 8.042575047304371 0.13106419344822523 0.6612703098779129 0.7996920801457178 -0.3095980017305744 0.10036124768441708 0.825 0.823 0.75 0.752
c-o-ztfg  True F19 59119.9496082712 0.3749728052317533 8.328146008163706 0.061926839189909114 0.8019471381323512 0.5679683803956677 -0.11430388981979131 0.05534122915130978 0.87 0.836 0.712 0.768
c-o-ztfg  True F99 59119.95495932635 0.37005538729823695 8.257350163487596 0.06108071321086409 0.7982966231603144 0.5608537215813382 -0.13518229114030517 0.05458222821910841 0.765 0.756 0.868 0.878
c-o-ztfg-ztfr  True F19 59119.741793294415 0.3242428442831757 8.244831744965527 0.0573040131026661 0.5038679490413728 0.498986423681944 -0.05733471513487052 0.04450316221013293 0.826 0.777 0.818 0.886
c-o-ztfg-ztfr  True F99 59119.742498228705 0.31900645620660245 8.24520614136911 0.05654475579024699 0.49769878561240866 0.491486246375289 -0.059741437155258106 0.0438635003602142 0.826 0.8 0.818 0.856
c-o-ztfr  True F19 59119.702653074215 0.41415877710384624 8.112652790168896 0.11781955098634417 0.17325442228721244 0.6417288654875617 -0.19206498316509574 0.08792630966722688 0.976 0.916 0.518 0.633
c-o-ztfr  True F99 59119.70338882842 0.4069606615449302 8.041091192804688 0.11546480892066859 0.1652595926489394 0.6303736917106806 -0.21255031944993408 0.08628381933145778 0.892 0.87 0.678 0.717
c-ztfg  True F99 59119.76700831663 0.4177962484138313 8.30889627155439 0.07109190786445305 0.7083073425107916 0.6821953222431433 0.16675916573922517 0.15430354928348142 0.443 0.442 0.975 0.976
c-ztfg-ztfr  True F19 59119.70443588373 0.36573923793285856 8.382118890262381 0.0671950396217991 0.9596426936800021 0.6112064323058377 0.06192142481545082 0.05402597550285488 0.557 0.519 0.971 0.983
c-ztfg-ztfr  True F99 59119.703970615126 0.35998335287171923 8.310815622768294 0.0662198149925806 0.9546918464195338 0.6023279498271158 0.04152700424120169 0.05302781964820533 0.356 0.354 0.999 0.999
c-ztfr  True F99 59119.736228246256 0.5197124949714547 8.278205098655311 0.16716100552589602 1.2422701129169254 1.0238316745262919 -0.000892117022996257 0.12121490726438502 0.439 0.438 0.98 0.98
J 1D3 True F99 59119.40596514789 2.899568374247902 8.281462825351202 88.28671482439918 9.064058760677723 54.74995777485151 -0.1441623257392734 32.18126346750796 -1 -1 -1 -1
J-c 1D3 True F99 59120.175123856985 0.6264446339058104 8.229352848763588 0.1689715052577365 1.51060858408419 1.3663595494315772 -0.10212205831377681 0.06522721836005844 0.619 0.618 0.799 0.8
J-c-o 1D3 True F99 59120.070719654126 0.5096078542854997 8.202854282778627 0.11390311456053745 0.8202038208554845 0.8179472553264117 -0.13824336427186035 0.060401644943582355 0.902 0.869 0.637 0.693
J-c-o-ztfg 1D3 True F99 59119.93353467037 0.3584876309444993 8.26969776248853 0.06010852595709275 0.7723978559045164 0.5549790612696875 -0.09818286387699193 0.037630025062727376 0.744 0.728 0.9 0.916
J-c-o-ztfg-ztfr 1D3 True F19 59119.759526432324 0.31980209575927276 8.237783132570087 0.05467324442035101 0.5150859501459829 0.496878560493375 -0.06947476310919809 0.03538821152331681 0.793 0.743 0.872 0.928
J-c-o-ztfg-ztfr 1D3 True F99 59119.75827049589 0.3198258177426344 8.311201896801165 0.05474280819320899 0.5141483658440511 0.4970690725674017 -0.0507905553788426 0.03546715832654697 0.89 0.83 0.71 0.819
J-c-o-ztfg-ztfr 1D3 True O94 59119.75826178804 0.3198158471733664 8.311196368625072 0.05473889314588299 0.5141128928653391 0.49705346060497246 -0.050795603726011156 0.03546051372157789 0.899 0.838 0.692 0.806
J-c-o-ztfr 1D3 True F99 59119.721963659744 0.4018387564327499 8.118181153052976 0.09102499088713277 0.28327993705726784 0.6390212037730844 -0.14473692017061984 0.055240515496556016 0.866 0.838 0.732 0.78
J-c-ztfg 1D3 True F99 59119.916012945214 0.400247175384377 8.289924240887906 0.06927246809522826 1.0906296710665961 0.6678811769002461 -0.06212390190287447 0.0407971938846294 0.502 0.488 0.967 0.972
J-c-ztfg-ztfr 1D3 True F99 59119.72310042725 0.3536605937230484 8.269504928064585 0.0601530053893552 0.9041358488314213 0.5810157767617266 -0.032647711848952904 0.035642178904026385 0.526 0.446 0.986 0.997
J-c-ztfr 1D3 True F99 59119.74180925296 0.4775164736299235 8.166216992411671 0.10583031993749183 0.9686417502366359 0.8762018131961365 -0.09987161929561801 0.056022331805664675 0.44 0.425 0.987 0.99
J-o 1D3 True F99 59120.03079324817 0.8232587670820635 8.371086854213909 0.17187348820836548 -0.31853049257991617 1.0923302499162864 -0.03022411629134724 0.0843318080138195 0.79 0.788 0.76 0.762
J-o-ztfg 1D3 True F99 59119.85051405058 0.41413704236497384 8.266130550140625 0.0642473717658566 0.28777772334080043 0.6081315369951806 -0.09695226078747676 0.03925271478097716 0.672 0.655 0.931 0.942
J-o-ztfg-ztfr 1D3 True F99 59119.64961881319 0.34720050737197306 8.233344849690136 0.056480286889483346 0.09748301629868303 0.532340233620198 -0.06863606018743035 0.03518999353174458 0.773 0.746 0.87 0.901
J-o-ztfr 1D3 True F99 59119.38245804007 0.47922269544755675 8.100618656230239 0.11801888993788147 -0.5786369150378651 0.7819029590605332 -0.13045798973661532 0.07286257999935349 0.884 0.856 0.67 0.717
J-ztfg 1D3 True F99 59119.81204811206 0.4839899721077129 8.284887066080806 0.07674993079331636 0.6391283719901563 0.7621246637859409 -0.06898828950813253 0.04329229312742752 0.145 0.145 0.998 0.998
J-ztfg-ztfr 1D3 True F99 59119.581035140975 0.4068097927473939 8.263923180035627 0.06522201824077346 0.5913015406061519 0.6609254359642318 -0.03130536354901588 0.03715168483836248 0.431 0.321 0.987 0.998
J-ztfr 1D3 True F99 59119.39582159709 0.7093081233882323 8.122554881426591 0.14212391313209966 1.1493218828181848 1.557516108431425 -0.12810576143854555 0.07441334166418916 0.13 0.129 0.999 0.999
o  True F99 59119.0596131943 1.3284946322969542 5.1587662699914265 4.138173981383588 -1.1613438274315646 1.2316834853473748 -2.530422184377392 3.5216407889128583 0.889 0.887 0.615 0.618
o-ztfg  True F99 59119.872471951545 0.42821696618580485 8.250800510073187 0.06519909508957207 0.2980564164029682 0.6109298526656928 -0.14230061908836955 0.05717979272704708 0.676 0.675 0.917 0.918
o-ztfg-ztfr  True F19 59119.61800915717 0.356635419522214 8.31259169508968 0.060369491595545714 0.08524064719304339 0.5422272290960496 -0.035128924204458005 0.04609524924246235 0.938 0.866 0.589 0.722
o-ztfg-ztfr  True F99 59119.62165924283 0.35002266619466404 8.241225351989977 0.059417990296914074 0.07689035127077601 0.5333509259829652 -0.0552578194416832 0.045336959157719396 0.813 0.787 0.807 0.843
o-ztfr  True F99 59119.12136973129 0.5299449197971245 5.396414667055426 1.7331019763488742 -0.34190314846114844 0.8408193059779648 -2.364135037337017 1.507075754338954 0.701 0.699 0.903 0.905
ztfg  True F99 59118.70823574664 0.9230354718038374 10.475236397475122 8.935826884690455 -0.7573448713182811 1.8653581730238016 5.518354833938698 15.555483856196178 0.153 0.152 0.989 0.989
ztfg-ztfr  True F19 59119.566166919554 0.41580443009675266 8.377114157114681 0.07228595210783603 0.6740180081191818 0.6995286927366284 0.060630633436166446 0.05534232560686336 0.435 0.379 0.978 0.99
ztfg-ztfr  True F99 59119.56595131605 0.4087499175242184 8.30617512505278 0.07128652768895019 0.6712351719650493 0.6894114105967836 0.04054836395603496 0.05436446784119982 0.161 0.16 1.0 1.0
ztfr  True F99 59119.360977391065 0.779119798316553 9.616203221574228 7.038580553977159 0.9245902617769459 1.5485066842924944 1.0607159833963242 5.4594474923883665 0.148 0.147 0.994 0.994