bps_used variant success reddening_law t0 e_t0 x0_mag e_x0_mag x1 e_x1 c e_c rchi2_data rchi2_data_model fitprob_data fitprob_data_model
c  True F99 59110.73409773066 0.7384481792953003 13.20612527846728 13.322473953792775 -0.04880557593047033 1.2788292380940194 5.382618490197169 10.933816326610282 1.466 1.462 0.231 0.232
c-o  True F19 59112.44815384939 0.26864432194132665 6.557216632109224 0.05742012344113913 1.4535714019131487 0.2778425723910725 0.0933239905998646 0.04733342319242429 2.001 1.117 0.006 0.325
c-o  True F99 59112.44819348693 0.26873997479342054 6.55878205473001 0.05740812812839019 1.455948993430213 0.2779799647202567 0.08527822199248786 0.04733494682790624 2.001 1.116 0.006 0.325
c-o-ztfg  True F19 59112.11306463327 0.20679897686037418 6.794097210346127 0.029409597873609004 1.7314172149843856 0.21369475804910681 0.13785767617283656 0.0281554803804166 10.507 4.415 0.0 0.0
c-o-ztfg  True F99 59112.24992883964 0.18165731884686867 7.6537223424121 0.02777864565970713 1.659242857909603 0.18269939537910268 0.07214014860294155 0.026190495001324223 1.427 1.355 0.037 0.064
c-o-ztfg-ztfr  True F19 59112.26663320963 0.19097370191993412 6.563026094026368 0.028494114641909225 1.7850561511824075 0.17425299304578531 0.0904358293175705 0.024174976676435943 1.525 1.014 0.003 0.445
c-o-ztfg-ztfr  True F99 59112.33224965066 0.15846984771876613 6.561118493548051 0.0269724518013594 1.7327304742651164 0.14662709232202206 0.0799830492717404 0.022820273567840103 1.514 1.437 0.004 0.011
c-o-ztfr  True F19 59112.52404859425 0.21966341279728743 6.80047644891158 0.05667391330258204 1.718364101315103 0.202377746723594 0.14766771255808897 0.044369409699900365 11.427 4.001 0.0 0.0
c-o-ztfr  True F99 59112.522364608856 0.17826641883131586 7.660294571357605 0.05082424493934819 1.6653955433652576 0.16677605587744668 0.08107788385008467 0.03976304722352382 1.782 1.682 0.001 0.003
c-ztfg  True F99 59111.78323091188 0.2648624644805738 7.677220533061328 0.0463574669782968 2.2568825464459543 0.2950148274958555 0.06687223872136927 0.07994376212052304 0.73 0.718 0.831 0.845
c-ztfg-ztfr  True F19 59112.13920021361 0.2193403365502066 6.821344989634236 0.031169910735840245 2.0203761787157952 0.2093911275607715 0.16045495965227102 0.029295026972072005 9.787 4.195 0.0 0.0
c-ztfg-ztfr  True F99 59112.096775267084 0.210180823220154 7.680916316020145 0.02958920081714049 2.031094566426283 0.1896309625162153 0.09219582204704224 0.027963034442520258 1.248 1.202 0.108 0.151
c-ztfr  True F99 59112.50477590982 0.2929660833900729 7.689807940453628 0.059067538851781336 1.9749402866479722 0.23731100168672534 0.09830540626119919 0.05053871045779475 1.62 1.553 0.019 0.029
J 1D3 False F99 59111.345300533314 1.0 -1.674801324569841 1.0 11198764.347797647 1.0 -8.05191063870216 1.0 None None None None
J dehvils False F99 59111.876438244435 1.0 -2.207850260292022 1.0 3038999.186006801 1.0 -8.156669067747034 1.0 None None None None
J-c 1D3 True F99 59115.38506578376 0.16634090289499254 6.855126567891081 0.06034204835811831 4.758094739415357 0.6512617630958913 0.3429974777833127 0.03389376451319816 187.456 147.693 0.0 0.0
J-c dehvils True F99 59115.49318873191 0.13316209911846202 6.798280270099678 0.05832039774883779 4.741501334060459 0.6177653002094162 0.27304065856490844 0.03332826253911738 196.871 158.404 0.0 0.0
J-c-o 1D3 True F19 59112.26413378306 0.2757568818431701 6.840149230044821 0.05310714967215706 1.0754771308138085 0.2475646182462683 0.3644939910853434 0.03687912110951329 95.307 15.221 0.0 0.0
J-c-o 1D3 True F99 59115.300927969816 0.20060130811395568 6.853968684937422 0.0492642339232443 4.7948334284446 0.39006156825414423 0.2852467856459471 0.032299645627840275 66.178 46.568 0.0 0.0
J-c-o dehvils True F19 59112.242956798276 0.26240360044037775 6.789585351067558 0.05269829651633887 1.1444595031424414 0.25249988928967254 0.3184746156220662 0.03745778636684677 114.134 12.255 0.0 0.0
J-c-o dehvils True F99 59114.59501208313 0.20394420868738608 6.592524806082711 0.04774681045403594 2.715697643520123 0.2678627686620983 0.10293810771119506 0.03508779622451911 117.715 65.004 0.0 0.0
J-c-o-ztfg 1D3 True F99 59113.35283658533 0.24467450113944267 6.599089501061495 0.029793587652203263 1.7144783913318498 0.1827261120300171 0.12712606124735587 0.027235587114501768 73.597 38.198 0.0 0.0
J-c-o-ztfg dehvils True F99 59114.233475851346 0.20634167256211014 6.615083481122438 0.03280697296473618 2.0513124070790427 0.19693645052009803 0.11919379563153759 0.029578507382884592 67.022 39.811 0.0 0.0
J-c-o-ztfg-ztfr 1D3 True F19 59112.1280288266 0.18637166891334092 6.681205097902424 0.029186392011206354 1.7368430309997136 0.16570894950716716 0.22743303243667207 0.02304969987693525 40.734 6.693 0.0 0.0
J-c-o-ztfg-ztfr 1D3 True F99 59112.129609820826 0.1865074741538441 6.925276734650387 0.029316610804547633 1.7309514318416324 0.1654821060271327 0.289533845005761 0.0231624583400205 47.563 9.193 0.0 0.0
J-c-o-ztfg-ztfr dehvils True F99 59114.06353630486 0.18560685710223646 6.610428305630513 0.03047408610190694 1.9896283576555733 0.15908311040192716 0.11166597490732291 0.024898206138883466 44.962 26.838 0.0 0.0
J-c-o-ztfr 1D3 True F99 59113.60402645101 0.2408071535591232 6.62763133806098 0.047404753448039544 1.9450604000241314 0.181327930914634 0.13703174365766946 0.035260637086883005 64.462 34.258 0.0 0.0
J-c-o-ztfr dehvils True F99 59114.250472699525 0.20602635380465067 6.555152045984577 0.04830193808174373 2.2955131117070553 0.1948033682968917 0.06770646946294936 0.0361469850962606 66.86 35.052 0.0 0.0
J-c-ztfg 1D3 True F99 59114.65165520644 0.12205154094789702 6.706281319166718 0.031751914633484174 1.9544163137790493 0.2795243563423441 0.3023986282044725 0.02775548525662228 62.264 56.036 0.0 0.0
J-c-ztfg dehvils True F99 59115.100129992265 0.11775086371481994 6.694488412569857 0.0322920262725634 2.1412232338614166 0.2773457348555621 0.25047121748474516 0.029205819258871116 65.959 58.585 0.0 0.0
J-c-ztfg-ztfr 1D3 True F99 59113.92411326804 0.259789180121163 6.652202509471132 0.03342032772222236 1.961170401887201 0.19550162298755916 0.16883435096430982 0.029574419374015674 53.675 31.545 0.0 0.0
J-c-ztfg-ztfr dehvils True F99 59114.40917298976 0.16948103688951915 6.621347266220813 0.03142317547026439 2.059350647746447 0.1990371417284306 0.11834791222768173 0.02783090952801027 55.186 32.632 0.0 0.0
J-c-ztfr 1D3 True F99 59114.352721372765 0.21024518412045023 6.693922968837015 0.05017215379083696 2.4677770340303686 0.25745273871715724 0.1896882268186006 0.03779576047135449 78.578 46.705 0.0 0.0
J-c-ztfr dehvils True F99 59115.035002160716 0.15943887288541636 6.666671817908524 0.04915590413927656 2.8056930105422833 0.2620693087299331 0.1543716115210521 0.03648318542653137 73.994 48.403 0.0 0.0
J-o 1D3 True F99 59114.72699556197 0.13342447006383965 7.01605641927334 0.08664193465468065 2.2996282785228273 0.24735102182547014 0.3840898165238935 0.050181203814424015 100.239 84.196 0.0 0.0
J-o dehvils True F99 59115.19719339239 0.1485895826437565 6.85009102713285 0.0927140762370113 2.8191622420189213 0.27017009678992115 0.2662250275077839 0.05459761082159213 107.597 85.372 0.0 0.0
J-o-ztfg 1D3 True F99 59111.816817404484 0.23599664368608234 6.520902699013041 0.029742486379745036 1.5197840566268108 0.2327949892576709 0.03830196985173469 0.02318583975257281 113.842 40.02 0.0 0.0
J-o-ztfg dehvils True F99 59114.61102158377 0.14841370543422225 6.672788391385969 0.034271071900424076 2.042823259783149 0.19863310729258038 0.1644775263863627 0.026459567247666377 67.252 45.426 0.0 0.0
J-o-ztfg-ztfr 1D3 True F99 59113.391947606106 0.20701778337560603 6.619427080500621 0.032523113442867235 1.7310652110182057 0.1521428091180517 0.13238093739671325 0.024877409439538915 51.651 27.416 0.0 0.0
J-o-ztfg-ztfr dehvils True F99 59114.23140724775 0.17785756940751207 6.638105379285577 0.03468644178827363 1.9429581376821892 0.16255491597170202 0.12911482660191664 0.0264684422254148 46.753 28.688 0.0 0.0
J-o-ztfr 1D3 True F99 59114.361978960515 0.15980248840543426 6.964186540309492 0.07918807836895929 2.0303674637770994 0.1832987033777013 0.35690284852485976 0.05159352983806404 46.774 37.692 0.0 0.0
J-o-ztfr dehvils True F99 59112.15532953302 0.24158638951829098 5.984939002835473 0.0819436821220257 1.8554123388095514 0.17754822421170724 -0.33342146251194893 0.05709509560967539 146.489 36.488 0.0 0.0
J-ztfg 1D3 True F99 59114.889043458345 0.14216556603245195 6.677885816262641 0.03545459982901499 1.356867512221517 0.3056267772048354 0.2984521024334965 0.027295933320620292 75.378 69.622 0.0 0.0
J-ztfg dehvils True F99 59115.40144129946 0.10453142493154066 6.681444040671061 0.035142957083244386 1.4154168303681898 0.30292468846692994 0.24847593287456854 0.027462677543810782 79.244 72.905 0.0 0.0
J-ztfg-ztfr 1D3 True F99 59111.73783169355 0.2576823999819758 6.526958209332868 0.02817857893104167 1.966872396109238 0.1941775780892383 0.03428032614196316 0.022637262981447213 92.811 34.647 0.0 0.0
J-ztfg-ztfr dehvils True F99 59114.91928459999 0.15138966527519432 6.6967256808084805 0.03479361535954554 1.9155406338077556 0.20970584967006484 0.18304207566257055 0.027086251365571683 50.765 36.537 0.0 0.0
J-ztfr 1D3 True F99 59114.9417607467 0.14056268991839074 7.021769257512096 0.06796921374505567 2.2482979533960643 0.2785939680936754 0.40059641730084283 0.043024782902795246 62.477 55.175 0.0 0.0
J-ztfr dehvils True F99 59115.387231166926 0.11488564723923135 6.910521220674405 0.06857880423337705 2.437323127696906 0.2860331742711879 0.31233508157128254 0.04361970007301682 65.071 57.013 0.0 0.0
o  False F99 59112.274488701834 0.2639057622262437 -8.756108032638757 2.3987961852875173 2.580725796048797 0.30591978898427324 -14.041737832211819 2.2870065365049213 None None None None
o-ztfg  True F99 59112.24086311042 0.19118900116614232 7.643297384280057 0.03152501306643862 1.5816937640713769 0.18810505946008008 0.06810452027239025 0.026886829442230923 1.505 1.426 0.028 0.049
o-ztfg-ztfr  True F19 59112.26097420942 0.19907972697054188 6.795475552877575 0.03191209669888413 1.7307804537518336 0.1777128901766507 0.14496325780123448 0.02532699383963959 9.905 3.689 0.0 0.0
o-ztfg-ztfr  True F99 59112.32919844742 0.16574043057773422 7.652710524378294 0.03072692909356653 1.6878539051871866 0.14946136991274978 0.07575265973603618 0.02424917544561206 1.572 1.492 0.003 0.007
o-ztfr  True F99 59112.501549402295 0.19329097762783448 7.376175136059306 0.29127004035169723 1.6947321786899474 0.19526891220383102 -0.11925995949074994 0.20881019805678658 1.894 1.765 0.001 0.002
ztfg  True F99 59111.046105321744 0.35383442170110335 9.29651094669532 1.5610796268830975 1.213416354613039 0.3355134381804494 3.366708617386414 2.4197478943959534 0.497 0.491 0.961 0.963
ztfg-ztfr  True F19 59112.1152019211 0.23098743746069375 6.811831368030228 0.03435743460623082 1.9652137904962412 0.21613173306231884 0.15608549560016724 0.029892005098241508 9.157 3.74 0.0 0.0
ztfg-ztfr  True F99 59112.170881020094 0.20456933643037523 7.6688302845889975 0.03304667295031256 1.9275379667874135 0.19083646955374206 0.08630289498821113 0.02869682877830872 1.312 1.268 0.074 0.103
ztfr  True F99 59112.48301212969 0.3275716134079367 5.4629180519522285 2.123907154493921 2.1450470688230037 0.33134995710378234 -1.5923101675476237 1.6594448488266893 1.785 1.7 0.012 0.019