bps_used variant success reddening_law t0 e_t0 x0_mag e_x0_mag x1 e_x1 c e_c rchi2_data rchi2_data_model fitprob_data fitprob_data_model
c  True F99 59170.65081325161 5.746697846589097 20.517193453862653 43.83174629761384 3.453689984791025 4.526664588211115 10.69023287829944 35.257401406476724 -1 -1 -1 -1
c-o  True F19 59164.00129920861 1.9145347937614847 8.48946213814363 0.4714148121803488 0.23818652200423815 1.5149300668174726 0.19835111276841344 0.32270782094311556 1.104 1.078 0.349 0.373
c-o  True F99 59163.979138997915 1.8702156248523407 8.359192061245382 0.46522835921393413 0.19532868346124543 1.4902722561363575 0.16299757942556148 0.3190075000490265 1.013 1.011 0.435 0.437
c-o-ztfg  True F19 59165.46127586615 0.6627622879208911 8.293904914547717 0.04791639577783439 -0.5686892717495493 0.7299363518935461 0.06476338688748201 0.07774892832741571 1.321 1.133 0.126 0.291
c-o-ztfg  True F99 59165.459292048996 0.6566690449499085 8.170147309954398 0.047391021706557054 -0.5739159488636443 0.721958284158962 0.032715766817432795 0.07659956526977404 0.666 0.664 0.899 0.901
c-o-ztfg-ztfr  True F19 59165.74778443431 0.49229309410083194 8.163514442407696 0.04443501965889973 -0.8498143962703939 0.554271167195571 -0.0442545892753201 0.04208792865518174 0.536 0.518 0.992 0.994
c-o-ztfg-ztfr  True F99 59165.74645451381 0.4837164912186206 8.16490000538768 0.043878805854116056 -0.8671342269859753 0.5434850673593884 -0.048494382526042046 0.04146028648706041 0.536 0.532 0.992 0.993
c-o-ztfr  True F19 59165.81493502432 0.7529788873275569 8.686732698015472 0.40921558732834534 -0.823511124585089 0.7861812331564898 0.29274659781502543 0.31203749875408393 0.967 0.9 0.511 0.61
c-o-ztfr  True F99 59165.80437963814 0.7319249091220341 8.563221802898196 0.40798483610804964 -0.8618919730282637 0.7640242988029005 0.25969621298475826 0.31124405755839746 0.675 0.671 0.891 0.895
c-ztfg  True F99 59165.77701329436 0.737044145276038 8.165538742166072 0.04817520645363742 -0.40054855397341216 0.8248540475217079 -0.1730948736872806 0.32617946776944057 0.534 0.532 0.894 0.896
c-ztfg-ztfr  True F19 59165.83915441297 0.4987851666390869 8.286731668184986 0.04468212746396694 -0.9331017131730169 0.5822974361625612 -0.028911959749089926 0.04390639585847056 1.252 1.008 0.18 0.451
c-ztfg-ztfr  True F99 59165.83854182405 0.4901786634242079 8.162844480686445 0.0440419270333939 -0.9466691086223993 0.5703223488259007 -0.0627877779051805 0.043150152657014405 0.324 0.322 0.999 0.999
c-ztfr  True F99 59165.8589544024 0.7670758696133371 8.344028526606765 0.38969576491799357 -1.0353396622806552 0.8659264708707182 0.08153305057297223 0.3006469093705344 0.477 0.476 0.929 0.93
J 1D3 False F99 59171.90393474017 -1.0 7.928549632764826 10.061830196183074 0.035242490786870244 -1.0 0.0006834454806982643 19.774252476103136 None None None None
J-c 1D3 True F99 59166.24857681725 2.264074575445925 9.683007905844034 0.892733167794583 15.395455728390036 15.928330021692602 0.6412098458799085 0.2683357068468002 1.7 1.495 0.192 0.221
J-c-o 1D3 True F99 59165.989874904364 1.5143893496772154 8.829790715764894 0.21132340338005015 1.2374544909612144 1.7606889014860743 0.45690515113233554 0.10364088211828475 1.263 1.236 0.216 0.235
J-c-o-ztfg 1D3 True F99 59166.085281239495 0.5884454011363388 8.226566401670205 0.045146450141778156 -0.9119337396720109 0.6828381592471887 0.20591801748130645 0.03894590523676356 1.284 1.106 0.144 0.318
J-c-o-ztfg-ztfr 1D3 True F19 59166.7275867281 0.46979380232269186 8.262200034128933 0.044618506802761075 -0.7799024069733141 0.5714228127515226 0.08141169132364756 0.038792859054488885 2.079 1.298 0.0 0.096
J-c-o-ztfg-ztfr 1D3 True F99 59166.73853091853 0.4704267498678846 8.389114028776275 0.04477622831272321 -0.7807153886306273 0.5718266577270941 0.11293952818482889 0.03896126067220201 2.682 1.713 0.0 0.003
J-c-o-ztfg-ztfr 1D3 True O94 59166.739250949126 0.4703920268857966 8.389166382158933 0.04476864752824995 -0.7806693756423133 0.5718138512626597 0.11296549747872761 0.03894919629984878 2.717 1.736 0.0 0.002
J-c-o-ztfr 1D3 True F99 59166.07155531769 0.6901127042720857 8.854065352848963 0.11383118160470294 -0.6287690324408544 0.7778750257149079 0.4780496472736181 0.07903593478873841 0.844 0.823 0.7 0.731
J-c-ztfg 1D3 True F99 59165.63737432631 0.6718344006168558 8.209475484916336 0.04745330338459679 -0.7291964849428405 0.7601454552168889 0.2581708064463447 0.04304776708003419 1.035 0.981 0.414 0.469
J-c-ztfg-ztfr 1D3 True F99 59167.02008408039 0.47534617312039285 8.280712036052218 0.04388651449034236 -0.7860982428804313 0.6008006016539529 0.09154548692062395 0.03770685236039203 2.554 1.707 0.0 0.012
J-c-ztfr 1D3 True F99 59166.32877677014 0.7142203285341411 8.840503640858206 0.11488947862683428 -0.5521087419296458 0.8774197170485679 0.46111239679410515 0.07963561898368642 0.906 0.864 0.551 0.599
J-o 1D3 True F99 59165.23145885844 1.2689959600956964 8.869055918202246 0.25974054329849017 -0.2930270891371711 1.7677211043076317 0.51533349988711 0.13185538808285874 1.301 1.268 0.209 0.23
J-o-ztfg 1D3 True F99 59166.231805157775 0.5883394632153189 8.220171887652665 0.04442052455051834 -1.0011191435494253 0.7345253836437 0.20461565812962956 0.03849376333905905 1.159 0.991 0.265 0.475
J-o-ztfg-ztfr 1D3 True F99 59166.906951032994 0.46410424313533244 8.270463775985153 0.043231245138196574 -0.893904589555703 0.5840293988822445 0.09054036429424213 0.036658026321233286 2.014 1.395 0.0 0.054
J-o-ztfr 1D3 True F99 59165.65673838339 0.6664878558875875 8.916795857596407 0.11869044949552084 -1.2835692770137388 0.8017202270399072 0.5324808086863504 0.08223661612071913 0.706 0.689 0.857 0.874
J-ztfg 1D3 True F99 59165.789382482304 0.6973159539390827 8.20479977844137 0.04696983652030254 -0.6940771437090159 0.8539771105431646 0.2576714746768694 0.04272616639487652 0.681 0.645 0.758 0.791
J-ztfg-ztfr 1D3 True F99 59167.10202058582 0.47635112571745014 8.275322461630658 0.04345752840119751 -0.9046552918053252 0.6266878933925195 0.09159678510734327 0.03744601603746908 2.689 1.73 0.0 0.015
J-ztfr 1D3 True F99 59165.85562160164 0.7376903516741662 8.898192201276522 0.12248182611519015 -1.3778967343282957 0.9194544927228265 0.5139640097372455 0.08590634570831603 0.62 0.58 0.813 0.847
o  True F99 59164.099525517246 2.022823733054611 8.996911984946898 3.6982278456124353 -1.0476253380519578 1.6589147299097238 0.627718907735791 2.4758974592854566 0.952 0.949 0.484 0.486
o-ztfg  True F99 59165.61370424139 0.658287999751024 8.168008323217954 0.047159990225841955 -0.7579530767646709 0.7619284165958203 0.044946274505011985 0.07679063289946668 0.543 0.541 0.962 0.963
o-ztfg-ztfr  True F19 59165.798375185965 0.49741874202158687 8.284586539035065 0.044323709192017856 -0.9880418346647623 0.5762691246260037 -0.014836603941141994 0.04207002354760348 1.085 0.918 0.333 0.61
o-ztfg-ztfr  True F99 59165.79754736195 0.488514985916907 8.160705992910987 0.043690902958796095 -1.0024226441702697 0.5637877438738592 -0.04874297710092864 0.04138114252263423 0.447 0.442 0.998 0.999
o-ztfr  True F99 59165.61610733589 0.6695967111278334 9.388746599728531 0.6261613741833153 -1.5737580962057014 0.7945903752063996 0.8903908539566782 0.46428856117284534 0.48 0.478 0.983 0.983
ztfg  True F99 59165.810409875616 1.1590818325049397 8.185323493236119 0.4051144158694396 -0.8417418605256637 1.7015084345008569 0.14622075021248715 3.576956146760904 0.215 0.214 0.992 0.993
ztfg-ztfr  True F19 59165.88962412071 0.5019392630449555 8.281922051921882 0.04448127401438458 -1.0971835871214544 0.6078662570194137 -0.02927179174491019 0.04384378916599957 1.172 0.906 0.261 0.587
ztfg-ztfr  True F99 59165.88780183111 0.4927833126103824 8.158109150711727 0.04381691958454186 -1.1082951873768794 0.5938001333643348 -0.0631698251444265 0.043066389888730745 0.143 0.142 1.0 1.0
ztfr  True F99 59165.69304342558 0.776217723966514 7.462834056053182 5.100216473659965 -1.54710827883761 0.9405211703409257 -0.6029219349691654 4.067729226189076 0.079 0.079 1.0 1.0