bps_used variant success reddening_law calibration DM e_DM st e_st Tmax e_Tmax dm15 e_dm15 EBVhost e_EBVhost rchi2_data rchi2_data_model fitprob_data fitprob_data_model
c-o  True O94 0 37.41516603839637 0.3039715150692823 0.8926616374722763 0.09167597189347952 59255.59388458072 0.8055129694140023 None None 0.2580909923365327 0.12484638872347506 0.443 0.441 0.955 0.955
c-o  True F19 6 37.50379327580419 0.284781943969505 0.89268869183165 0.09167409464953306 59255.594214401615 0.8055049034371919 None None 0.18897542209389015 0.1335553064230879 0.443 0.441 0.955 0.955
c-o-ztfg  True F19 6 37.67937474554661 0.1616407678369174 0.9375784995308316 0.05968712720152033 59256.40419992248 0.5346854898019898 None None 0.11483269080568172 0.08706763201004603 0.415 0.413 0.99 0.99
c-o-ztfg-ztfr  True O94 0 37.52808017900419 0.1531013227017 1.1891743546609679 0.09323796806666738 59256.89312841715 0.5842932833943749 None None 0.26965553145343163 0.09204680078966174 0.901 0.889 0.633 0.654
c-o-ztfg-ztfr  True F19 6 37.57344313507903 0.14385617801600242 1.1890653360407202 0.09192693142544334 59256.84548604097 0.5846610663630921 None None 0.2939478788986871 0.07379941577195473 0.921 0.908 0.6 0.622
c-o-ztfr  True F19 6 37.53798783408654 0.1528253529461743 1.189092648843858 0.12103375043899192 59256.81162052176 0.8302420595637728 None None 0.3190832232274853 0.0970405106058705 0.977 0.963 0.497 0.518
c-ztfg-ztfr  True F19 6 37.528899699891596 0.1427048497148588 1.278681442695076 0.06804600520661215 59256.6450584383 0.7234211190724413 None None 0.36406824031536106 0.07405998103531082 0.661 0.651 0.893 0.901
J-c-o 1D3 True O94 0 37.41226972874043 0.15704286990406696 0.9291873836052174 0.07610490937880415 59256.09538536358 0.7944071096498961 None None 0.2856445280056455 0.07959088399792255 0.547 0.54 0.924 0.928
J-c-o 1D3 True F19 6 37.48283156942745 0.13883061816940612 0.9247996969861441 0.0720277695068629 59256.11570036946 0.7691535476272849 None None 0.22150281951196873 0.07865813934987637 0.552 0.545 0.92 0.924
J-c-o-ztfg 1D3 True F19 6 37.55372888344673 0.11806017986775098 0.9420655946259885 0.05982972815124204 59256.60075782428 0.5329986869875725 None None 0.18148998881789682 0.07074096136454766 0.487 0.483 0.981 0.982
J-c-o-ztfg-ztfr 1D3 True O94 0 37.57730289082726 0.1456350378794299 1.1890588067742867 0.08565913661435752 59256.922283473235 0.5645835736152752 None None 0.2469266624185097 0.08915024592602348 0.881 0.866 0.676 0.701
J-c-o-ztfg-ztfr 1D3 True O94 1 37.554532736293005 0.15096417425640327 1.1891732570258382 0.08621750085225699 59256.909419661446 0.5654601564150958 None None 0.23375144590573585 0.08798635010521402 0.894 0.879 0.654 0.68
J-c-o-ztfg-ztfr 1D3 True O94 2 37.56578934304286 0.1432877538980549 1.1890895056512367 0.08740044981321587 59256.92484200998 0.5605741075202938 None None 0.2529438142723441 0.08995528113545807 0.876 0.86 0.685 0.71
J-c-o-ztfg-ztfr 1D3 True O94 3 37.56153982288542 0.15297353153903245 1.1891448592769398 0.08670755633324308 59256.92206057772 0.565670167614268 None None 0.23315127664903668 0.08447310989743903 0.886 0.871 0.667 0.693
J-c-o-ztfg-ztfr 1D3 True O94 4 37.5547506084889 0.1533726744309975 1.1891502576642725 0.08570366235575652 59256.90011089676 0.5654722943276581 None None 0.2328650344549779 0.08489606986342568 0.892 0.877 0.657 0.683
J-c-o-ztfg-ztfr 1D3 True O94 5 37.54592154805985 0.14518446402987756 1.1890507571541602 0.08526651095567316 59256.92716533931 0.5597792994189833 None None 0.2332966100175724 0.08749257661860868 0.875 0.86 0.685 0.71
J-c-o-ztfg-ztfr 1D3 True F19 6 37.53422543306619 0.12273720310390995 1.123588019663963 0.06054599911220254 59256.80615866136 0.54765873035721 None None 0.2849944312489977 0.07017350520348248 0.81 0.801 0.787 0.8
J-c-o-ztfg-ztfr 1D3 True F99 6 37.51348906081848 0.12211702921998938 1.05638465864048 0.056654357029379716 59256.996781461 0.5364689780733995 None None 0.2695334487075897 0.06883103364311607 0.788 0.782 0.817 0.826
J-c-o-ztfg-ztfr 1D3 True O94 6 37.51683035289514 0.12358149782654426 1.1008527311938763 0.059287165659101186 59256.8521284481 0.5447402203643404 None None 0.2839890430629294 0.06994773982499548 0.782 0.774 0.825 0.836
J-c-o-ztfg-ztfr 1D3 True O94 7 37.4936388595602 0.12562918702270193 1.0937737277533535 0.06147849167594947 59256.87100116599 0.5416544758971173 None None 0.27959877897810037 0.06969605825101637 0.782 0.775 0.825 0.835
J-c-o-ztfg-ztfr 1D3 True O94 8 37.579952431082354 0.12411688505405347 1.061487101003457 0.05791942392366367 59256.97582908078 0.5330403015620981 None None 0.2914752291957592 0.07018025501413482 0.77 0.764 0.841 0.849
J-c-o-ztfg-ztfr 1D3 True O94 9 37.50756409723831 0.12545296494589683 1.0862782329591278 0.06107074110601202 59256.8875398878 0.541560018115448 None None 0.28125798292633114 0.06973883621636164 0.784 0.777 0.823 0.833
J-c-o-ztfg-ztfr 1D3 True O94 10 37.42745968646106 0.1354243290708008 None None 59257.07790531683 0.5144953812304575 0.9551987870706649 0.0858666172596956 0.32103948924597014 0.07203072037909736 0.849 0.839 0.728 0.744
J-c-o-ztfg-ztfr 1D3 True O94 11 37.42698506711495 0.1346820661794014 None None 59257.06337607139 0.5184208487768952 0.9519983039959344 0.08550613790571464 0.31476389998919924 0.07185721002015127 0.863 0.853 0.705 0.721
J-c-o-ztfg-ztfr 1D3 True O94 12 37.43576081837479 0.1308740654739857 None None 59257.065624193216 0.517422853630726 0.9500159599693512 0.08413207369117562 0.31487074183233377 0.07148349900874738 0.855 0.845 0.719 0.734
J-c-o-ztfg-ztfr 1D3 True O94 13 37.4021738339966 0.135763285061134 None None 59257.07180396523 0.5165969162628256 0.9518461146836981 0.0848774908888636 0.28669200179296095 0.07014557441472012 0.849 0.839 0.729 0.744
J-c-o-ztfg-ztfr 1D3 True O94 14 37.417431553744805 0.1352247822096211 None None 59257.067986623784 0.5160945470965036 0.9541838581971855 0.08565275974415103 0.30260329779894574 0.070766895508686 0.859 0.848 0.713 0.729
J-c-o-ztfg-ztfr 1D3 True O94 15 37.41143938767672 0.12957312995438058 None None 59257.049854606346 0.5217075807386645 0.9415670237761279 0.08136465876999624 0.27941853056698124 0.06993966235902363 0.852 0.844 0.723 0.736
J-c-o-ztfr 1D3 True F19 6 37.533115717760985 0.1255772924575435 1.128768614844534 0.06923757988992121 59257.044258383976 0.7004976306400805 None None 0.2897335239077098 0.0852915681773698 0.937 0.925 0.565 0.583
J-c-ztfg-ztfr 1D3 True F19 6 37.51982406340439 0.13529237872051517 1.2815793685466403 0.06444409382807774 59256.693773165374 0.6807823145918636 None None 0.36991869781824394 0.07279719660725141 0.676 0.663 0.896 0.906
J-o-ztfg-ztfr 1D3 True F19 6 37.53144532844323 0.12204338483639006 1.1156572289421682 0.06047252700893305 59257.124916266126 0.5632979586159212 None None 0.275216966455735 0.07073800663944135 0.857 0.848 0.686 0.7
J-o-ztfr 1D3 True O94 0 37.56142655752892 0.14296104815406716 1.0010932934048509 0.05923650327182824 59258.36173234862 0.6078123435372655 None None 0.18158574728013777 0.10553234750883098 0.724 0.719 0.819 0.825
J-ztfg-ztfr 1D3 True O94 0 37.54716412044665 0.12556072780738553 1.2364932137692608 0.06125773808602096 59256.92169989315 0.644172774464292 None None 0.24070266094972803 0.07557919904216949 0.69 0.673 0.841 0.857
J-ztfg-ztfr 1D3 True F19 6 37.542106716145064 0.1243354607464567 1.254792615849822 0.05078780701051837 59256.82950922696 0.5545756731722342 None None 0.33703669713914397 0.0665894806348395 0.481 0.467 0.971 0.976
o-ztfg-ztfr  True F19 6 37.56376973252689 0.14782596536137121 1.1890140058868244 0.10209963608009698 59256.895720630775 0.6171915202784626 None None 0.2890207077600535 0.07342272648726707 0.872 0.86 0.652 0.668
ztfg-ztfr  True O94 0 37.481577075009156 0.12312073328364516 1.2349139026583054 0.05072858740678182 59256.94021364953 0.5506129599970156 None None 0.27543421990398 0.0708042069581223 0.468 0.46 0.968 0.97
ztfg-ztfr  True F19 6 37.553487032775124 0.12493003791538058 1.2348234309860964 0.04957598524658883 59256.940748986366 0.5390645565736588 None None 0.32171131842991696 0.06615019691338088 0.436 0.428 0.978 0.98