bps_used variant success reddening_law t0 e_t0 x0_mag e_x0_mag x1 e_x1 c e_c rchi2_data rchi2_data_model fitprob_data fitprob_data_model
c  True F99 59254.504034114434 1.0153670618321555 14.369112264749036 11.734093999891625 -2.2465483629604144 1.231278495134257 5.487603348509044 10.372738217918055 0.793 0.791 0.529 0.531
c-o  True F19 59256.16214720784 0.7505366572452182 8.212273624985343 0.09680582043496652 -1.306782262385295 1.1006426026650313 0.07779536886005473 0.17118554463963678 0.733 0.678 0.72 0.774
c-o  True F99 59256.16300351417 0.7349512677890511 9.241197417033218 0.0948744787294469 -1.31131667185827 1.0837819395190893 0.058502774353153764 0.1680666041152004 0.48 0.479 0.928 0.928
c-o-ztfg  True F19 59256.88686051399 0.43410001671649867 8.220860580407255 0.04643761271330866 -0.8003634083088702 0.755665565352238 0.07350865753878795 0.08298725139817272 0.784 0.717 0.737 0.813
c-o-ztfg  True F99 59256.888860000785 0.42658120775165287 9.250059079736022 0.0456896092875002 -0.8048383258761325 0.7445567844773929 0.054784654707625904 0.08169970668554159 0.482 0.478 0.974 0.975
c-o-ztfg-ztfr  True F19 59257.55237133168 0.3610803457833076 8.20421351847085 0.041826326917210985 0.1824860909134764 0.46192645202411037 0.16323542020853804 0.04408122911987438 0.813 0.774 0.771 0.824
c-o-ztfg-ztfr  True F99 59257.56142138419 0.3548494604025411 8.205624308618429 0.041213469388596984 0.19611834512763737 0.4529805396166352 0.16056061181047154 0.043366654145577055 0.813 0.797 0.772 0.794
c-o-ztfr  True F19 59257.715182330176 0.45201741275774554 8.259080332036575 0.07338006397422568 0.1985524380165363 0.49867842543139435 0.16459375558977563 0.07412226624007356 1.192 1.08 0.225 0.353
c-o-ztfr  True F99 59257.72253076823 0.4424503905825528 9.287315321017601 0.07184466403464335 0.2160036667066132 0.4887044698455088 0.14376237171908018 0.07252402638377078 0.953 0.932 0.534 0.566
c-ztfg  True F99 59256.88717751917 0.5511403825225906 9.298560483787536 0.07006276501773726 0.09729785414553509 1.1283973376721146 0.12140028895183248 0.13022712633056335 0.614 0.611 0.819 0.821
c-ztfg-ztfr  True F19 59257.64268553139 0.41853181580101356 8.308777808152339 0.044124716980233146 0.7600072043656021 0.5214718270294347 0.20907640715391945 0.04608947118364886 0.997 0.903 0.467 0.602
c-ztfg-ztfr  True F99 59257.65334993563 0.4103066563412086 8.237597668262165 0.04344515766817514 0.7651026837034088 0.5104835156511925 0.18909765326097844 0.04527413845231856 0.648 0.645 0.908 0.911
c-ztfr  True F99 59257.86077256527 0.5160616814684286 9.327571816129227 0.07669133922411224 0.7937335585400769 0.5481032990464448 0.17917711767155098 0.07716611997548681 0.785 0.78 0.721 0.727
J 1D3 True F99 59259.89136737962 1.810148981145475 9.22164067412319 62.468879774310395 6.034333914263458 100.44388363763922 0.04511294601457384 22.28119818010391 -1 -1 -1 -1
J-c 1D3 True F99 59257.03987389346 1.3234920667672605 8.19440764780141 0.06765655553943754 0.5443523961857231 1.8282381198754727 0.10244779748243579 0.07080961049352227 1.553 1.549 0.144 0.146
J-c-o 1D3 True F99 59256.658034683845 0.7228471456032902 8.16933964425916 0.061590137257611074 -1.2227527546500605 0.8552194075795285 0.11387465032803629 0.06493448188090631 0.867 0.86 0.609 0.617
J-c-o-ztfg 1D3 True F99 59257.082664813875 0.41003529570054437 8.161386909839141 0.04326004093084612 -0.7867925715712396 0.7125948069926151 0.09097442671443542 0.0478764723914912 0.713 0.707 0.838 0.844
J-c-o-ztfg-ztfr 1D3 True F19 59257.66907381035 0.3718740504149006 8.192011399061622 0.039268794253673814 0.2795356579917413 0.46351558784718633 0.1379786873111048 0.03569719522423828 0.907 0.834 0.631 0.752
J-c-o-ztfg-ztfr 1D3 True F99 59257.66951116253 0.371419082323176 8.2647815056422 0.03932719567286958 0.27667492346441064 0.4632378892615274 0.15634695209828556 0.035789680356923446 1.138 1.01 0.259 0.452
J-c-o-ztfg-ztfr 1D3 True O94 59257.66956860904 0.3714011246481569 8.264780448683775 0.03932358661493459 0.2767006948755133 0.4632099346599886 0.15635205532572244 0.03578361222178775 1.161 1.027 0.231 0.424
J-c-o-ztfr 1D3 True F99 59257.99399065241 0.4411320753932718 8.154082800815164 0.057275971727392405 0.3524040143957248 0.4772733584355362 0.10308301112824726 0.05022958666057055 1.015 0.986 0.442 0.487
J-c-ztfg 1D3 True F99 59257.17353396742 0.5437907463050847 8.201723302434948 0.0532701499301069 0.30198091562383556 1.090542105980664 0.11268458961291206 0.050821896970819944 0.907 0.903 0.55 0.555
J-c-ztfg-ztfr 1D3 True F99 59257.84108601132 0.4166931085911161 8.2185842111865 0.04009262257522338 0.8860773298020315 0.516469108237989 0.15126823013913004 0.035281403928347374 0.819 0.788 0.736 0.778
J-c-ztfr 1D3 True F99 59258.22684302553 0.4993442443430446 8.172935731296075 0.05831955199585703 0.9749110199225329 0.5430657984994963 0.11275219735141423 0.05026252231573746 0.904 0.881 0.587 0.617
J-o 1D3 True F99 59258.735806279 1.1629455027643554 8.346661157259103 0.3546099323895197 -0.9031344117838505 1.2350315986830802 0.165317002024754 0.1468190621825092 0.731 0.728 0.681 0.683
J-o-ztfg 1D3 True F99 59257.44291709803 0.46983322321731824 8.15633096304755 0.06165816585326251 -0.9792459518992944 0.8811794181663926 0.08836720790305744 0.04850907966963365 0.674 0.664 0.813 0.822
J-o-ztfg-ztfr 1D3 True F99 59258.002251441634 0.3802393088187398 8.190408143261278 0.04719720049003764 0.24670488486574166 0.48538039933044747 0.13569497465159852 0.035992468009755495 0.892 0.855 0.633 0.69
J-o-ztfr 1D3 True F99 59258.49785151431 0.47365948123614643 8.017555033451945 0.1307097174186249 0.13254576706085222 0.492470876480082 0.020130435872542395 0.09293303342197919 0.862 0.844 0.647 0.671
J-ztfg 1D3 True F99 59258.06522753766 1.0718935177175943 8.265374609026981 0.12195837283103313 1.4636194212092875 2.497247547684708 0.11149232808753903 0.052706336276510925 1.015 1.012 0.413 0.416
J-ztfg-ztfr 1D3 True F99 59258.20768001482 0.4387954858686657 8.221516953447132 0.049132669640011215 0.896476480032553 0.5628918432686439 0.15377783705855 0.036332757219862066 0.726 0.684 0.803 0.846
J-ztfr 1D3 True F99 59258.87883758287 0.5306158622196605 8.038664624222429 0.12842350314794118 0.736335205758536 0.5725421620666737 0.0317078910734504 0.0897425380693038 0.524 0.52 0.912 0.914
o  True F99 59256.98591721191 1.1481190957843423 11.049061537810552 5.078276074913019 -1.8952315920471716 1.065566484545404 1.3315926891466794 3.298149303184618 0.278 0.278 0.925 0.925
o-ztfg  True F99 59257.21575261389 0.4643664128817807 9.250740731998121 0.06255208137926435 -0.9700261135622521 1.0249762192587337 0.05253364035764568 0.10080728677209379 0.339 0.338 0.982 0.982
o-ztfg-ztfr  True F19 59257.81722839345 0.38376630489881036 8.272009061923196 0.050482656048050585 0.11661312424045828 0.4898462005904857 0.18133193678429477 0.045340514861113616 1.034 0.926 0.416 0.572
o-ztfg-ztfr  True F99 59257.82893579887 0.37631330306463895 9.301681353173578 0.04979753163370279 0.12768567010622084 0.47952173436730383 0.16188130557753366 0.04465499991351309 0.781 0.763 0.777 0.799
o-ztfr  True F99 59258.33326244735 0.5968941482855937 3.3672840652663023 2.3449198960941775 1.4043877156043973 0.6300816252562992 -5.068824428719726 2.2379416572954165 0.355 0.352 0.995 0.996
ztfg  True F99 59257.15299802352 1.2010071877367257 9.381666579731549 0.7936772193343804 0.055060288188454744 2.1139435771484445 0.7361929010996104 4.348467478460768 0.52 0.517 0.669 0.67
ztfg-ztfr  True F19 59257.972871539285 0.44454618647640654 8.309912364378143 0.053122353328031655 0.7534525843545558 0.5636137236400502 0.21154426723394665 0.04734626591016201 0.85 0.756 0.634 0.746
ztfg-ztfr  True F99 59257.98417788207 0.43479589989990935 9.338973033671849 0.0523942847391539 0.7534647171183447 0.5507304408337275 0.19189544600603872 0.046614534974284715 0.505 0.502 0.953 0.954
ztfr  True F99 59258.53593354266 0.6365566156107803 3.726490230760266 2.8987453031776735 1.4613398881926378 0.6757146263345514 -4.727295407474563 2.73928131438975 0.273 0.271 0.987 0.988