bps_used variant success reddening_law t0 e_t0 x0_mag e_x0_mag x1 e_x1 c e_c rchi2_data rchi2_data_model fitprob_data fitprob_data_model
c  True F99 58617.605048227866 0.7192470436130676 14.007583266414102 12.977425752710209 -2.042726128099077 0.30529292554268744 6.02336394196932 10.300746087276003 -1 -1 -1 -1
c-o  True F19 58618.63965075121 0.2611285622917119 6.445664751665591 0.09358283780550819 -0.6488354569270478 0.27833555222594525 -0.05820983528492758 0.06845236049831725 2.149 1.089 0.003 0.354
c-o  True F99 58618.62281479287 0.19998718198842258 7.44620931292536 0.07597362362768015 -0.7734968176201595 0.22472974836901263 -0.07635171538327079 0.056800446369032045 1.038 0.991 0.411 0.468
c-o-ztfg  True F19 58618.59068956044 0.1610107873001567 6.445712093472425 0.04575873874154176 -0.6977211044026532 0.18724737087368926 -0.05654895792284195 0.03663824308825841 1.887 1.023 0.002 0.431
c-o-ztfg  True F99 58618.58757924921 0.12960167599821948 7.4411615277595455 0.0412003598701996 -0.7720100979306354 0.15689060010548334 -0.08062107301484742 0.03351243778078871 0.786 0.755 0.8 0.839
c-o-ztfg-ztfr  True F19 58618.534775101594 0.13390048589493647 6.33130529708277 0.04155763535221524 -0.8173460427545104 0.14447934175489624 -0.09190298627771325 0.031619823329946437 0.746 0.405 0.903 1.0
c-o-ztfg-ztfr  True F99 58618.5781974929 0.1022069315018158 6.316011157238173 0.036525926076434255 -0.9118935434782209 0.11498969637349508 -0.09847723794499212 0.028311506446468442 0.7 0.66 0.943 0.967
c-o-ztfr  True F19 58618.50865369158 0.1762411067984759 6.438940306208995 0.08483865056675213 -0.8636328942200538 0.17725346954870455 -0.05863177310122656 0.06201036558556759 1.909 0.869 0.001 0.689
c-o-ztfr  True F99 58618.57564026375 0.12774445468876672 7.4224296832900585 0.06705499210564138 -0.9705512581995827 0.13674780450798796 -0.09089036079156626 0.04990888624223806 0.783 0.734 0.817 0.874
c-ztfg  True F99 58618.69498306312 0.14635258461047512 7.427443847570807 0.06072133900469576 -0.9399943675090909 0.18222947962825345 -0.05022896917855116 0.10253068823261648 0.809 0.781 0.651 0.682
c-ztfg-ztfr  True F19 58618.58314099417 0.14510367357781045 6.407570956678359 0.04369016405849648 -0.9143682002395283 0.16004238131649068 -0.08047237082563856 0.03693171806184066 2.066 0.998 0.001 0.468
c-ztfg-ztfr  True F99 58618.62967796386 0.11022296472829901 7.39269075126517 0.03799529562473925 -1.001183026257098 0.12405214727524891 -0.1134891795716681 0.03292625412370906 0.608 0.574 0.951 0.967
c-ztfr  True F99 58618.66710715447 0.14519594498172383 7.362726235831973 0.07257482402744889 -1.1101088675871242 0.15400745500834406 -0.12948334364072417 0.05858854119201078 0.609 0.571 0.88 0.908
J 1D3 False F99 58619.22260945764 -1.0 4.7801117463017295 8.651997327740112 20.272485298999925 -1.0 -0.7680685364476081 2.609788506142762 None None None None
J-c 1D3 True F99 58618.92761675427 0.2310942875511041 6.211615559617124 0.06930291718638937 -1.2439276800253747 0.3166750921401761 -0.13587627830285298 0.03897629933273574 0.503 0.495 0.68 0.686
J-c-o 1D3 True F99 58618.652358360894 0.18688729735689993 6.334069464908403 0.05577222872259458 -0.7741637103047025 0.22369191576097527 -0.09023726098390175 0.03531247030528061 0.94 0.895 0.54 0.603
J-c-o-ztfg 1D3 True F99 58618.59235241355 0.12719495482581517 6.336839064408815 0.03657532583406656 -0.7740050009173773 0.15571929660788492 -0.08588205828981801 0.02496090947451994 0.736 0.703 0.873 0.905
J-c-o-ztfg-ztfr 1D3 True F19 58618.53510152094 0.13345683870890696 6.330838298691935 0.03785308218093262 -0.8173223709531998 0.14423318825799433 -0.0924012969987844 0.026364395038475024 0.713 0.383 0.94 1.0
J-c-o-ztfg-ztfr 1D3 True F99 58618.53442997398 0.13344827494500971 6.4290568514883955 0.03790855564179518 -0.8174459713483317 0.14423376674412636 -0.06761880160705352 0.02640676508488285 1.633 0.796 0.003 0.851
J-c-o-ztfg-ztfr 1D3 True O94 58618.53440391681 0.13338937638497886 6.429052036788685 0.03789531729676631 -0.8175139004126178 0.14417984054531072 -0.0676194435188836 0.02639370761157061 1.743 0.838 0.001 0.788
J-c-o-ztfr 1D3 True F99 58618.58240531043 0.1237020273780938 6.319142393434715 0.0490398238466591 -0.9680919997110325 0.13662159758790074 -0.09361326220429332 0.033106804167809846 0.732 0.688 0.888 0.928
J-c-ztfg 1D3 True F99 58618.69080236022 0.14217817700274119 6.305172308569263 0.0392380742414333 -0.9288893269082572 0.18079303557012802 -0.09874795394523739 0.029124423610176656 0.704 0.672 0.793 0.824
J-c-ztfg-ztfr 1D3 True F99 58618.63316481745 0.10874213323493921 6.297908556980357 0.033521493470958535 -0.9989991611652678 0.1239488640883982 -0.10723533739469666 0.0245279659726238 0.577 0.535 0.973 0.985
J-c-ztfr 1D3 True F99 58618.65896142328 0.13844765895750322 6.2812500084821306 0.05053091287343044 -1.1111001682227897 0.15321967436861114 -0.11276049954771457 0.0345001121821032 0.562 0.507 0.934 0.961
J-o 1D3 True F99 58618.29768513825 0.2543561973493508 6.379058858222466 0.09362277005297738 -0.4240872598551467 0.29491958243435795 -0.0686063880697321 0.05273260190322266 0.544 0.525 0.939 0.948
J-o-ztfg 1D3 True F99 58618.43809689306 0.15489503685748007 6.360137632087563 0.042217883529906734 -0.6313275371839928 0.1790878834498388 -0.07576805955160826 0.026195359907568317 0.543 0.522 0.982 0.987
J-o-ztfg-ztfr 1D3 True F99 58618.50971350576 0.11296275303739906 6.326626592969255 0.036904760901112506 -0.8640446962627807 0.1229143405941919 -0.09357252062825082 0.024467836877000944 0.595 0.554 0.988 0.994
J-o-ztfr 1D3 True F99 58618.48239063882 0.13900063498143223 6.3603214277156805 0.07323651069770802 -0.9282487590320012 0.14991684538981237 -0.07361437225515223 0.046330332733416656 0.668 0.61 0.93 0.964
J-ztfg 1D3 True F99 58618.544541993084 0.19161965319300375 6.336885225478924 0.04889000563128801 -0.7604750721850031 0.22755952728700188 -0.08924300175028885 0.03018926598396961 0.477 0.463 0.93 0.937
J-ztfg-ztfr 1D3 True F99 58618.571784066895 0.12510585530837462 6.310687655987347 0.037839614168761145 -0.9541872261497626 0.1353371618855665 -0.10589594382664702 0.025615593484399648 0.516 0.463 0.984 0.993
J-ztfr 1D3 True F99 58618.557348631955 0.16266131532477507 6.318168177164658 0.07661347074254103 -1.0831363228030488 0.1741353532119906 -0.09326363308707886 0.046946745618251545 0.426 0.391 0.973 0.982
o  True F99 58618.29774872129 0.2548436720108782 9.140928952794438 0.8886182483964559 -0.8953884088279224 0.3437619710894473 0.9956732056916513 0.5440159822891006 0.399 0.389 0.98 0.982
o-ztfg  True F99 58618.424833329496 0.15822398024165157 7.464252238055024 0.04715314535813473 -0.6296245640680805 0.18094400533459695 -0.07069124117106398 0.034994837763898855 0.574 0.557 0.965 0.972
o-ztfg-ztfr  True F19 58618.44591696683 0.1495050346595522 6.434684898949286 0.045419025223782564 -0.7815718432452108 0.1512258838944178 -0.0660766550127487 0.03315533574579426 1.64 0.783 0.005 0.849
o-ztfg-ztfr  True F99 58618.50181887614 0.11477343160297492 7.423580132546583 0.04156049624134506 -0.8676363997276666 0.12333824199830308 -0.09625136446851709 0.03043487142175082 0.622 0.581 0.977 0.988
o-ztfr  True F99 58618.48628048671 0.14154249023034435 7.835604538518531 0.2820652157193584 -0.9363377786455157 0.14917813334773192 0.19063268149674556 0.19328342858558406 0.651 0.582 0.932 0.969
ztfg  True F99 58619.24539416607 0.5755335752108295 7.229475467093821 0.048019940683048365 -0.017085108584057294 0.6334728943944388 -1.6619634208026501 1.217632030241762 0.476 0.463 0.892 0.9
ztfg-ztfr  True F19 58618.490842636296 0.1671642409883884 6.414764855193061 0.04739622952723191 -0.8758868007695007 0.1698078642592747 -0.07914732326671176 0.03791677858593097 1.855 0.856 0.006 0.67
ztfg-ztfr  True F99 58618.55238072485 0.1274360308723372 7.400498781776026 0.042912108389741715 -0.9605015045535152 0.13532573734184203 -0.11253306583034504 0.03444942468886319 0.513 0.48 0.979 0.987
ztfr  True F99 58618.60494438408 0.1933691325621922 8.86546310681575 2.429552642160381 -1.109896435349385 0.17476309297104115 0.9389104601207462 1.7012607532578203 0.465 0.424 0.936 0.955