bps_used variant success reddening_law t0 e_t0 x0_mag e_x0_mag x1 e_x1 c e_c rchi2_data rchi2_data_model fitprob_data fitprob_data_model
c  True F99 59026.77841008652 1.3986827601301945 7.3970358271568095 1.835861645497194 0.5496719329987091 1.489389453065903 0.9640006931869454 2.141361924528502 0.12 0.106 0.729 0.745
c-o  True F99 59027.10512408591 0.21203547767024164 6.601307658450638 0.04432599842952027 0.8540163153774569 0.22857549560368332 -0.08354466897538479 0.039986065677576545 0.939 0.91 0.56 0.604
c-o-ztfg  True F99 59027.01470448316 0.12448645993386379 6.584012808768152 0.022906072451512764 0.871208463066824 0.15172320344978124 -0.09834165909874135 0.024608425361594622 0.643 0.612 0.988 0.994
c-o-ztfg-ztfr  True F99 59027.01532073806 0.096217047530132 6.585657169049219 0.021987286285979464 0.7613819669853761 0.1212411094353353 -0.07472904503690456 0.02037357428168789 0.671 0.585 0.995 1.0
c-o-ztfr  True F99 59027.02170702659 0.12366526546650207 6.613725482080161 0.042138859878222204 0.712854604484113 0.15118542020397432 -0.05106613576062248 0.03473200548811803 0.795 0.676 0.884 0.978
c-ztfg  True F99 59027.067890002945 0.14475375410010563 6.57425538564838 0.035100755007863214 0.9009600005911178 0.18932611549503814 -0.1274182187366209 0.07313671794993715 0.45 0.428 0.998 0.999
c-ztfg-ztfr  True F99 59027.0268542155 0.10595677858853636 6.594656661021201 0.023303823464145855 0.7616358701494415 0.1383375801758592 -0.05454535442169925 0.024852483529489065 0.483 0.438 1.0 1.0
c-ztfr  True F99 59027.0341951576 0.14515942420185057 6.64466422046571 0.04695946437107969 0.6847190470471225 0.1873483768476502 -0.008698155886490429 0.04268900125154691 0.438 0.422 0.999 0.999
J 1D3 False F99 59017.601967 8.303027053651114 6.868494033813477 -1.0 0.0 -1.0 0.0 6.02016466089708 None None None None
J-c 1D3 True F99 59027.41780413527 0.4287979526877809 6.732600104684927 0.050884761639691065 1.233116386591203 0.5239174427729348 0.10212762272978787 0.04796818663864298 0.131 0.116 0.877 0.89
J-c-o 1D3 True F99 59026.767810962556 0.1737917065597632 6.682269690213193 0.03727662428946785 0.6135839312373197 0.20425358509522587 0.006223843047867139 0.02807180609663498 2.35 1.188 0.0 0.22
J-c-o-ztfg 1D3 True F99 59026.87381813045 0.11598880195673637 6.61568509324586 0.02195748207079608 0.7171343255965257 0.14525812869621813 -0.037668319859936794 0.02013496091312253 2.177 0.881 0.0 0.741
J-c-o-ztfg-ztfr 1D3 True F99 59026.919686110414 0.09230967163138447 6.612363877737799 0.021303042089334465 0.6747475025381915 0.11734059331802141 -0.036478762874022255 0.01815133304039565 1.6 0.72 0.0 0.984
J-c-o-ztfr 1D3 True F99 59026.90412724746 0.11385196622155587 6.6797043214779865 0.036530440465507526 0.6024064619888723 0.1421134547661673 0.011972419847644066 0.027381139263372635 1.437 0.777 0.012 0.907
J-c-ztfg 1D3 True F99 59027.005532026014 0.14438917272069066 6.635899518007407 0.024331320194317038 0.837557380855154 0.1884698155909114 0.02472786702770442 0.028783668911525024 0.934 0.56 0.584 0.986
J-c-ztfg-ztfr 1D3 True F99 59026.95149491337 0.10194774973565204 6.619717949308393 0.02204629477457167 0.6822858244303116 0.13364517760198452 -0.012648205294391982 0.02055638743151603 1.229 0.546 0.091 0.999
J-c-ztfr 1D3 True F99 59026.95684034286 0.1342380539597637 6.691020284844132 0.03758046307567934 0.598749825811203 0.17517186745221416 0.04048681528752633 0.029509947253232364 0.776 0.475 0.834 0.997
J-o 1D3 True F99 59027.00037724084 0.2471340354460575 6.944542980450408 0.10882300858594851 0.6444819407326978 0.23982938640465118 0.15245253736887 0.06418419126083068 1.023 0.994 0.431 0.471
J-o-ztfg 1D3 True F99 59026.81088369382 0.12160423572287898 6.601543008423409 0.02515149298082113 0.6669392869564416 0.1528130857704922 -0.04336372263638373 0.020425676110472815 2.173 0.894 0.0 0.706
J-o-ztfg-ztfr 1D3 True F99 59026.883353783924 0.09497258550314014 6.599183949441342 0.024348011062112852 0.6344452876181772 0.12104548951445329 -0.042941980542947455 0.018995399047316876 1.621 0.724 0.0 0.981
J-o-ztfr 1D3 True F99 59026.9470925113 0.12613993001740928 6.798481060737356 0.07490958252450249 0.6051585316626986 0.15235279456057815 0.08604355967469077 0.04886120451728085 0.999 0.737 0.478 0.937
J-ztfg 1D3 True F99 59026.94066258414 0.1510183475374514 6.605783530249877 0.026869847726934723 0.7587812469224958 0.2015581589404363 0.02943646719680936 0.028849478475866094 0.442 0.42 0.997 0.998
J-ztfg-ztfr 1D3 True F99 59026.90534099806 0.10501738350225628 6.600804609635756 0.024958456165021955 0.6219060678531532 0.1387052518125674 -0.0206238074985763 0.02098274785900793 1.196 0.528 0.131 0.999
J-ztfr 1D3 True F99 59026.99111794366 0.15391727265928346 6.783585400988123 0.07864240623729961 0.5901305234296171 0.19788009599247314 0.09662987274063278 0.0507603051628643 0.428 0.414 0.998 0.999
o  True F99 59027.002488354134 0.24824381320238528 6.615410455852888 0.9312480303907771 0.7513834812438833 0.38811146587296574 -0.07087317432028259 0.6364531173421746 1.059 1.029 0.383 0.422
o-ztfg  True F99 59026.98760832881 0.12970499668870547 6.5739063684709365 0.025684327556552075 0.8004616319585305 0.1596789942844951 -0.10040504169180396 0.024675193941713646 0.671 0.647 0.975 0.984
o-ztfg-ztfr  True F99 59026.97905821128 0.09878259342218565 6.570974715851666 0.024908787366863798 0.7191921460092181 0.12489365150475401 -0.08180904359583456 0.021108301482212315 0.655 0.582 0.996 1.0
o-ztfr  True F99 59026.99733332803 0.1288708093662309 6.19048704263882 0.3062943942296369 0.7206328518188916 0.16593184157116145 -0.3539324578164238 0.22286103143375915 0.69 0.662 0.967 0.979
ztfg  True F99 59027.018710667995 0.8253980979335858 6.558956389941937 0.4346268262754731 0.8606120008421634 1.0699777507190413 -0.17709786602143673 2.0916376749125676 0.456 0.433 0.996 0.997
ztfg-ztfr  True F99 59026.98037707181 0.10913215494082884 6.577234370882596 0.025892962286674013 0.7005145430420399 0.14361201206261434 -0.06109576845744757 0.02504287998685769 0.434 0.418 1.0 1.0
ztfr  True F99 59026.99831123502 0.17702454424985814 7.045574165879749 3.2093933881082934 0.5759080520691339 0.2628204983156137 0.28987648133571603 2.3591158738878497 0.442 0.427 0.997 0.998