bps_used variant success reddening_law t0 e_t0 x0_mag e_x0_mag x1 e_x1 c e_c rchi2_data rchi2_data_model fitprob_data fitprob_data_model
c  True F99 58663.289515548226 4.824017825777249 7.680291468083239 1.0919447302533234 1.9568303480849263 7.742624616657263 -0.6381921361692979 2.9751594337460903 0.128 0.128 0.88 0.88
c-o  True F19 58660.28107852765 0.8620866228397058 7.876186247771753 0.10541210490632283 1.0861111073125123 0.7887420505981773 -0.14992756015425185 0.09022740700320167 0.369 0.343 0.997 0.998
c-o  True F99 58660.252218609225 0.8445176397093571 8.899677466309099 0.10766548327513444 1.002593813119737 0.7610088356646613 -0.1564322682680812 0.0895875383484738 0.276 0.274 1.0 1.0
c-o-ztfg  True F19 58660.52933355226 0.44278345253607737 7.98670345769798 0.040240404826619065 1.1942823586986009 0.4921089638118125 -0.06231517908908102 0.04558000617305655 0.47 0.426 0.996 0.999
c-o-ztfg  False F99 58660.50611640801 1.0 7.92028295488718 1.0 1.2003584710764765 1.0 -0.06586979683330804 1.0 None None None None
c-o-ztfg-ztfr  True F19 58660.45403187012 0.3363487570000037 7.9242636418105 0.037728125929411944 1.0082292882424264 0.34922615439824245 -0.034603195602510586 0.03513679021108467 0.33 0.301 1.0 1.0
c-o-ztfg-ztfr  True F99 58660.44944336776 0.32699543076027937 7.924836447419716 0.037126255952734284 1.0026325908961402 0.34002599700151687 -0.03579807052644722 0.03441324266702487 0.33 0.312 1.0 1.0
c-o-ztfr  True F19 58660.38402861143 0.45074979608458887 7.8955572414001525 0.09109839092281331 0.907006140393456 0.4219559580986713 -0.08750362935580615 0.07474176509031798 0.463 0.381 0.998 1.0
c-o-ztfr  True F99 58660.41676401155 0.42883476736458886 8.926393315762256 0.09167930314313855 0.90135686418955 0.40545860616312035 -0.0929790706490979 0.07375441194715764 0.314 0.295 1.0 1.0
c-ztfg  True F99 58660.36876733863 0.551830191717973 7.960669581963007 0.05192013437904516 1.269241084615958 0.5808108640271987 0.087255631576687 0.13198048240946056 0.265 0.263 0.997 0.997
c-ztfg-ztfr  True F19 58660.42137019515 0.3639279374211639 7.99397530107117 0.03876111268970199 1.0027744912610406 0.37185692808620463 0.012930837752753544 0.039980270345943425 0.478 0.405 0.991 0.998
c-ztfg-ztfr  True F99 58660.423309691665 0.35029637489145554 9.031717443323423 0.03952297471680856 1.0330346582821917 0.36251821832028885 0.009697576794158723 0.039668682927026445 0.237 0.233 1.0 1.0
c-ztfr  True F99 58660.456290050475 0.48828382329776165 8.97719382885009 0.10034292791916687 0.8931995616259697 0.4438906402884623 -0.030891860968068674 0.08542535782738206 0.17 0.169 1.0 1.0
J 1D3 True F99 58663.46368806901 2.9793259754255463 8.41334196295598 70.89162998315496 1.630502842297037 15.20485104966935 0.010782536866473213 25.630358139438165 -1 -1 -1 -1
J-c 1D3 True F99 58650.81774569375 0.12838717688248644 7.649744801742035 0.3980006932424956 3.469220534437847 4.3288262729320754 0.11140683946579874 0.1016994529601233 1.585 1.551 0.16 0.17
J-c-o 1D3 True F99 58660.75665667664 0.7482582172617922 7.846138933530874 0.06901944276464356 1.2386501073983027 0.8070505225937323 -0.15116389882302256 0.045067029689875644 0.36 0.357 0.998 0.998
J-c-o 2D True F99 58660.03472571573 0.7840462068606799 7.766684620416915 0.07644951379001859 1.1853397644744796 0.7874977014805006 -0.22233591208488246 0.05212713424846649 0.309 0.302 1.0 1.0
J-c-o-ztfg 1D3 True F99 58660.608475978115 0.4281221744340556 7.914650366500771 0.038141252185602846 1.3191870176896725 0.49101925032531357 -0.0910280072747353 0.031392732867754 0.43 0.412 0.999 0.999
J-c-o-ztfg-ztfr 1D3 True F99 58660.42459852436 0.3205941257043816 7.901486037739418 0.03353101676020983 1.0787196757782056 0.34228638093354297 -0.07408663211245367 0.02713756955464242 0.518 0.415 0.998 1.0
J-c-o-ztfg-ztfr 2D True F19 58660.36225116014 0.33590197668128957 7.896992401729799 0.03492304946817591 1.054947611930064 0.35191299937865034 -0.0766107488690338 0.0301070170607856 0.659 0.423 0.972 1.0
J-c-o-ztfg-ztfr 2D True F99 58660.36350570028 0.33581660334403146 7.957285634242375 0.03496483541053637 1.0540636374669878 0.35187825676980644 -0.06176268284947538 0.030150984108653543 0.792 0.529 0.857 0.998
J-c-o-ztfg-ztfr 2D True O94 58660.363487417286 0.33580095843091373 7.957276100125089 0.034961445291215164 1.0540749849012574 0.35186107778980497 -0.06176881380337579 0.03014568330470393 0.808 0.541 0.835 0.997
J-c-o-ztfr 1D3 True F99 58660.48317029783 0.4078646351158517 7.789330641130799 0.06092468671511412 0.9784487877321038 0.4119929502494351 -0.13075089131742887 0.04322992131586453 0.421 0.392 0.999 1.0
J-c-ztfg 1D3 True F99 58660.79904845415 0.5106076694076164 7.9262519313071875 0.04021999662988486 1.5819981111302168 0.5587506105450794 -0.09959868786419254 0.03818129649801865 0.545 0.519 0.931 0.946
J-c-ztfg-ztfr 1D3 True F99 58660.43854903287 0.34597061874893087 7.898559842032667 0.03497853366030724 1.1654273754973492 0.3665037438200188 -0.05189876164100224 0.029009441234611643 0.684 0.505 0.907 0.99
J-c-ztfr 1D3 True F99 58660.44144449163 0.4610688426682388 7.789389552351793 0.06124136240065937 1.041985838387692 0.4530426039887222 -0.12140092188104323 0.04363172157249845 0.49 0.435 0.968 0.984
J-o 1D3 True F99 58660.780881598155 0.8842604029018046 7.82131299815237 0.15186642414985907 0.9085430430254227 1.0226005393557271 -0.1405678096202418 0.08713363233133009 0.495 0.492 0.962 0.963
J-o-ztfg 1D3 True F99 58660.437365027 0.4437447503261049 7.931005538807586 0.04215270352435187 1.2434752666167352 0.5393273759079117 -0.08390291862674043 0.032130681253539614 0.418 0.41 0.998 0.999
J-o-ztfg-ztfr 1D3 True F99 58660.38811151132 0.3281309833757143 7.90377333757563 0.03736854269526176 1.0694768268336121 0.3579905660748937 -0.05654375097366644 0.0284295066754815 0.57 0.469 0.991 0.999
J-o-ztfr 1D3 True F99 58660.49550630567 0.4207396278597214 7.71183729927996 0.09530147937517254 0.8828299076537355 0.4294915984805599 -0.19569810170876856 0.0653040824309417 0.374 0.358 1.0 1.0
J-o-ztfr 2D True F99 58660.36750936446 0.4290133989805491 7.501782576999771 0.12515757295926003 0.8513054627981131 0.4304916555763218 -0.3567111598095388 0.09094883178909795 0.276 0.267 1.0 1.0
J-ztfg 1D3 True F99 58660.686598815926 0.5462816862912249 7.947609609072469 0.046088980239238624 1.5715937320520488 0.6474271349460956 -0.09888408268939611 0.039201960687980444 0.606 0.599 0.826 0.831
J-ztfg-ztfr 1D3 True F99 58660.34924746498 0.36698408900892837 7.908354895174227 0.03693808107744853 1.072944821288619 0.38469271146977074 -0.060742443075626304 0.02951242619801275 0.797 0.545 0.751 0.968
J-ztfg-ztfr 2D True F99 58660.29867399728 0.3778152488705901 7.897878940019159 0.03710765154290415 1.084444687778327 0.3872115269781453 -0.07943134982111791 0.03093898950070502 1.027 0.741 0.425 0.82
J-ztfr 1D3 True F99 58660.603657565276 0.48559550786782835 7.680815496486003 0.09889415965666498 0.9159137144891858 0.47427208022441836 -0.18666728933117438 0.06589485674069158 0.44 0.436 0.956 0.957
o  True F99 58660.036884029454 0.9503558378856038 8.727663139051462 3.7089594277126654 0.28807257093172 1.348587169931149 0.502380336074834 2.518535893924202 0.305 0.304 0.996 0.996
o-ztfg  True F99 58660.29456460971 0.4670173270863556 7.931980052499464 0.04434923060261967 1.0892318021581864 0.5378798277078344 -0.06604247056323728 0.04605111072510666 0.309 0.307 1.0 1.0
o-ztfg-ztfr  True F19 58660.38236037112 0.34599553081750045 7.992162142494529 0.04073781614611502 0.9565895352255114 0.365224593727053 -0.014747755272349452 0.03619659741763391 0.526 0.434 0.995 0.999
o-ztfg-ztfr  True F99 58660.38199018421 0.33392779806558875 7.928770889346947 0.04142317011548955 0.9808974195313421 0.35548794338977935 -0.017752623300156253 0.03602929469877318 0.354 0.333 1.0 1.0
o-ztfr  True F99 58660.27784420585 0.4338835920944991 6.7829839023954905 0.781452262568116 0.8953107112341419 0.440123415096815 -0.8936050796497457 0.615849272931715 0.235 0.234 1.0 1.0
ztfg  True F99 58659.5954709378 0.7018513953487081 9.287918669403911 3.577742644377004 0.13794745714128467 1.0898928327237905 3.528292349117155 6.47292628327928 0.319 0.316 0.959 0.96
ztfg-ztfr  True F19 58660.35670423199 0.37483942916406565 7.999554870078472 0.041681971546613024 0.9530872764755023 0.3914158659459334 0.016766038624374962 0.040702737888813824 0.517 0.425 0.969 0.991
ztfg-ztfr  True F99 58660.36049842846 0.3602326819481503 7.938366879073088 0.0424653424787442 0.9920840866061087 0.38131303274295225 0.013898103342494025 0.04046229947554723 0.251 0.249 1.0 1.0
ztfr  True F99 58660.37497939141 0.5133012277533542 6.087819128354521 4.260174406836431 0.949884237194158 0.5715712212900574 -1.4588747686344452 3.4927191307121315 0.178 0.176 0.998 0.998