bps_used variant success reddening_law t0 e_t0 x0_mag e_x0_mag x1 e_x1 c e_c rchi2_data rchi2_data_model fitprob_data fitprob_data_model
c  True F99 59242.36626846632 0.20279692261643426 7.816710481595578 0.3924042271205038 -2.146620449166835 0.26885053761472766 1.0019202517755628 0.4076355867589088 0.478 0.442 0.851 0.876
c-o  True F19 59242.9278380186 0.22544833749552526 5.955929124425458 0.07755245221848187 -1.4809484078663395 0.27964471461291684 -0.08872173696879787 0.06333574492249153 10.536 2.765 0.0 0.0
c-o  True F99 59242.953055567355 0.15093170645658166 6.899464620749116 0.05788964294572329 -1.506547442423407 0.19080605852944943 -0.12455194459398689 0.04778875136228675 1.76 1.54 0.034 0.082
c-o-ztfg  True F19 59242.93599129765 0.17189582205332848 6.0069109824837605 0.048814068161277875 -1.6773607037314489 0.1877721194228095 -0.02808858518634093 0.04137373630538643 9.379 2.667 0.0 0.0
c-o-ztfg  True F99 59242.91438583226 0.11714683329995615 6.926411129071667 0.038885824017516946 -1.7546577566110768 0.13208538795750585 -0.07688643832450659 0.03292310866965856 2.095 1.771 0.0 0.006
c-o-ztfg-ztfr  True F19 59242.996217711996 0.1494210423269297 5.865679841441709 0.04424091243732254 -1.6222054933919845 0.1589098822551892 -0.04872018829511256 0.0329197673773836 1.763 0.709 0.001 0.927
c-o-ztfg-ztfr  True F99 59242.9501536539 0.09903587628981622 5.842897982483062 0.03568209593504471 -1.7069329594250866 0.11277152256737728 -0.06071583265747884 0.026953661384173395 1.734 1.484 0.002 0.02
c-o-ztfr  True F19 59242.98537647777 0.17876456791459816 5.974674618971296 0.06912764790412924 -1.5035120612544999 0.20218685570583314 -0.05853470938556669 0.05190583745682463 7.186 2.039 0.0 0.001
c-o-ztfr  True F99 59242.97708106479 0.1165366234050967 6.90642443382241 0.05181949130007011 -1.5538820850944777 0.14247297764589792 -0.10451812519311982 0.039269666414846575 1.469 1.274 0.049 0.148
c-ztfg  True F99 59242.78093773287 0.1262746950138794 6.993580647043272 0.0551638813302454 -1.914229803365163 0.15012913598113553 0.07925787907741537 0.0682200098942057 1.812 1.568 0.011 0.044
c-ztfg-ztfr  True F19 59242.97816968101 0.16028032595220718 6.040014852533208 0.04978640081695477 -1.6645790311521105 0.17981330483264807 0.02317299044024107 0.040035782706807785 8.019 2.273 0.0 0.0
c-ztfg-ztfr  True F99 59242.924336561315 0.1062542283284998 6.955766193410371 0.03999033525715623 -1.7622969660753594 0.12647682640377236 -0.027662896135668656 0.032863684713266124 1.624 1.419 0.01 0.049
c-ztfr  True F99 59242.96880243307 0.13509592839391923 6.940302792543558 0.061831084177953265 -1.5826730519709251 0.17946952305913144 -0.06107076115314247 0.04967321465032971 1.394 1.207 0.108 0.233
J 1D3 False F99 59242.985516868765 8.206004270777836 6.8750044980798855 70.4393060226238 0.0 61.151234538444754 0.0 24.268460021404515 None None None None
J-c 1D3 True F99 59242.83543046882 0.19704458664742328 5.89470664207291 0.06796758537217187 -1.652001660999933 0.2988722788563596 0.022690593813796386 0.036011977437007875 1.526 1.227 0.132 0.273
J-c-o 1D3 True F99 59242.840697423 0.14054237157855687 5.882444105115609 0.04944176168927045 -1.5977133999664677 0.1791968510820906 -0.022419822754829136 0.030899065338345712 2.771 1.768 0.0 0.026
J-c-o-ztfg 1D3 True F99 59242.87259678164 0.11279199856301009 5.857105625046824 0.036089754074084324 -1.783972959215813 0.12842980463351955 -0.028338392005708774 0.024444798586903217 2.42 1.799 0.0 0.004
J-c-o-ztfg-ztfr 1D3 True F19 59242.968968282774 0.14660124268060012 5.885824263527621 0.04242444678689557 -1.6473403576743118 0.15659479613755567 -0.019216501648095 0.02757607502761768 1.972 0.725 0.0 0.918
J-c-o-ztfg-ztfr 1D3 True F99 59242.965457114 0.14649673041637482 6.047356435271565 0.0424520246701213 -1.6504342454409056 0.156441345000154 0.021724271673710615 0.0276289489076595 7.073 2.045 0.0 0.0
J-c-o-ztfr 1D3 True F99 59242.93495576682 0.11252923050071777 5.881218676734478 0.04501869394901179 -1.5959370068962881 0.13720482791799346 -0.029741097468958564 0.02942166280240833 2.113 1.429 0.0 0.058
J-c-ztfg 1D3 True F99 59242.805222009716 0.1233477703955021 5.854587135904074 0.04016277055716882 -1.8963841099921335 0.14878416857786755 0.014054787648654242 0.02851888437535857 1.714 1.487 0.016 0.059
J-c-ztfg-ztfr 1D3 True F99 59242.916654575536 0.10446015626150822 5.871666864034822 0.03625920114405522 -1.769181279332204 0.12488051202664067 -0.006174088766145071 0.02459561269627334 1.636 1.37 0.008 0.064
J-c-ztfr 1D3 True F99 59242.945363572435 0.13032039351001698 5.894326816074113 0.050077555385568545 -1.6129511271565184 0.17307986115875526 -0.003096099851079063 0.03163398569106688 1.584 1.199 0.037 0.232
J-o 1D3 True F99 59242.671451038084 0.653251640160652 6.137226571966002 0.13776546567704037 -1.5692607371238056 0.23166047952172206 0.09900430545776803 0.06136157129401698 1.7 1.61 0.117 0.14
J-o-ztfg 1D3 True F99 59243.028278140046 0.1582913751179013 5.888214075931836 0.043695190636495615 -1.7558673962661753 0.14636653859456097 -0.027103613508749097 0.025726536716494653 2.71 1.897 0.0 0.008
J-o-ztfg-ztfr 1D3 True F99 59243.0388042055 0.11982121741044699 5.898342402782248 0.03930846468151447 -1.702204929933227 0.12065048853950894 -0.020106628207002097 0.023958390472885952 1.966 1.485 0.001 0.032
J-o-ztfr 1D3 True F99 59243.02282278021 0.15461190339741712 6.03622138999118 0.08352353067931399 -1.5867665902172967 0.15348967964009796 0.05525592651029074 0.048482117363109034 1.561 1.282 0.052 0.178
J-ztfg 1D3 True F99 59242.93721441711 0.18080138121413136 5.85573683288103 0.05027016826540241 -1.9046229630287128 0.1815605060823838 0.006066137426432721 0.030340849345935606 1.695 1.587 0.055 0.08
J-ztfg-ztfr 1D3 True F99 59243.02119550911 0.13137204701308752 5.891353587867773 0.042708764011146025 -1.752741302410342 0.14054316861343913 -0.0014206858452118702 0.02597453877487164 1.495 1.293 0.047 0.141
J-ztfr 1D3 True F99 59243.07233769988 0.18194379930987215 6.01292000622547 0.08987284920626898 -1.589920412091928 0.21135659551604544 0.056979687404046186 0.04924615571955575 1.042 0.96 0.406 0.485
o  True F99 59241.6688750622 1.3896696437599467 5.308903061686484 1.7716761689768263 -1.306957604689772 0.3954294408944605 -1.1567041103030649 1.2263459152243108 2.65 2.583 0.047 0.051
o-ztfg  True F99 59243.114398702935 0.16762775847969422 6.955925583146574 0.04583867584593806 -1.7075893556684014 0.15273438059428643 -0.08997218267623122 0.03423299334578461 1.774 1.683 0.02 0.031
o-ztfg-ztfr  True F19 59243.15466105749 0.18779093362148716 6.05681473074298 0.04951639178164679 -1.5813978676621623 0.16803451648797152 -0.0034042497969472623 0.03370466757058516 5.679 2.042 0.0 0.0
o-ztfg-ztfr  True F99 59243.06078710097 0.1236458237093343 6.969180662422726 0.041517471764021624 -1.6878579820520891 0.12345098524169747 -0.05545207215856392 0.028570358135120846 1.593 1.427 0.017 0.053
o-ztfr  True F99 59243.091279272194 0.16390866273041127 6.375920746500043 0.4126218275608296 -1.500241338465444 0.16559525108225645 -0.4766044902674764 0.28936149040273623 1.237 1.167 0.221 0.28
ztfg  True F99 59242.455754746865 0.2435468564725078 7.789169893897666 0.625035008657715 -2.2675332357486635 0.20370777413859947 1.7427085094129393 1.0585658774547786 1.624 1.502 0.085 0.123
ztfg-ztfr  True F19 59243.15321700151 0.2052400844531689 6.067247126744404 0.05553234671750932 -1.6106933521122246 0.19716995976528637 0.025305475386635617 0.0407420354407646 6.078 2.102 0.0 0.001
ztfg-ztfr  True F99 59243.03510872123 0.13556632535390892 6.973392032070755 0.04635340159368539 -1.7446767453898162 0.14370086459827078 -0.02779475005357506 0.03440710123823051 1.445 1.346 0.07 0.116
ztfr  True F99 59243.16927698489 0.21036642577674147 8.727709759554953 2.21661203623146 -1.5918863375259953 0.21592605976356252 1.1740769306431087 1.5068171903928682 1.174 1.078 0.303 0.375