bps_used variant success reddening_law t0 e_t0 x0_mag e_x0_mag x1 e_x1 c e_c rchi2_data rchi2_data_model fitprob_data fitprob_data_model
c  False F99 59511.379133201226 3.072292384191817 13.228911782003323 10.288717079603181 7.675655215811204 9.874178730201958 -15.282049899268427 20.415192955420608 None None None None
c-o  True F19 59513.0610689668 1.0074236250574382 8.293271897964988 0.20829348286424823 -1.865495872494423 1.3807272242406508 0.28899351329263445 0.15586669249947419 2.087 1.94 0.015 0.025
c-o  True F99 59513.06310268758 0.9900548463192619 9.032846373261314 0.20563001732043068 -1.8573702723811962 1.3573407367979176 0.18984998426769173 0.15349795536430746 0.361 0.359 0.977 0.977
c-o-ztfg  True F19 59511.87894842794 0.6004021846266634 8.214193429708915 0.11895417806470998 -1.095981406134812 0.8633019833499039 0.22147190361316846 0.0953239801543786 2.546 2.369 0.0 0.001
c-o-ztfg  True F99 59511.88477424612 0.5923533915052546 8.954732368868193 0.11826755542585737 -1.0963062650356359 0.8497491099604809 0.12361244065456833 0.09445574412280203 0.442 0.44 0.979 0.98
c-o-ztfg-ztfr  True F19 59512.378253016774 0.5194565516149187 7.955687863587446 0.11851845211547951 -0.5368624156400266 0.8375150797468593 0.2646404282584748 0.08143244561939272 0.658 0.616 0.895 0.927
c-o-ztfg-ztfr  True F99 59512.39431947839 0.5090679597263726 7.962686526005024 0.11797163508750678 -0.5203732560821452 0.8246318685488607 0.25724537294439653 0.08062975904249749 0.661 0.64 0.893 0.91
c-o-ztfr  True F19 59513.115008851724 0.6984981479436223 8.399082863573392 0.18194633249996117 -0.11468337340791819 1.1561822707885134 0.39562149813955555 0.1286805977711356 3.005 2.704 0.0 0.0
c-o-ztfr  True F99 59513.11375124809 0.6809937697849997 9.140409165904913 0.17991487857506427 -0.08425448625166942 1.132104771080933 0.29781088838023917 0.12700037605606784 0.635 0.614 0.867 0.884
c-ztfg  True F99 59510.97602203549 0.9493135488633695 9.112621165748791 0.20265949683051837 0.3596037611705428 1.4903737192831619 0.31644546982812727 0.2738133861201502 0.233 0.232 0.948 0.948
c-ztfg-ztfr  True F19 59512.04259918388 0.5399493637993255 8.40253052888332 0.13333339075973932 -0.08358226352759625 1.1156653885834495 0.4645788415727997 0.0940891875287591 4.779 4.347 0.0 0.0
c-ztfg-ztfr  True F99 59512.06740454833 0.5255526642898213 9.143925845446645 0.131907764158833 -0.10350059624082575 1.0920776612640442 0.367082283356582 0.09257875268056769 0.465 0.46 0.926 0.928
c-ztfr  True F99 59512.71231907182 0.7204900607762723 9.294351581175388 0.2123246047884302 -0.25543322447738687 1.730069474000526 0.47981896970417814 0.16965557070820955 0.377 0.374 0.865 0.867
J 1D3 False F99 59513.711237364994 3.7849538086732317 17.186845818995984 47.99472262550612 224.67502051503482 6162.268126184915 2.4736049385849297 22.708625513128254 None None None None
J-c 1D3 True F99 59512.52411757514 0.5449084247457354 8.047717563554466 0.19556527958264053 1.1226530974103097 3.8795819061071977 0.2379530411113721 0.06350878128438325 1.152 1.144 0.316 0.319
J-c-o 1D3 True F99 59512.63731011322 0.47109440301071964 7.969190009847814 0.11401299254650242 -1.7751478876831301 1.2578999800619313 0.22917623655990116 0.05839722156812698 0.432 0.426 0.97 0.972
J-c-o-ztfg 1D3 True F99 59512.23855219289 0.4290501695038332 7.937339650672614 0.0937444200362326 -0.8309514517264202 0.847869088538854 0.2011596293764829 0.048742233066469694 0.51 0.5 0.968 0.972
J-c-o-ztfg-ztfr 1D3 True F19 59512.36712552706 0.41634996473226404 7.905927988149499 0.09018634710328004 -0.6579628890871941 0.7991704480088011 0.21732584767835383 0.047932046620666795 0.682 0.606 0.89 0.946
J-c-o-ztfg-ztfr 1D3 True F99 59512.37387944955 0.4177217476437449 8.28070052162402 0.09073335430416099 -0.6260991256045855 0.8024078829748085 0.3163942324608734 0.04830223095816204 2.623 2.344 0.0 0.0
J-c-o-ztfg-ztfr 1D3 True O94 59512.37426381067 0.4175322434674313 8.280692574564977 0.09069065836259166 -0.6257147912387356 0.8022603267581501 0.31637326672513455 0.048250661936464066 2.835 2.527 0.0 0.0
J-c-o-ztfr 1D3 True F99 59512.74982804741 0.4047006806589836 7.9194928581850625 0.1033693420945057 -0.5011778521068264 1.0308197348111827 0.21512602509667142 0.05420183558860426 0.658 0.633 0.877 0.898
J-c-ztfg 1D3 True F99 59512.06834224357 0.4867512443865163 7.98225054520848 0.12196571631628803 0.03492798389970095 1.2766000009700034 0.21733466375279215 0.05184930225497361 0.593 0.589 0.785 0.788
J-c-ztfg-ztfr 1D3 True F99 59512.31316715595 0.39392432331397526 7.934157236039852 0.10526482239742622 -0.19479529131748902 1.0545761749186169 0.22875753332399396 0.04733311322678831 0.848 0.747 0.617 0.728
J-c-ztfr 1D3 True F99 59512.68816692087 0.4442801215100723 7.951129320731786 0.12902675659170915 0.7542547187139107 1.6951843314500745 0.22279086521505595 0.055253627483479464 0.844 0.778 0.563 0.622
J-o 1D3 True F99 59512.539445932554 0.49223433648970116 8.041698288798381 0.18214001573979233 -2.4542990755828424 1.4269349257933266 0.26457111207224143 0.08419784193369917 0.368 0.365 0.975 0.975
J-o-ztfg 1D3 True F99 59512.22107856162 0.4307444734642469 7.926386968817446 0.10850635794155733 -0.9563855262087182 0.8835350912089351 0.19738571471946903 0.05225104244403795 0.53 0.518 0.946 0.952
J-o-ztfg-ztfr 1D3 True F99 59512.41485513642 0.3707839320686566 7.8820429043048 0.0994393303330674 -0.8145142962747804 0.8060922499488969 0.2013303702300184 0.04932657295027448 0.681 0.654 0.875 0.899
J-o-ztfr 1D3 True F99 59512.72010335987 0.40364722342768145 7.812548792103113 0.13570443120457637 -0.7356654211740065 1.0517924266113323 0.16562012570629492 0.06895416813525324 0.622 0.596 0.885 0.905
J-ztfg 1D3 True F99 59512.056659957365 0.4932080724368057 7.979969619780117 0.16628685548642397 -0.050412812957790626 1.5353523719813418 0.2165458525618536 0.06005634618589466 0.749 0.744 0.587 0.591
J-ztfg-ztfr 1D3 True F99 59512.283309344784 0.38050199658465084 7.865057449060686 0.12324559802107302 -0.6796992284440233 1.103274602708668 0.206077699233484 0.051483502661959404 0.879 0.767 0.56 0.673
J-ztfr 1D3 True F99 59512.5492377597 0.45136795767816645 7.698996732899257 0.1965397550397143 -0.5663706697497728 1.8583077436496702 0.128792294161317 0.07863476996315848 0.46 0.457 0.806 0.808
o  True F99 59512.8618881652 1.0705923137000226 9.451674890194923 3.4620719661470387 -2.428233523108978 1.5263950848038348 0.46560134820599397 2.22345252631055 0.308 0.307 0.973 0.973
o-ztfg  True F99 59511.85171376025 0.5920408578516303 8.937961985190988 0.1295078542910714 -1.2598171017050042 0.8838684056396268 0.11413541833593262 0.09671863746949959 0.44 0.439 0.968 0.968
o-ztfg-ztfr  True F19 59512.355695502556 0.5056870577794634 8.27317310695395 0.13293023000762044 -0.7516585907982769 0.8688657990734429 0.32915955575356026 0.08688618566121384 2.86 2.556 0.0 0.0
o-ztfg-ztfr  True F99 59512.37175947218 0.49475657284756996 9.017692799541443 0.13232449696372175 -0.7321096734754936 0.8550664628099932 0.23424814915517098 0.08604064648473826 0.688 0.663 0.85 0.873
o-ztfr  True F99 59512.34112605485 0.6661066598729116 6.479543272057013 1.8015011116138209 -1.5150397262322302 1.2242529780776081 -1.604815502967662 1.3717426769475423 0.305 0.304 0.995 0.995
ztfg  True F99 59512.42206793995 1.9750390554506736 10.161985031436231 3.202910045363627 1.6899646862929614 2.702536344871824 -4.587591892043253 3.4108854325729405 0.037 0.037 0.964 0.964
ztfg-ztfr  True F19 59512.04154975689 0.5106342244857651 8.339344488978362 0.15269465912984942 -0.4890289521096333 1.1806704937887362 0.43841041997778396 0.09832156496253895 4.959 4.431 0.0 0.0
ztfg-ztfr  True F99 59512.064850774696 0.4950036479201521 9.079986269155096 0.15133511192062524 -0.5117292870019599 1.1539926806834833 0.3405508029205281 0.09679224167290795 0.449 0.446 0.892 0.894
ztfr  True F99 59513.06388355211 1.1985718228200566 14.928875166818194 18.25640952298419 -0.43618169162595 1.7319138456060932 4.358218986392785 11.922666605954678 0.388 0.385 0.679 0.68