bps_used variant success reddening_law calibration DM e_DM st e_st Tmax e_Tmax dm15 e_dm15 EBVhost e_EBVhost rchi2_data rchi2_data_model fitprob_data fitprob_data_model
c-o  True O94 0 37.22368517187835 0.3612300063376002 0.8674398777605381 0.046548273836234354 58529.42029948501 0.4921945226522397 None None 0.040260295751510085 0.2954895651737244 0.141 0.141 0.999 0.999
c-o  True F19 6 37.235776763805006 0.30337112200238386 0.8674012862722964 0.04654941474838998 58529.42123640531 0.4921297322028758 None None 0.0011695746722639455 0.29820306170268723 0.141 0.141 0.999 0.999
c-o-ztfg  True F19 6 37.19295088681439 0.11472201581336906 0.8015925787825422 0.045095573674482685 58529.18617996491 0.48672705605619093 None None -0.03594857033293515 0.078718497550057 0.327 0.325 0.98 0.981
c-o-ztfg-ztfr  True O94 0 37.11100783335209 0.11606830218242166 0.7948340767541091 0.043132074826800454 58529.09807206024 0.4764792626015343 None None 0.009682385027542467 0.08442920960559601 0.331 0.33 0.99 0.991
c-o-ztfg-ztfr  True F19 6 37.12920901178436 0.10536768070332675 0.7957896475198913 0.04054676989670134 58529.094170708544 0.4497662166073161 None None -0.010015789973874834 0.07673689472946216 0.328 0.327 0.991 0.991
c-o-ztfr  True F19 6 37.29442511456724 0.2500982612893148 0.8238468321799297 0.03874635615585607 58529.13505271236 0.42929666579369796 None None -0.1323188902131855 0.23600725611701456 0.187 0.186 0.999 0.999
c-ztfg-ztfr  True F19 6 37.01406748384829 0.08405534097702488 0.7767657290880553 0.03150300571409093 58528.06931613444 0.3732477098533091 None None 0.03293799844361382 0.06149853276027041 0.019 0.019 0.981 0.981
J-c-o 1D3 True O94 0 37.259441335128564 0.1876023762653714 0.8849358123462289 0.0521030296885838 58529.444380356676 0.5554688745472182 None None 0.03034794642706644 0.1428871793471197 0.234 0.23 0.995 0.996
J-c-o 1D3 True F19 6 37.27503320533416 0.14754468950014352 0.8849523773118616 0.04720484904576386 58529.441777221866 0.5073244046307239 None None -0.019180760585363412 0.12663808629541254 0.234 0.23 0.995 0.996
J-c-o-ztfg 1D3 True F19 6 37.16803225285485 0.11228640186650973 0.7914609764210739 0.04687014908015148 58529.03512164044 0.49796506523333295 None None -0.03224546485108377 0.07796476052248696 0.374 0.365 0.978 0.98
J-c-o-ztfg-ztfr 1D3 True F19 0 37.101491005907825 0.11240145949447498 0.785771402961986 0.043501826087028815 58528.920560957034 0.481850436000662 None None 0.002456747172202226 0.08338822060851774 0.351 0.344 0.992 0.993
J-c-o-ztfg-ztfr 1D3 True F99 0 37.11275689003448 0.10807233882076943 0.7856080242174256 0.043328060685842995 58528.92494338075 0.4807138089254931 None None -0.0011988570036473628 0.08122101790148889 0.352 0.345 0.992 0.992
J-c-o-ztfg-ztfr 1D3 True O94 0 37.100574630250996 0.10710159791846588 0.7864564657386687 0.04113071114013241 58528.91736303388 0.4569944073791708 None None 0.004319827198937462 0.07946067732153415 0.35 0.344 0.992 0.993
J-c-o-ztfg-ztfr 1D3 True O94 1 37.15208974570743 0.11290542490893099 0.7841442313598356 0.041557689298254194 58528.95638771126 0.45954176432657906 None None -0.01983129912416902 0.07940795847542562 0.371 0.363 0.989 0.99
J-c-o-ztfg-ztfr 1D3 True O94 2 37.13511560579738 0.10891130949475203 0.7842090688771862 0.04161472840207747 58528.957499979806 0.4603354583664207 None None -0.01968822099753019 0.08078927601690265 0.372 0.365 0.989 0.99
J-c-o-ztfg-ztfr 1D3 True O94 3 37.13092861801348 0.1118411192737715 0.7847699046504057 0.04139828786064371 58528.94667875194 0.4584713617126107 None None -0.02400760470573052 0.07881868305767789 0.364 0.357 0.99 0.991
J-c-o-ztfg-ztfr 1D3 True O94 4 37.13170002943251 0.11210331439336711 0.7846618805670544 0.04144307712462088 58528.94613738488 0.4588338571670833 None None -0.02374523763819559 0.07895294479201048 0.365 0.358 0.99 0.991
J-c-o-ztfg-ztfr 1D3 True O94 5 37.140844870459205 0.11286503628308281 0.7851509033903544 0.041447988469944755 58528.94980111172 0.4594986337054296 None None -0.026383871682281103 0.07965783279510366 0.365 0.358 0.99 0.991
J-c-o-ztfg-ztfr 1D3 True F19 6 37.11494668098682 0.10385849167260969 0.7880117652098607 0.041182380027423464 58528.921225156126 0.45774284534769993 None None -0.008146079726761079 0.07574838566776972 0.35 0.343 0.992 0.993
J-c-o-ztfg-ztfr 1D3 True F99 6 37.12400071814265 0.10423864504905303 0.7877070969094857 0.04349519318146295 58528.92313300484 0.48193412862241647 None None -0.011804675486965614 0.07736231015650406 0.35 0.343 0.992 0.993
J-c-o-ztfg-ztfr 1D3 True O94 6 37.114252967179034 0.10868698648078676 0.7882683704398625 0.04351406897367901 58528.91801784365 0.48265156187034464 None None -0.007006045605517514 0.07949704873951523 0.349 0.342 0.992 0.993
J-c-o-ztfg-ztfr 1D3 True O94 7 37.13461643005641 0.10632376333760439 0.7856402521200541 0.04152051023482297 58528.95253983266 0.45975985245809375 None None -0.03248527424779943 0.07661860743316222 0.37 0.363 0.989 0.99
J-c-o-ztfg-ztfr 1D3 True O94 8 37.12434121875418 0.09734985266433333 0.7856787393404723 0.041569370083806984 58528.960375571034 0.45992245504123597 None None -0.029328643635322987 0.0781558338269325 0.373 0.366 0.988 0.99
J-c-o-ztfg-ztfr 1D3 True O94 9 37.132479840993774 0.10490435896323845 0.7856509826112731 0.04148532262012509 58528.95125395366 0.45956745522226605 None None -0.033410074377209206 0.07691798972143338 0.37 0.363 0.989 0.99
J-c-o-ztfg-ztfr 1D3 True O94 10 37.30694758667869 0.12367559985009594 None None 58528.51203287541 0.627155597186813 1.0825294121380047 0.0674920941116974 0.09489400892329862 0.0811294808866713 0.585 0.553 0.898 0.92
J-c-o-ztfg-ztfr 1D3 True O94 11 37.31720392916682 0.12491277115120736 None None 58528.50352153884 0.6267004125948986 1.0822289251661024 0.06741178959287818 0.09192248994536079 0.08084999506328834 0.585 0.553 0.898 0.92
J-c-o-ztfg-ztfr 1D3 True O94 12 37.33542522860253 0.12455200098937638 None None 58528.48730408841 0.6247924400951881 1.0817129273066952 0.06723642584317915 0.09513787832014536 0.08070808001213096 0.582 0.549 0.9 0.922
J-c-o-ztfg-ztfr 1D3 True O94 13 37.28481752211777 0.12712679763966245 None None 58528.47826883651 0.6193361413014515 1.081912333837415 0.0670656867073819 0.0732544476099414 0.07967324641011134 0.561 0.529 0.915 0.934
J-c-o-ztfg-ztfr 1D3 True O94 14 37.28231401511815 0.12291705018831697 None None 58528.47900362547 0.6222042020808715 1.081717311646762 0.0671387469400672 0.0788542504832533 0.08065678060833212 0.571 0.539 0.908 0.928
J-c-o-ztfg-ztfr 1D3 True O94 15 37.323786950123626 0.12893769503682212 None None 58528.45173628013 0.6175721361306842 1.0809266688945025 0.0668148755640587 0.07485756755502863 0.0791944128555395 0.561 0.53 0.914 0.933
J-c-o-ztfr 1D3 True F19 6 37.19618477517692 0.15105351333780725 0.8277075332086723 0.04217043934665449 58529.20589598222 0.4581543444823093 None None -0.04252116279039348 0.1280496485494301 0.279 0.273 0.996 0.996
J-c-ztfg-ztfr 1D3 True F19 6 36.99986129128134 0.10528430984865025 0.7776290948483089 0.046053222112960424 58527.85274130746 0.6535021258529906 None None 0.0413728942353366 0.07553523648544226 1.777 1.639 0.114 0.146
J-o-ztfg-ztfr 1D3 True F19 6 37.143903237307896 0.10002983817087491 0.8172949115318712 0.0396589424781909 58529.138770934514 0.44156158533955936 None None -0.0055201217739972615 0.0723859022456982 0.256 0.251 0.998 0.998
J-o-ztfr 1D3 True O94 0 37.175080716405674 0.19310122586736714 0.8344179596260615 0.04517145997964479 58529.230106083145 0.49040867986452635 None None 0.008161819803691904 0.15203745443577932 0.275 0.269 0.995 0.995
J-ztfg-ztfr 1D3 True O94 0 37.018108414155286 0.1329222582742143 0.8126174462708353 0.06370425760759633 58528.691158251626 0.8403281593317489 None None 0.06608920501031415 0.10014436290953493 0.43 0.411 0.732 0.745
J-ztfg-ztfr 1D3 True F19 6 37.044597723397594 0.12784328051764138 0.8109333407284729 0.06342725438091885 58528.713995203354 0.8326325215910555 None None 0.03800148379712637 0.08851935320095437 0.425 0.405 0.735 0.749
o-ztfg-ztfr  True F19 6 37.149117278597735 0.09876774033684523 0.8155706539699796 0.03787291603963353 58529.19512038804 0.4236858049008015 None None -0.010996815767799109 0.07178249987295468 0.207 0.206 0.999 0.999
ztfg-ztfr  True O94 0 36.992298975438445 0.08263500345557848 0.801492699995292 0.030136444054648444 58528.9923371375 0.3420176763767929 None None 0.0672326202606671 0.06016254573774289 0.001 0.001 0.975 0.975
ztfg-ztfr  True F19 6 37.02062435147473 0.08149285240122021 0.8014209493716596 0.030126146444319813 58528.993195777184 0.34186466101920016 None None 0.04504686135360984 0.060109893788130475 0.001 0.001 0.975 0.975