bps_used variant success reddening_law t0 e_t0 x0_mag e_x0_mag x1 e_x1 c e_c rchi2_data rchi2_data_model fitprob_data fitprob_data_model
c  False F99 58522.23918064178 2.6368789233091143 8.67039411701262 3.572171118517219 0.0 -1.0 0.0 6.559275789234638 None None None None
c-o  True F19 58528.73157291625 0.7757660892836237 7.4899017254039055 0.4518646340240947 -1.7877441505095746 0.8341105282642856 -0.10679591853903159 0.29856227806678004 0.404 0.354 0.945 0.966
c-o  True F99 58528.73550723507 0.7271014557951705 8.452225144686011 0.4131968289802228 -1.8069261109173627 0.8007700429970884 -0.1474619958929445 0.2728259758699469 0.151 0.151 0.999 0.999
c-o-ztfg  True F19 58528.683977553424 0.5384974715962927 7.588981407432635 0.11276645592882788 -1.6915644626357786 0.5947180741574974 -0.04293792779784178 0.08834693709622891 0.495 0.443 0.919 0.947
c-o-ztfg  True F99 58528.69119077778 0.5124915394531174 8.55464834966226 0.1099113916834432 -1.6998460963265805 0.5725311662976122 -0.08162806129709593 0.08548251906689798 0.132 0.132 1.0 1.0
c-o-ztfg-ztfr  True F19 58528.690995616 0.4517476065070229 7.438468348334552 0.10938223432062234 -1.8140234168315255 0.4861088909109452 -0.060219286138326576 0.08307611878706646 0.185 0.164 1.0 1.0
c-o-ztfg-ztfr  True F99 58528.68505732012 0.41591282668839574 7.438956687672972 0.10611902873843608 -1.8403826693817606 0.45285752145222125 -0.06740492934426118 0.08024719642215221 0.182 0.177 1.0 1.0
c-o-ztfr  True F19 58528.80339299223 0.5582414579856272 7.331822988207699 0.4052664529468511 -2.0161639582714264 0.6121528093875325 -0.19304788800203462 0.28083769734626396 0.53 0.445 0.907 0.954
c-o-ztfr  True F99 58528.78683588971 0.5009998356591306 8.301393255805396 0.3672456227623623 -2.049589354095165 0.560083639718021 -0.22854238524760667 0.25468071547371707 0.17 0.167 1.0 1.0
c-ztfg  True F99 58528.75050382421 2.627260631967708 8.593698220254971 1.0575701015738335 -1.8070921041239978 6.6806971492007445 0.09649887030738401 5.967099840320331 -1 -1 -1 -1
c-ztfg-ztfr  True F19 58528.5707200822 0.5650314016925927 7.593506451816799 0.1188802017628753 -1.9005810853325964 0.5944943268131526 0.020529345613948292 0.10520125555379006 2.512 2.137 0.081 0.118
c-ztfg-ztfr  True F99 58528.54678779548 0.5195454450317566 8.556485632436583 0.11522076633348773 -1.9404988734790467 0.5461907187025674 -0.020164573878434813 0.10107831121521675 0.261 0.256 0.77 0.775
c-ztfr  True F99 58529.23522120444 1.2290806584780962 7.708294468756538 1.37128442821683 -2.7102465272745637 1.178337989308576 -0.6378628999954941 1.02098219945582 -1 -1 -1 -1
J 1D3 False F99 58536.64795871632 10.50279449101842 8.34657942206613 131.69176128498316 0.0 254.98389427923527 0.0 45.92296214835802 None None None None
J-c 1D3 True F99 58536.537841209174 11.856944639940194 8.220122775676117 38.59792528788919 2.2009106967453778 253.56442226309645 -0.06253964995163913 11.714969345107239 -1 -1 -1 -1
J-c-o 1D3 True F99 58528.64519355355 0.7400732581076843 7.5352419244049225 0.295849094428119 -1.6489978339197107 0.7654517861105394 -0.018966017469029393 0.1844951044859275 0.224 0.223 0.997 0.997
J-c-o-ztfg 1D3 True F99 58528.72926660332 0.5188195396475165 7.474270183117529 0.1077851226205647 -1.6749966710319044 0.5759183103157756 -0.05847775073553177 0.07812456528445673 0.196 0.194 0.999 0.999
J-c-o-ztfg-ztfr 1D3 True F19 58528.69510898768 0.4551953907545001 7.4497202175457335 0.10621130304329908 -1.8101800348615762 0.4870923464075656 -0.04889906981493629 0.07766792506510463 0.221 0.187 1.0 1.0
J-c-o-ztfg-ztfr 1D3 True F99 58528.696076620705 0.45528112757389916 7.587928693243502 0.10652732556916313 -1.8108309598915766 0.48709371751354263 -0.014945755746760502 0.07793009928064394 0.558 0.476 0.924 0.965
J-c-o-ztfg-ztfr 1D3 True O94 58528.69609566002 0.45515253436412073 7.587921284396626 0.1065177129016455 -1.8109024950773163 0.48697556408451187 -0.01495142297221802 0.07791846541440058 0.598 0.509 0.896 0.95
J-c-o-ztfr 1D3 True F99 58528.680602503024 0.494704844664323 7.418230852133658 0.2596985071932662 -1.897642711492755 0.5317967436150806 -0.07424249041255664 0.17372918027775658 0.245 0.24 0.999 0.999
J-c-ztfg 1D3 True F99 58528.68089392481 0.7384856993534512 7.476884985404337 0.11672537538944334 -1.7055000173969814 0.8483292132427688 -0.0050956965141026305 0.10771248372478041 0.767 0.766 0.381 0.381
J-c-ztfg-ztfr 1D3 True F99 58528.52466353022 0.5255838175866426 7.462938389009316 0.10847764271718567 -1.948582445192497 0.5462085035374256 -0.011769796897391233 0.08595538073812231 0.323 0.32 0.863 0.865
J-c-ztfr 1D3 True F99 58528.37180639549 0.7077592898429359 7.464514351905388 0.30471498305075706 -2.100778760626585 0.6935839054390922 -0.0019433797404746153 0.20459853360074778 0.557 0.552 0.573 0.576
J-o 1D3 True F99 58528.71586243066 0.7462196105004519 7.6514494365859615 0.3300633207830147 -1.8716119275134275 0.8414357630328453 0.05720893559127323 0.2078857161563998 0.209 0.208 0.997 0.997
J-o-ztfg 1D3 True F99 58528.83672553245 0.6028902317603634 7.4765777281301125 0.1088505353655797 -1.7938739102013428 0.6626612022036994 -0.05318864301315657 0.07970602020231156 0.201 0.199 0.999 0.999
J-o-ztfg-ztfr 1D3 True F99 58528.83781427821 0.5171322921612502 7.458377129922102 0.10458137570607517 -1.9773011538676037 0.5350791754893801 -0.04505231456402912 0.0765697925716805 0.217 0.213 1.0 1.0
J-o-ztfr 1D3 True F99 58528.80249009724 0.5563089838048793 7.481294811155907 0.2823275018966202 -2.009330259532937 0.5821295197307933 -0.025914019211277263 0.19051248823060746 0.249 0.244 0.998 0.998
J-ztfg 1D3 True F99 58524.204394741304 3.3372042284323973 7.527170224871945 0.1363022505218954 1.2416228035564196 2.2350431652087765 0.10421033715483674 0.11232956237988949 -1 -1 -1 -1
J-ztfg-ztfr 1D3 True F99 58529.53932067478 1.4752919563036668 7.398773186279312 0.16426953519061513 -2.8103236056643888 1.5540962778002505 -0.04249022037045939 0.10466313148660752 0.324 0.322 0.808 0.809
J-ztfr 1D3 True F99 58529.40127747065 1.6891960350314539 7.373715994822879 0.33279013041820654 -2.87990105822072 1.6554121484161028 -0.055137572630134225 0.21294841793309768 0.853 0.851 0.356 0.356
o  True F99 58528.7394717169 0.7283361991419013 8.643318868533282 3.704033010623528 -1.846948068701526 1.114097794913293 -0.016304553806984902 2.52834654478731 0.168 0.168 0.997 0.997
o-ztfg  True F99 58528.77264636218 0.6048818637483853 8.55766607639828 0.11154750727126804 -1.7878677656467588 0.6657259692528846 -0.07589693244491731 0.08881284899985681 0.138 0.138 1.0 1.0
o-ztfg-ztfr  True F19 58528.81990543011 0.5674527919856215 7.579715524330722 0.11160402967242004 -1.9374008021689846 0.5844076684907334 -0.02026373793051341 0.08610343869278991 0.604 0.522 0.864 0.922
o-ztfg-ztfr  True F99 58528.81640425933 0.5174838473889424 8.544697779648969 0.10864904965643464 -1.9665613414955319 0.5386686429756837 -0.05880180125058697 0.08364107926356334 0.181 0.177 1.0 1.0
o-ztfr  True F99 58528.62109078516 0.6045082806879369 7.812704391632638 1.1309092418477802 -1.9523878865688613 0.5971566409445442 -0.5857532470742892 0.8320406007604847 0.161 0.16 1.0 1.0
ztfg  False F99 58526.57150774298 17.392103194657093 7.525735340488067 1.033418795061005 0.0 11.417100027744903 0.0 5.072895727697608 None None None None
ztfg-ztfr  True F19 58529.57903848256 1.6019714306000616 7.5385450889061465 0.17933645607028242 -2.848433575716368 1.850566085531644 0.0029427334876249408 0.11977630551589127 3.983 3.275 0.046 0.07
ztfg-ztfr  True F99 58529.54800137444 1.3855397925287893 8.505575770566645 0.15639784101990736 -2.8498710659074167 1.516209729275541 -0.035909381063968945 0.1098183959515303 0.092 0.091 0.762 0.763
ztfr  True F99 58514.6489680532 9.98335960387187 8.209278488682916 16.82252023760012 -0.026741658522786378 1.5327492179808626 -0.0009774390873842154 12.370120260258506 -1 -1 -1 -1