bps_used variant success reddening_law t0 e_t0 x0_mag e_x0_mag x1 e_x1 c e_c rchi2_data rchi2_data_model fitprob_data fitprob_data_model
c  True F99 59175.10763632615 0.8797549118202234 7.4240803051353925 1.248447472929019 0.41969636444243597 4.244927912038984 0.7273214170576242 1.7695567125772866 0.836 0.832 0.502 0.505
c-o  True F19 59175.486895662514 0.3956852467767638 6.92465061605319 0.091966153973184 0.2539955060018644 0.48796699887831513 0.046113569411838654 0.07515929665881875 1.1 0.889 0.35 0.576
c-o  True F99 59175.45822065824 0.3339752613581806 6.8637592811839205 0.08082189908383859 0.29804622096397393 0.42668354752879084 0.036330505429665455 0.0673566893514527 0.643 0.638 0.842 0.846
c-o-ztfg  True F19 59174.655335882475 0.24411050829383557 6.963103584945967 0.048840210231086055 -0.12085943370333285 0.3063637577759388 0.11640981978418638 0.04360293137026509 1.181 0.945 0.23 0.551
c-o-ztfg  True F99 59174.712638239784 0.21666154000260002 6.890993927499599 0.04547980639433808 -0.11608670027942367 0.27378175365008084 0.09591590321504401 0.040560823831604885 0.758 0.738 0.821 0.844
c-o-ztfg-ztfr  True F19 59174.697206104785 0.16954637965300742 6.900052580099097 0.044862513675556215 -0.12513204023746155 0.24281665229869911 0.13106644552117044 0.03402639373698475 0.704 0.565 0.935 0.992
c-o-ztfg-ztfr  True F99 59174.72950878463 0.1474544282922318 6.905778853678311 0.04189502579180192 -0.10374166958994337 0.21490935314925239 0.13055956365407617 0.032093470891230644 0.705 0.658 0.935 0.965
c-o-ztfr  True F19 59174.944186785884 0.20573254094477636 6.979352862877703 0.07841763237418928 0.09449344379632504 0.3033629473658785 0.1415615131158468 0.05959501516194148 1.389 0.884 0.073 0.652
c-o-ztfr  True F99 59174.95232625153 0.17596068710741963 6.913923777847441 0.07049035880560638 0.12534165336885245 0.26636176598373423 0.12641653834598005 0.05410049652738998 0.777 0.694 0.807 0.898
c-ztfg  True F99 59174.58147526889 0.2828926377439649 6.951325784648587 0.06917768995992359 0.06023769411034692 0.40047538383803033 0.19086069525012633 0.09863170067969104 0.949 0.919 0.517 0.555
c-ztfg-ztfr  True F19 59174.7202809389 0.18303701070308032 7.0031626544836545 0.04981956742843149 -0.015046679795663733 0.28451722572460325 0.18061033138598695 0.039152455538111156 1.241 0.915 0.155 0.613
c-ztfg-ztfr  True F99 59174.747717131395 0.16066040234588966 6.935079508998854 0.04677464058325276 0.01147585308635711 0.25581824935174496 0.1633326791146682 0.03722488699355584 0.689 0.672 0.917 0.93
c-ztfr  True F99 59175.02069651451 0.1951228584803537 6.99425125196189 0.08188303179388556 0.37898417739015156 0.3368324243824523 0.19622589878329993 0.06421731997665692 0.645 0.631 0.882 0.893
J 1D3 False F99 59173.36489997295 14.690942085940055 6.75155431337771 125.69155119216003 0.0 235.13368941710544 0.0 43.28555196714004 None None None None
J-c 1D3 True F99 59174.61180598943 2.0788216365092964 7.048695319425406 0.25214676609855824 2.7922313093036957 2.874964824812289 0.05111542164185498 0.15720312857882224 0.877 0.873 0.477 0.479
J-c-o 1D3 True F99 59175.48470957272 0.33359609607294655 6.845335928763943 0.07542981151467579 0.31900503492146115 0.43100462221297037 0.015392538331871103 0.05874218425121061 0.632 0.625 0.861 0.867
J-c-o-ztfg 1D3 True F99 59174.71052543554 0.2174837448892582 6.881082503008498 0.044289375732245555 -0.10415511157393754 0.2749749275084807 0.07955379526563702 0.03735149939815037 0.774 0.752 0.806 0.833
J-c-o-ztfg-ztfr 1D3 True F19 59174.683459204185 0.16971765727374588 6.886771007019421 0.04340545742962211 -0.12716169811562442 0.24295129151937128 0.11655570135360416 0.03207267317046329 0.756 0.598 0.89 0.987
J-c-o-ztfg-ztfr 1D3 True F99 59174.68311806102 0.16971484920999802 6.962426345325102 0.04343970753395778 -0.12801831563210916 0.2429281959180466 0.13512419998740982 0.032106353729702095 1.224 0.847 0.14 0.762
J-c-o-ztfg-ztfr 1D3 True O94 59174.68314261365 0.1696679115687433 6.962428819562408 0.043431771028284015 -0.12801155232323988 0.24287223656288692 0.1351309322388017 0.03209739118715438 1.277 0.874 0.096 0.716
J-c-o-ztfr 1D3 True F99 59174.94799326398 0.17729776216500537 6.8762731303284435 0.06340539961654915 0.14163892311586868 0.26749818274005893 0.09326317527188022 0.04740604414330529 0.843 0.74 0.719 0.856
J-c-ztfg 1D3 True F99 59174.57403195258 0.28028176713172864 6.9020515223629015 0.057044559409902676 0.10575272941840025 0.3943140940746918 0.0850556782406386 0.06357739124433975 1.01 0.978 0.445 0.484
J-c-ztfg-ztfr 1D3 True F99 59174.71632203496 0.1606399412593589 6.913441697165663 0.04430690414945272 -0.0013607872743536123 0.25539552267140103 0.1386679152399987 0.033846306868386675 0.785 0.748 0.818 0.863
J-c-ztfr 1D3 True F99 59174.98949766225 0.1975443218661527 6.923278897543806 0.06885747806852922 0.3825037758879554 0.3384315058985938 0.13170720285721044 0.05154422495665225 0.848 0.791 0.662 0.735
J-o 1D3 True F99 59174.90068601875 0.5122836171053523 6.664591949267356 0.2549268709236507 -0.16025696437914502 0.5022127073288635 -0.06769925004675112 0.1656676072795 0.428 0.423 0.905 0.908
J-o-ztfg 1D3 True F99 59174.39199045385 0.23769662245956089 6.840966568137917 0.049455166918850865 -0.45774133462298533 0.2797434570563739 0.06777241757486467 0.03808205140394937 0.346 0.335 0.998 0.999
J-o-ztfg-ztfr 1D3 True F99 59174.56417899468 0.15381590975699702 6.8584921574414075 0.04555276729883432 -0.3256846540195878 0.22069654662424812 0.09989309849520313 0.032266287457984225 0.552 0.502 0.99 0.996
J-o-ztfr 1D3 True F99 59174.79796099634 0.19193013068826148 6.520081316001331 0.21210118293535765 -0.041881585697141996 0.2944765377205341 -0.1487968964532458 0.1532132553912194 0.474 0.45 0.988 0.992
J-ztfg 1D3 True F99 59174.24995411809 0.29322407805462974 6.828774766760601 0.05980949289746653 -0.41217611983028013 0.3867799834243958 0.0005780963005088377 0.0932641988074804 0.184 0.182 0.999 0.999
J-ztfg-ztfr 1D3 True F99 59174.55633195001 0.16701721203787415 6.869271897241248 0.04939450748088331 -0.27641734268071094 0.2633345216017059 0.11484036672413908 0.035806326391708644 0.558 0.527 0.974 0.983
J-ztfr 1D3 True F99 59174.83239989075 0.21581101603367905 6.5883344484292925 0.21110741847047 0.09877091765660781 0.3758844624011584 -0.096177870497071 0.15315902330470071 0.481 0.469 0.945 0.95
o  True F99 59176.98014223986 1.0095994510232882 9.958479455903582 1.425778580594725 -1.6785110302384436 0.6531732036827007 1.9683757237670303 0.820935910604849 0.18 0.178 0.982 0.983
o-ztfg  True F99 59174.39453282436 0.2371202371177325 6.849275544191772 0.050520762296622335 -0.465251390418183 0.27878435606733437 0.08209334790497147 0.04124126476825277 0.316 0.311 0.999 0.999
o-ztfg-ztfr  True F19 59174.55033260904 0.17730984828435484 6.944428216637739 0.04977369590288065 -0.3368673979841943 0.2502632460306287 0.13439346646699363 0.03604882097314765 1.005 0.639 0.461 0.961
o-ztfg-ztfr  True F99 59174.5811229134 0.15408755795398474 6.872809733687139 0.047337118760323114 -0.3172576919906832 0.22087739146433605 0.11402774504984754 0.03434924288774394 0.503 0.466 0.996 0.998
o-ztfr  True F99 59174.810845612985 0.19396489281746832 6.248116416503494 0.4999204247263038 0.02524717061355039 0.3182992105755818 -0.3496609595466313 0.3697367480008292 0.463 0.451 0.988 0.99
ztfg  True F99 59174.55587377353 0.6122095653337418 6.6869302264228185 0.12387359452001412 -0.015241192491174537 0.8085134490768355 -0.890246803270554 1.5395292435602368 0.181 0.18 0.999 0.999
ztfg-ztfr  True F19 59174.56788408614 0.19117539501338804 6.961654343376173 0.05461528943620821 -0.2721175327027404 0.29424076020520173 0.15689597623601204 0.04099959799951209 1.021 0.683 0.433 0.894
ztfg-ztfr  True F99 59174.59024443256 0.16809303514828633 6.890682456105145 0.05222295834200631 -0.25204724679121615 0.26479102889924383 0.13736732373728583 0.039340299632965356 0.464 0.452 0.993 0.994
ztfr  True F99 59175.12817213751 0.3080276347755075 12.288522236085369 4.2551976067299595 -0.20326599658075295 0.36422853561830504 3.8679973011700515 2.791778383932358 0.348 0.338 0.984 0.986