bps_used variant success reddening_law t0 e_t0 x0_mag e_x0_mag x1 e_x1 c e_c rchi2_data rchi2_data_model fitprob_data fitprob_data_model
c  True F99 58633.66147141575 2.871219615304164 8.668163764334327 5.183774150720643 0.011293129308086531 12.876142514507572 0.0018508232012264037 8.761502881581775 -1 -1 -1 -1
c-o  True F19 58633.49929651804 0.5230312688236921 7.6284557966201145 0.09843679651103963 -0.5597555514130659 0.6369022602875821 -0.010743892912193902 0.08316287490917113 0.74 0.656 0.837 0.916
c-o  True F99 58633.500187314276 0.5042530251078686 8.62305084882241 0.09489365438246557 -0.5586139518388232 0.6204279833352877 -0.03809660349861295 0.08023206741817687 0.464 0.463 0.993 0.993
c-o-ztfg  True F19 58633.6652572901 0.5114516339375096 7.592870253968561 0.050096606174592676 -0.259105319276315 0.5704172417901539 -0.043731885077880533 0.05257170044026796 0.917 0.792 0.605 0.797
c-o-ztfg  True F99 58633.66325269771 0.494457362832235 8.587622342149556 0.048933898151749484 -0.259308356741279 0.5563725023608628 -0.07091159031769918 0.05111739112378729 0.45 0.446 0.997 0.997
c-o-ztfg-ztfr  True F19 58633.78790448505 0.41165434746080165 7.488338912996534 0.04701068507139015 -0.5252510968279697 0.5099426050036611 -0.04522813120908063 0.04175026023355658 0.433 0.409 0.999 1.0
c-o-ztfg-ztfr  True F99 58633.77780287045 0.3959954120598956 7.490388848333708 0.04588620281949937 -0.5237449757432382 0.4964589313567907 -0.047376924165475655 0.04062755584257716 0.433 0.426 0.999 1.0
c-o-ztfr  True F19 58633.66850503899 0.42062497491696715 7.637045427279845 0.0948717773037633 -0.7890366727006957 0.5554367246937676 0.018098586009383424 0.0747323357183556 0.774 0.668 0.832 0.936
c-o-ztfr  True F99 58633.66176375667 0.40287963915901087 8.631464718781727 0.09126016176674465 -0.7826378273311816 0.5391519596394525 -0.00991796117786502 0.07190228441586904 0.435 0.429 0.999 0.999
c-ztfg  True F99 58634.04594287304 1.7418661497734382 8.586330891642094 0.07103678478561835 0.257563674677749 1.6414987287409903 -0.15883717886612253 0.16430997299907568 0.092 0.09 0.985 0.986
c-ztfg-ztfr  True F19 58634.34036656706 0.8944615075626717 7.6137837177590795 0.049026244121587674 -0.7753000802671031 1.018336737518902 -0.002265085952923856 0.04926144015187597 1.64 1.33 0.073 0.193
c-ztfg-ztfr  True F99 58634.329854692085 0.8643198855570297 8.607517599687775 0.04766357710182163 -0.7879617849376812 0.9960004582952494 -0.031045351953099896 0.0478361853579308 0.314 0.305 0.987 0.989
c-ztfr  True F99 58633.994164104384 1.039816405736393 8.656018936537428 0.10383737204975857 -1.167195565050902 1.2578680058658283 0.02631362044511684 0.09096035553837512 0.248 0.246 0.973 0.974
J 1D3 True F99 58633.07706808384 1.881377771636758 8.409461516365836 52.86659240760458 9.02435301735629 291.9914943742822 -0.08891986544960997 19.232444428083568 -1 -1 -1 -1
J-c 1D3 True F99 58633.02009944674 0.25051311444275964 7.592015766806599 0.08213182508137137 0.4286359939050273 1.4116622307366513 0.04287243452261325 0.03869069451216808 0.028 0.028 0.972 0.973
J-c-o 1D3 True F99 58633.169093420336 0.22654391193930337 7.601854269044781 0.06640427742396846 -0.630258688573663 0.607171690304616 0.038741115218756714 0.0396545465440683 0.702 0.523 0.891 0.987
J-c-o-ztfg 1D3 True F99 58633.25851936637 0.23149582611195174 7.516166040710425 0.040742508245583786 -0.33060552778334884 0.5352595684092558 -0.01157642633097615 0.029069618743375616 1.199 0.625 0.191 0.962
J-c-o-ztfg-ztfr 1D3 True F19 58633.51901657139 0.3250483523367744 7.514626493907166 0.04229114502408906 -0.5509565971462468 0.502158029508756 -0.004016182625805168 0.0314222433963557 0.961 0.495 0.546 0.998
J-c-o-ztfg-ztfr 1D3 True F99 58633.52050311897 0.3244297098132889 7.624343369942517 0.04237801913729657 -0.5559754629627353 0.5017188840833449 0.024408939233702395 0.03149033389994357 1.598 0.815 0.007 0.804
J-c-o-ztfg-ztfr 1D3 True O94 58633.5203848042 0.3242973355371959 7.624366659798949 0.04236834460552303 -0.5560692730018711 0.5016664672788834 0.024434839528494297 0.031475678558743024 1.662 0.84 0.004 0.764
J-c-o-ztfr 1D3 True F99 58633.21419707622 0.21696272681435644 7.5790809052203105 0.061004804585415254 -0.776421675704877 0.5360567401866976 0.035601101116236614 0.038934333592455066 0.579 0.478 0.983 0.998
J-c-ztfg 1D3 True F99 58633.043477744664 0.25494259898557353 7.525996122998356 0.04657991617028246 0.7163333587015833 0.9071291771966837 0.0098757788230476 0.03042626327153481 0.589 0.412 0.765 0.895
J-c-ztfg-ztfr 1D3 True F99 58633.063708440044 0.2528327274986347 7.512416731910919 0.04250265185612476 0.08646616554975613 0.7279342285279995 0.0033656512941005546 0.02896463483791962 0.689 0.429 0.798 0.971
J-c-ztfr 1D3 True F99 58633.04579162812 0.24535672099125697 7.562394214323944 0.06516542692751945 -0.4591625615064068 0.9110426042550991 0.04015722428619859 0.038324798346110925 0.245 0.242 0.992 0.992
J-o 1D3 True F99 58633.07122047837 0.2286672870653204 7.740231386199655 0.11495688399771581 -0.8897546873905733 0.6980453681308207 0.1070213127898916 0.058883544462996366 0.464 0.462 0.993 0.993
J-o-ztfg 1D3 True F99 58633.249238838085 0.23218975138164663 7.500554810373028 0.04598706375642372 -0.431718295000608 0.5728796144640376 -0.016624603630824707 0.030042927402731557 1.3 0.663 0.116 0.93
J-o-ztfg-ztfr 1D3 True F99 58633.25977559442 0.22365195336683444 7.495253806784072 0.04413222523969098 -0.5892871987137496 0.5163899277008676 -0.016051763857313852 0.029685626458184834 1.064 0.578 0.36 0.986
J-o-ztfr 1D3 True F99 58633.18058262901 0.2162892656264332 7.618015711785144 0.08716295678536243 -0.982102380703264 0.5814417566871992 0.05944117242714636 0.05119207190738336 0.513 0.48 0.993 0.996
J-ztfg 1D3 True F99 58633.027780896955 0.25288358746579515 7.500364145641944 0.05604165163729301 1.0628217458178781 1.1764262709049496 0.00491759625370096 0.030277696826725924 0.126 0.125 0.973 0.974
J-ztfg-ztfr 1D3 True F99 58633.040744214464 0.2533861675925054 7.488027769949806 0.047967283873215305 0.03447527799845348 0.8386231754528816 -0.005186823345027731 0.029732433546824387 0.748 0.425 0.705 0.955
J-ztfr 1D3 True F99 58633.03068441608 0.24712742990248107 7.540249462389648 0.09940802293567186 -1.1404305533915045 1.183371805172349 0.037765003795278806 0.05205292738710603 0.237 0.234 0.976 0.977
o  True F99 58633.484054509805 0.6045237003465938 9.666181379304717 2.5394722684132125 -0.9601073687638051 0.8034944422543427 0.6614494561884072 1.65331834982898 0.498 0.496 0.982 0.983
o-ztfg  True F99 58633.644544429335 0.5205248868309316 8.571786293749446 0.053739611270985525 -0.3074498368885658 0.5920425219474111 -0.07667641131004772 0.05177273533206195 0.476 0.474 0.993 0.993
o-ztfg-ztfr  True F19 58633.74541670119 0.4267001640159463 7.576239269521956 0.0520654257156624 -0.5689755190202668 0.5375058602846228 -0.029926805300146932 0.04330527010534762 0.863 0.741 0.708 0.878
o-ztfg-ztfr  True F99 58633.73370646495 0.4106802961997416 8.570136438057876 0.05094143825468106 -0.5665984165106395 0.523328785587025 -0.05822721158925502 0.04219440673221333 0.444 0.439 0.999 0.999
o-ztfr  True F99 58633.33314304426 0.524972188768667 8.063726556099171 0.6976509694473091 -0.8427309883521319 0.6160569546398108 -0.4199908548372504 0.5149255593667945 0.434 0.432 0.998 0.998
ztfg  True F99 58634.69454154256 2.503866762850023 8.567348237126643 0.20012832634188846 0.5187647884597553 2.1387165898518994 -1.2625762123507447 2.1689774872262095 0.212 0.21 0.645 0.647
ztfg-ztfr  True F19 58634.22958368334 1.134166880878478 7.5969081847811974 0.05696184046976653 -0.725111959201433 1.2135057973549037 -0.008224748251722497 0.049875509927798545 1.669 1.354 0.09 0.203
ztfg-ztfr  True F99 58634.21062582394 1.0992609116122407 8.590108454869778 0.055604756953229126 -0.7347525876733205 1.185095000156364 -0.03729721289860051 0.04848217035811607 0.334 0.331 0.964 0.965
ztfr  True F99 58633.82996745616 1.7349595942984777 7.476126324492977 6.18415832876418 -1.7898994563237327 1.6519483403131923 -0.8668672963320375 4.8181279776674355 0.258 0.255 0.905 0.907