bps_used variant success reddening_law t0 e_t0 x0_mag e_x0_mag x1 e_x1 c e_c rchi2_data rchi2_data_model fitprob_data fitprob_data_model
c  True F99 58919.03378156281 0.5498138974272495 6.4867371052636145 0.7640514847857895 -0.2147969781733499 0.9099460115914088 -0.020912007985092445 1.152605620236545 -1 -1 -1 -1
c-o  True F19 58919.07530506202 0.22437857348083723 6.529374012907887 0.08058136207962639 0.03358759483539388 0.314229770658245 -0.07044040844665687 0.059192741081423604 1.085 0.666 0.365 0.809
c-o  True F99 58919.08531139168 0.17359046531702113 6.456291485842994 0.06555299830372027 -0.024936342459204404 0.2575806059378602 -0.0930520172763393 0.04998773675727164 0.46 0.454 0.954 0.957
c-o-ztfg  True F19 58919.10479816394 0.18214861048853398 6.50922303650351 0.05230701934286144 0.029593083300669745 0.2615144197755478 -0.08512185921018997 0.0406850623279478 1.06 0.693 0.384 0.852
c-o-ztfg  True F99 58919.14319092006 0.14334743918621776 6.434529721799242 0.04568621899334302 -0.07756714904908668 0.21154195270503962 -0.10610585183298377 0.036804638464075994 0.535 0.522 0.962 0.967
c-o-ztfg-ztfr  True F19 58919.10053123483 0.15880818315903594 6.466615097586423 0.046834140986924504 0.17443136425917477 0.20570861297887258 -0.08955615444064094 0.03535098025806028 0.509 0.339 0.991 1.0
c-o-ztfg-ztfr  True F99 58919.14943014465 0.1300502290327526 6.462216074979073 0.04260218453026807 0.10402758175911946 0.17577262330982948 -0.09153540716637618 0.032553594331901435 0.496 0.481 0.992 0.994
c-o-ztfr  True F19 58919.08755636598 0.18406656405988614 6.554744530159022 0.07274659561361295 0.2041414238334965 0.22686019151999245 -0.05746172926285782 0.05361465031441684 0.862 0.534 0.661 0.972
c-o-ztfr  True F99 58919.121143012206 0.14549119995285598 6.481924565381979 0.059862597049813504 0.1562738899504214 0.18978024861421905 -0.08047284450142755 0.04518672284635493 0.398 0.389 0.997 0.997
c-ztfg  True F99 58919.15798246966 0.16963468862925718 6.4067967619414254 0.07349534093176519 -0.18908859811125517 0.32027980136493417 -0.13333852725945766 0.11231040120441756 0.622 0.6 0.76 0.778
c-ztfg-ztfr  True F19 58919.09357197386 0.18063416868248483 6.546334620282279 0.05489802162279124 0.28834390780043706 0.2799359614195101 -0.06614083193152581 0.04492000463837278 1.113 0.666 0.331 0.848
c-ztfg-ztfr  True F99 58919.00099534278 0.16952449006247933 6.508417309374304 0.051391684771908 0.5068401441197483 0.2835690253153784 -0.07997456492144282 0.04142941351320752 0.224 0.204 1.0 1.0
c-ztfr  True F99 58919.150962817424 0.16810540847777866 6.504930638631572 0.07045052318016266 0.29144343309620785 0.2642149521426604 -0.06764669896044807 0.05837673781540068 0.26 0.253 0.992 0.993
J 1D3 False F99 58917.49558637287 58.64260258198755 6.570195911302146 316.4020082328332 0.0 1488.6990476074723 0.0 102.4830750029613 None None None None
J-c 1D3 True F99 58917.69596054169 0.08791358054156774 6.551643509312939 0.06691480896496244 -0.5898576574126884 0.4382656990684891 0.0035209632206519587 0.035290910881379665 30.63 22.647 0.0 0.0
J-c-o 1D3 True F99 58917.80495418163 0.08846295290517812 6.566616210966753 0.05013026343010593 -0.39161741090705143 0.22653526819012912 -0.005152999070478081 0.0315953732201701 4.941 4.355 0.0 0.0
J-c-o 2D True F99 58918.088729609946 0.09505542490294233 6.521755333379891 0.0508603131545642 -0.33697949333078975 0.23083822573656396 -0.04060720594573533 0.03197799425859085 3.391 3.002 0.0 0.0
J-c-o-ztfg 1D3 True F99 58917.94258808753 0.08814127401572971 6.507152336242976 0.03825952912609667 -0.5222154011617313 0.17148937584579224 -0.034261049382630755 0.026588596683297605 4.927 4.224 0.0 0.0
J-c-o-ztfg-ztfr 1D3 True F99 58918.06142859712 0.08578602970568015 6.522889131845199 0.036741241986646495 -0.31579686315876665 0.1474227390655936 -0.035801374541134474 0.025728604501087528 4.364 3.581 0.0 0.0
J-c-o-ztfg-ztfr 2D True F19 58919.03851388552 0.15398648325453623 6.470521968981558 0.04338361133262284 0.14961686622241469 0.20088946999821852 -0.08484896799946617 0.02985656062790965 5.065 0.44 0.0 0.999
J-c-o-ztfg-ztfr 2D True F99 58919.03795792363 0.15399790404131283 6.534304098560305 0.043415691660645725 0.14923816579564278 0.200840444602635 -0.06876611633145542 0.029883562296190637 5.263 0.647 0.0 0.95
J-c-o-ztfg-ztfr 2D True O94 58919.03794594467 0.15396065671270473 6.534303696461051 0.04340595113655587 0.14918771499937386 0.2007918213534527 -0.06876522412529405 0.02987401114498838 5.291 0.667 0.0 0.937
J-c-o-ztfr 1D3 True F99 58917.93380238401 0.08752914758634309 6.575518202927586 0.04734887324898617 -0.20762888522319223 0.1734792018165203 -0.00931576105580095 0.03146971017055633 4.067 3.556 0.0 0.0
J-c-ztfg 1D3 True F99 58917.83924347496 0.08785174366467406 6.48930581414624 0.041122794872911844 -0.7506142114209962 0.21439163701701347 -0.0204569889803912 0.029851892780933104 9.275 7.465 0.0 0.0
J-c-ztfg-ztfr 1D3 True F99 58917.98498751264 0.08796091722612132 6.523668473400635 0.038599429253308504 -0.3738805097131128 0.1745015452754511 -0.028825349461381877 0.027664869650891596 5.821 5.045 0.0 0.0
J-c-ztfr 1D3 True F99 58917.851762719874 0.08923169439093621 6.590107432827441 0.05030901280567494 -0.16442189149189845 0.22882541087064787 0.000706642382069919 0.03275000288890597 6.505 5.766 0.0 0.0
J-o 1D3 True F99 58917.60044725781 0.09026312348844749 6.625474573256286 0.09691743713496766 -0.4073424371327709 0.2655069839653037 0.020713844966083698 0.052049931668147274 2.611 2.455 0.002 0.003
J-o-ztfg 1D3 True F99 58917.759912053996 0.09093704725999184 6.504535755916478 0.04550381431233766 -0.5838574885113921 0.1834711852616619 -0.03605049501555656 0.028033222677625817 4.294 3.49 0.0 0.0
J-o-ztfg-ztfr 1D3 True F99 58917.905062223814 0.08930409140603711 6.527254749310743 0.043452879564740275 -0.3483502836884647 0.15462375260977307 -0.035161719527925156 0.02801529407808889 4.031 3.194 0.0 0.0
J-o-ztfr 1D3 True F99 58917.75775454323 0.08798918404136909 6.632577551370272 0.07833162069822001 -0.21247585782859343 0.18760577835141548 0.019888159205072614 0.04700170872342439 2.858 2.652 0.0 0.0
J-o-ztfr 2D True F99 58918.03787086689 0.0962903697126139 6.561096916052033 0.0789850528605698 -0.11966910544316846 0.18883935926278256 -0.028782444960896 0.047686369802414544 2.038 1.905 0.002 0.006
J-ztfg 1D3 True F99 58917.63359145954 0.08975552932798218 6.459777210119836 0.04986426705197006 -0.8954064710587951 0.23415414141908672 -0.029538704859601743 0.029408617936809718 7.266 6.402 0.0 0.0
J-ztfg-ztfr 1D3 True F99 58917.814113337605 0.09049119399852847 6.525959942368795 0.04562645616273776 -0.41537916785356355 0.1865471967902584 -0.02929300300578274 0.028975063299407734 5.444 4.452 0.0 0.0
J-ztfg-ztfr 2D True F99 58918.104579441264 0.0976240514705195 6.498973029089896 0.045677034403860506 -0.2902825461366507 0.1917080689658898 -0.05610370731884764 0.028969315741052576 3.446 3.174 0.0 0.0
J-ztfr 1D3 True F99 58917.658626794815 0.09075515467064064 6.656272118037727 0.08602324608852788 -0.1048108555802697 0.2651127094847849 0.028219361105604843 0.0476588717164598 4.181 3.949 0.0 0.0
o  True F99 58919.07809689921 0.30244800215839 7.074691134782769 1.392113561612798 -0.11727196635772316 0.3653473761079532 0.31372525611379565 0.9030831870613879 0.619 0.611 0.799 0.806
o-ztfg  True F99 58919.03187190161 0.22034252980109945 6.441740750687238 0.051425597616442574 0.09960057367534975 0.2406057968584506 -0.10774738633651901 0.038027447004929764 0.505 0.496 0.958 0.961
o-ztfg-ztfr  True F19 58919.102593129006 0.19183967380446734 6.520734064880141 0.052843519084511494 0.17882493871281646 0.20632619535074273 -0.07965148491566024 0.03812371905065039 0.839 0.561 0.717 0.975
o-ztfg-ztfr  True F99 58919.0031985473 0.18693489852906692 6.460445944466712 0.04867150184674509 0.2609874441720078 0.19304765592708492 -0.10043850198103371 0.035371811178180924 0.404 0.395 0.998 0.998
o-ztfr  True F99 58919.11905820728 0.19908791274615364 6.4004453410755735 0.3793396068858529 0.18710266217517726 0.2002775732805575 -0.1384923251320302 0.26628374175618613 0.459 0.449 0.983 0.985
ztfg  True F99 58918.92859275347 0.7233743155452709 6.721177853247452 0.9036457557199175 -0.5071085678851361 0.7451146242121921 0.8234147431398956 2.2206098680086215 0.865 0.841 0.504 0.52
ztfg-ztfr  True F19 58919.086220759666 0.23498716312130324 6.538175714756489 0.060112875893214554 0.297822993719401 0.28241345755145925 -0.0700724835148702 0.04618225713353825 1.015 0.625 0.435 0.857
ztfg-ztfr  True F99 58918.79253503455 0.2715588325272721 6.506666039738082 0.05654665030568331 0.6192706536910999 0.3046931600863604 -0.08566331250491849 0.04261820001956516 0.145 0.142 1.0 1.0
ztfr  True F99 58919.24290891083 0.3018824441653322 10.245989032276922 6.516600011691811 0.24264131384826998 0.31098243907952416 2.559285966786492 4.393201167094608 0.304 0.296 0.952 0.956