bps_used variant success reddening_law t0 e_t0 x0_mag e_x0_mag x1 e_x1 c e_c rchi2_data rchi2_data_model fitprob_data fitprob_data_model
c  True F99 58734.34529612007 0.6010013385935896 21.980736389201354 11.372305657848841 -1.2417734380865242 0.557599441688275 12.940604161227144 8.26488220298503 5.007 4.926 0.007 0.007
c-o  True F19 58751.7497117545 0.6758722130491236 7.713326205305613 0.10618597956607381 2.1653117646867943 0.8808196289642932 0.5353915388322077 0.07632425563629983 8.126 6.423 0.0 0.0
c-o  True F99 58752.06224092186 0.5844561494294848 7.59834487917725 0.10214339593500933 2.628467834682828 0.8337332233384639 0.4865804647174844 0.07279811918172346 7.441 7.223 0.0 0.0
c-o-ztfg  True F19 58735.53319063333 0.2408049171760286 6.489993687541934 0.05739254354296819 1.4149575262653875 0.3747496538227487 0.08176856158929527 0.04207669339577479 4.514 2.93 0.0 0.0
c-o-ztfg  True F99 58735.51458149375 0.20606457590099145 6.364738843383668 0.05355968011381183 1.2904261818780909 0.3238531840469185 0.0561404259657059 0.03855283974413573 3.303 3.19 0.0 0.0
c-o-ztfg-ztfr  True F19 58735.40051312072 0.1815188478300233 6.3564422915766805 0.051649452279066754 1.194876047365403 0.24462918066239997 0.06823925993170935 0.03767664064875848 2.344 1.618 0.0 0.008
c-o-ztfg-ztfr  True F99 58735.39910253903 0.15115833623948285 6.356969286032935 0.047825310746655685 1.1393361859106674 0.21529431189544357 0.06726887466793652 0.03473834204582372 2.34 2.248 0.0 0.0
c-o-ztfr  True F19 58735.38370614833 0.1958797563757521 6.407206361715983 0.08930976585903684 1.1513693048183842 0.26412263501817906 0.048659472908321344 0.06246029388951282 3.944 2.405 0.0 0.0
c-o-ztfr  True F99 58735.3696809229 0.16124172399306183 6.297301973278797 0.07668182269922144 1.1062973266936844 0.2303309594308835 0.02539978443011645 0.0539442643125368 2.58 2.494 0.0 0.0
c-ztfg  True F99 58735.2561884506 0.3015192771876707 6.4031301349688885 0.07926275272969309 0.4731803605348913 0.578693854577023 0.25756279619181827 0.12415222154303397 2.872 2.821 0.005 0.006
c-ztfg-ztfr  True F19 58735.368114154306 0.20571353004737716 6.493298777679977 0.05885444870519522 1.1411352471934988 0.2955961444678284 0.12575704660561698 0.0457184857934839 3.338 2.152 0.0 0.002
c-ztfg-ztfr  True F99 58735.376384062154 0.17362651041411145 6.365656420420287 0.05424135996316757 1.0627357526926298 0.2601461960260648 0.08943928113608043 0.04216792619103234 1.292 1.247 0.171 0.204
c-ztfr  True F99 58735.32825299454 0.18897007147502307 6.304027616443898 0.09587458140037664 0.9931195111399392 0.29355555393311666 0.04439455367621088 0.07072329852234199 1.546 1.513 0.08 0.091
J 1D3 False F99 58734.73114925888 -1.0 6.2689109067420095 46.05970624333259 0.0 -1.0 0.0 17.60244108746165 None None None None
J-c 1D3 True F99 58734.90321985976 0.20612412312461512 5.947792140789977 0.12481320043253001 -0.7984698032095728 0.5724082763802806 -0.10617985067182321 0.05084394212007148 4.385 4.353 0.002 0.002
J-c-o 1D3 True F99 58735.26258116729 0.186265561536201 6.271494296963682 0.07151821236290509 1.0302969226210958 0.3480774679628703 -0.002517363059724508 0.037525313640042066 3.736 3.628 0.0 0.0
J-c-o-ztfg 1D3 True F99 58735.322651571594 0.17186213256677513 6.3307207513238435 0.04811684288931179 1.1323720847535066 0.299184326662267 0.028429622004962945 0.02752117190964678 3.318 3.136 0.0 0.0
J-c-o-ztfg-ztfr 1D3 True F19 58735.387344543735 0.17581840019218717 6.333169618006712 0.04648817025220498 1.1971611559514854 0.24406814004043084 0.045615407149410224 0.030528306786191343 2.587 1.587 0.0 0.009
J-c-o-ztfg-ztfr 1D3 True F99 58735.385814719186 0.1758268315504566 6.455995092901423 0.0465526648163087 1.1945703915565662 0.24392563340241133 0.07655604695337703 0.030580968150145712 3.692 2.172 0.0 0.0
J-c-o-ztfg-ztfr 1D3 True O94 58735.38568970391 0.17574130191224333 6.455950113063633 0.046534569241642024 1.194361960023886 0.2438207937061268 0.07653571595867072 0.030563860522169955 3.836 2.242 0.0 0.0
J-c-o-ztfr 1D3 True F99 58735.261507220974 0.1434884583985404 6.2579944419847315 0.055702885597309404 1.007136406017297 0.22161253153367083 -0.0021466954412766893 0.034547019370401076 2.548 2.444 0.0 0.0
J-c-ztfg 1D3 True F99 58735.22071606555 0.21197744492755774 6.295029191009444 0.0625075380215135 0.8181419764421045 0.44982559445139153 0.013442979735520284 0.03214492811805299 3.211 2.959 0.001 0.002
J-c-ztfg-ztfr 1D3 True F99 58735.24728919603 0.15136523915078823 6.3052972840034425 0.0437226565419758 0.9361503436030016 0.2469122701332698 0.033137466964231685 0.027965098781097278 1.778 1.4 0.014 0.1
J-c-ztfr 1D3 True F99 58735.196750623334 0.1621602016150812 6.233206411636024 0.060998999721285196 0.8251583613005526 0.270990052229216 -0.008933902605956261 0.03711327092176342 1.605 1.506 0.054 0.082
J-o 1D3 True F99 58735.173837431124 0.22172907013776785 6.263753799660234 0.10770876409099127 1.1400373787792941 0.3559592407403483 -0.011026815700790577 0.05626092670952692 3.567 3.468 0.0 0.0
J-o-ztfg 1D3 True F99 58735.26305108333 0.19582269760732435 6.355228954614006 0.05146323038444755 1.1403706230761768 0.31354176967533776 0.0374465908302237 0.029007376982596665 3.22 3.015 0.0 0.0
J-o-ztfg-ztfr 1D3 True F99 58735.25668951959 0.148538767387701 6.3293125283130465 0.04431848648802841 1.0703610097024514 0.21549764157438853 0.03936546866317764 0.028043428767737476 2.333 2.063 0.0 0.0
J-o-ztfr 1D3 True F99 58735.20439682396 0.16112534663473035 6.215958014146754 0.07788262573837154 1.085596711365176 0.2294157786032559 -0.030115921383111234 0.048173054712150776 2.288 2.214 0.0 0.0
J-ztfg 1D3 True F99 58735.120857107795 0.257395468235723 6.3300838016224255 0.06488876134569879 0.6803750701122564 0.5202921720849923 0.015555073650680507 0.033315250715888034 1.263 1.227 0.285 0.298
J-ztfg-ztfr 1D3 True F99 58735.19629951932 0.16976078444205664 6.318941874756271 0.046221033477499195 0.9516015594358824 0.26120115855357134 0.03830119316934222 0.029108524211462813 1.143 0.627 0.307 0.865
J-ztfr 1D3 True F99 58735.11515818977 0.1896810095496264 6.198209862430129 0.08031815508381461 0.9560601569636481 0.2878393679038489 -0.0327738400650375 0.048396194418106414 0.374 0.357 0.966 0.972
o  True F99 58751.14015772329 0.8265661746480707 4.8215908502537665 2.396544489902335 2.1826260291594854 1.2105422339877236 -1.3995388739310302 1.7603515230508793 8.67 8.376 0.0 0.0
o-ztfg  True F99 58750.820061860184 0.5333206688802855 6.863087071988073 0.0853465824001126 0.49970727787734726 0.6115998064456685 0.05663817809311412 0.05969988793807846 8.032 7.855 0.0 0.0
o-ztfg-ztfr  True F19 58735.38544747184 0.20906099655240076 6.495984785155281 0.05728169170127352 1.1585310892297582 0.25250348623180485 0.10904760713016673 0.04154644397875427 3.453 1.993 0.0 0.001
o-ztfg-ztfr  True F99 58735.38520504045 0.16892249027003667 6.3809622021437296 0.0545554389105235 1.1328751818504 0.2216150976489716 0.08153344651255233 0.039165804625996 2.123 2.031 0.0 0.0
o-ztfr  True F99 58735.33401658762 0.18492639749175882 6.057468116255395 0.33866533352998557 1.2037305999528547 0.25049970828006984 -0.14515280175088613 0.23863642781452082 2.359 2.286 0.0 0.0
ztfg  True F99 58734.83100298632 1.1191754518270463 8.216128378521377 4.7201647685869625 0.004493833817785697 1.3277871701504684 3.549003983368623 7.007924644283551 0.264 0.264 0.607 0.607
ztfg-ztfr  True F19 58735.34165327124 0.24734008161800142 6.507423276994766 0.062348446656952924 1.0934238983093085 0.31161218261705065 0.13346851685044447 0.048114360015980726 2.493 1.322 0.002 0.184
ztfg-ztfr  True F99 58735.363672221996 0.20081175898075254 6.388965554053886 0.05914304408612052 1.0563334227731485 0.27196975600625867 0.10213090142962222 0.045306793640080216 0.317 0.305 0.992 0.994
ztfr  True F99 58735.24051674834 0.24944150460418082 4.694556844868094 4.657740814381019 1.1574461743504907 0.4192197687395846 -1.1505842014641332 3.516108734244386 0.28 0.267 0.98 0.983