bps_used variant success reddening_law t0 e_t0 x0_mag e_x0_mag x1 e_x1 c e_c rchi2_data rchi2_data_model fitprob_data fitprob_data_model
c  False F99 58581.79302409428 -1.0 9.515846252441406 3.1721567726739197 0.0 -1.0 0.0 5.455320479002172 None None None None
c-o  True F19 58535.35356294665 1.441372155323021 7.302144687791317 0.5489674125258243 0.688130237337733 0.9722579496457565 -0.2903561319671569 0.3899142026800229 0.291 0.281 0.991 0.992
c-o  True F99 58535.35147151 1.4057362109642773 8.347688337519546 0.5465672937413599 0.685091010971016 0.9549489164939909 -0.3052743484619472 0.38836966957061664 0.252 0.251 0.995 0.995
c-o-ztfg  True F19 58536.48107424789 0.45487826408345183 7.62743247908624 0.09308736933175608 0.3144894144637801 0.5501331724797762 -0.06285615599182819 0.06560697314975346 0.42 0.396 0.987 0.991
c-o-ztfg  True F99 58536.51113520391 0.4398041288249551 8.673853568067159 0.09200188746809869 0.3059989094299654 0.5373052133229507 -0.07787648548456047 0.06450686899613364 0.347 0.346 0.996 0.996
c-o-ztfg-ztfr  True F19 58536.58337116946 0.37287261434628555 7.584271893983702 0.08027736483633492 0.4162993537666665 0.4045950026476 -0.09595697204162956 0.05671849718857141 0.32 0.299 1.0 1.0
c-o-ztfg-ztfr  True F99 58536.61672983005 0.35032170311555894 7.586816641703967 0.0787032412058102 0.4165273848435014 0.390951758479237 -0.09812856653800517 0.055388000525664234 0.319 0.315 1.0 1.0
c-o-ztfr  True F19 58536.49271310648 0.530634191853599 7.6810048142237095 0.5547911057231547 0.42562334205588337 0.4836110007940963 -0.050841312953117106 0.4153074146657334 0.371 0.35 0.996 0.997
c-o-ztfr  True F99 58536.54039044217 0.4780313533932727 8.751578219810966 0.5475651526286045 0.4183116072652884 0.4648358183245621 -0.04909326252641213 0.4102102341176697 0.307 0.303 0.999 0.999
c-ztfg  True F99 58536.5123242449 0.5990359001448975 8.719525784904551 0.12411652815422689 0.15647483080873792 0.7965500753220475 0.22151628362613446 0.39281685954391965 0.57 0.566 0.723 0.726
c-ztfg-ztfr  True F19 58536.701388545465 0.40950780815445764 7.640761566899047 0.0860454106462111 0.47562822731189647 0.4625070711126977 -0.09656437039264337 0.0631921132662704 0.516 0.474 0.926 0.948
c-ztfg-ztfr  True F99 58536.726136557736 0.38426736482527085 8.689023121819284 0.08422283840316296 0.4803527605421748 0.44602791203662234 -0.11105352326317217 0.06141476331941718 0.371 0.368 0.983 0.984
c-ztfr  True F99 58536.698092645325 0.572698704649929 8.267847696413334 0.6068032478725623 0.4900324422728609 0.5652131617701762 -0.4385193729557321 0.4680126019598297 0.339 0.337 0.936 0.937
J 1D3 False F99 58540.691362370926 16.275528526537713 8.467437292181181 18.663644529738054 0.21330991196125962 -1.0 -0.0017932060575522133 12.599147531201254 None None None None
J-c 1D3 False F99 58552.68830147747 -1.0 19.257078399747282 -1.0 65790.45825420073 -1.0 1.3411845537860096 0.46569135107271276 None None None None
J-c-o 1D3 True F99 58535.442012230924 1.3001987705872144 7.3701493711064 0.21733687172552849 0.6566010826932229 0.9284756564029055 -0.21670323399505412 0.13406980230242344 0.237 0.236 0.998 0.998
J-c-o-ztfg 1D3 True F99 58536.4457506968 0.4334014471013006 7.534642406516562 0.08595234209329616 0.23235072140129825 0.5356570370411583 -0.13324472947882116 0.04887556823478525 0.436 0.418 0.986 0.989
J-c-o-ztfg-ztfr 1D3 True F19 58536.52974051892 0.368063921026002 7.5527941184890555 0.07310304883629203 0.36467656842018126 0.4026139780456627 -0.1262595388295084 0.04767884363103486 0.371 0.329 0.999 1.0
J-c-o-ztfg-ztfr 1D3 True F99 58536.53057006482 0.3681398184263448 7.608374475794955 0.07317947645813995 0.3655920967031293 0.40260879761729207 -0.1124088709636703 0.04775489829108143 0.439 0.394 0.996 0.999
J-c-o-ztfg-ztfr 1D3 True O94 58536.530592849274 0.3681104539058794 7.6083684525979765 0.07317460613853433 0.3655893964343754 0.402587354677045 -0.11241705751892533 0.04775011912530222 0.449 0.402 0.995 0.998
J-c-o-ztfr 1D3 True F99 58536.53223903908 0.4778346262590492 7.416904950367846 0.1498741689995574 0.43713471647608915 0.4662185555626743 -0.22658044970866348 0.10515190693148092 0.305 0.299 0.999 0.999
J-c-ztfg 1D3 True F99 58536.73754675594 0.5494447497713922 7.575233629353884 0.11025114762205297 0.48199953181702493 0.7558408123018865 -0.17734407896517004 0.06396608001677163 0.624 0.619 0.712 0.715
J-c-ztfg-ztfr 1D3 True F99 58536.65458402224 0.3779752138167591 7.554082931108317 0.07476294226993778 0.4006814819558757 0.43947393808521906 -0.14689796288487056 0.04765250053072701 0.423 0.407 0.973 0.978
J-c-ztfr 1D3 True F99 58536.74681863616 0.5539764785428134 7.417164021403853 0.15604982879383558 0.527097134828538 0.5517692981467005 -0.24556507149913778 0.10876195738332985 0.316 0.314 0.96 0.961
J-o 1D3 True F99 58535.41326634165 1.3247033647053192 7.390663471810241 0.22753550929940347 0.6427365626976552 0.9454687624997903 -0.20415907516531262 0.14184937095094555 0.216 0.215 0.997 0.997
J-o-ztfg 1D3 True F99 58536.42697839823 0.43452632216004483 7.534386965618474 0.08599763384411312 0.19992203207163645 0.5374332086758689 -0.13350307109855936 0.049060594933602035 0.423 0.403 0.984 0.988
J-o-ztfg-ztfr 1D3 True F99 58536.53969513824 0.3464271545106 7.5502386919952915 0.07042235325250974 0.33173095084670495 0.3896156267496916 -0.13266979984810337 0.04506016249929647 0.353 0.339 0.999 0.999
J-o-ztfr 1D3 True F99 58536.51072843338 0.4842431546465669 7.431075773988839 0.15133871215956599 0.4138207454911643 0.47460760614307057 -0.21604714551763615 0.10662565352778476 0.294 0.287 0.999 0.999
J-ztfg 1D3 True F99 58536.706380409574 0.5521529616729816 7.5729000019947925 0.11006175741129313 0.42265207308838304 0.755570484508376 -0.18160013136129433 0.06509296186688873 0.614 0.608 0.653 0.656
J-ztfg-ztfr 1D3 True F99 58536.63646143968 0.38046655447983097 7.553954868873657 0.07490222092844112 0.37439577931619217 0.4423162926778491 -0.14678107325676737 0.047753743560503784 0.403 0.385 0.969 0.975
J-ztfr 1D3 True F99 58536.719324348145 0.5670709455785052 7.431125717569969 0.15768330353383778 0.49782317111556973 0.5676733078973448 -0.23510222975754425 0.11063258724080931 0.284 0.281 0.945 0.946
o  True F99 58536.154523651705 1.3199094599582555 10.96415594769492 3.4331191560764855 -0.41460181939334784 1.4179616902603156 1.4541374152733706 2.152916745183177 0.211 0.211 0.995 0.995
o-ztfg  True F99 58536.49354928096 0.4413348035956126 8.673104696958035 0.09216155027651256 0.27661505330456504 0.540297267527387 -0.0790539014676305 0.06480117410952826 0.328 0.326 0.996 0.996
o-ztfg-ztfr  True F19 58536.56938901735 0.374360931789657 7.639867740072917 0.08050179057762546 0.3958514800432125 0.4067140784569141 -0.08209359035275829 0.05692367420430472 0.392 0.362 0.998 0.999
o-ztfg-ztfr  True F99 58536.603292260435 0.3517988459411204 8.687553675863315 0.07887867938362726 0.39751741239837457 0.3928937327033306 -0.09738555274093863 0.05554916563696824 0.302 0.298 1.0 1.0
o-ztfr  True F99 58536.47811114377 0.4822805307358205 9.14499133839689 0.572315373423456 0.29705267699807864 0.47056426845458793 0.24567267098858353 0.42301093712990934 0.251 0.25 1.0 1.0
ztfg  True F99 58535.8455667261 0.580574781609893 10.528725557918225 3.658481297161946 -0.7807882060135642 0.7484442308643074 4.266584158984353 5.962958464285729 0.413 0.409 0.744 0.747
ztfg-ztfr  True F19 58536.683496895 0.41233525855482495 7.640290843748739 0.08628481006400597 0.4483990164777431 0.4662138511446272 -0.0969106959444619 0.06337734804321743 0.513 0.462 0.908 0.937
ztfg-ztfr  True F99 58536.70834651689 0.3870420402888021 8.688596172967618 0.08444368776451215 0.4548522389660759 0.44939743303283647 -0.11133358371736951 0.06157922294797365 0.343 0.34 0.981 0.982
ztfr  True F99 58536.718519919246 0.5723230975980172 8.47917042785528 4.761135662199398 0.5006985039624413 0.6266503939401769 -0.2753776113108452 3.6931083577298134 0.34 0.337 0.889 0.891