bps_used variant success reddening_law t0 e_t0 x0_mag e_x0_mag x1 e_x1 c e_c rchi2_data rchi2_data_model fitprob_data fitprob_data_model
c  True F99 58609.18738135773 2.9731520520196346 7.075971125989525 2.4148023633166447 0.1346459482919068 2.0011345806072267 0.5012081990277195 2.855856543388968 -1 -1 -1 -1
c-o  True F19 58610.22417545592 0.19734362499737865 5.570837139086159 0.05314956764923532 0.18117952237131835 0.17405371471602368 -0.08192395175240468 0.04302867401127572 6.729 1.212 0.0 0.228
c-o  True F99 58610.21660147109 0.11986032719196475 6.5925774693399966 0.04324180285477441 0.1791857580307277 0.1250865215170228 -0.09564964528055242 0.03630943817040258 1.51 1.33 0.063 0.142
c-o-ztfg  True F19 58610.46552288978 0.1595829776763578 5.555444179017892 0.034278441389806465 0.039856622624418636 0.13793463900218644 -0.0907378363906074 0.029747391683117623 5.623 1.355 0.0 0.087
c-o-ztfg  True F99 58610.3967464011 0.10269303687452504 6.581811853220281 0.029292488781773134 0.08352473887965706 0.10382220845797219 -0.10094499228649358 0.026486571549975534 1.607 1.42 0.016 0.058
c-o-ztfg-ztfr  True F19 58610.43195668111 0.14292538173479147 5.4559389151699875 0.032567255688909245 -0.07345349311317022 0.11927003468969324 -0.11231416914044079 0.02659066434301627 2.162 0.875 0.0 0.704
c-o-ztfg-ztfr  True F99 58610.36984712565 0.0909341831272014 5.465366267435272 0.02783928760743631 -0.05471135856822797 0.09056510596577047 -0.11074330053655412 0.023532660129826508 2.12 1.894 0.0 0.0
c-o-ztfr  True F19 58610.25941739952 0.16756755111534052 5.565857771230044 0.05271720052820302 -0.016919198128053113 0.14091170294730687 -0.07605260663419147 0.04117580879682414 5.312 1.539 0.0 0.026
c-o-ztfr  True F99 58610.237048663126 0.10144457398067187 6.586278228590709 0.04256616207210299 -0.02896340532832811 0.10466389805731478 -0.09614501312746011 0.034284114602380844 2.334 2.107 0.0 0.0
c-ztfg  True F99 58610.93115445767 0.17886061131186276 6.58826414857999 0.04898324206284864 -0.01452152375706751 0.13920285046922914 -0.09070980174861565 0.07487077443160367 0.497 0.477 0.906 0.919
c-ztfg-ztfr  True F19 58610.70365915879 0.20283603251810498 5.550335417929054 0.035386235105856284 -0.1894247007272717 0.1490843338343057 -0.07759099015145415 0.03570337395132782 4.627 1.966 0.0 0.004
c-ztfg-ztfr  True F99 58610.69189547516 0.1338038058404133 6.561387025043744 0.030170479498893253 -0.15733797083409726 0.11373801275343581 -0.11161987277686952 0.031705233803874 2.087 1.909 0.002 0.006
c-ztfr  True F99 58610.530384959304 0.18213209243236392 6.591097216892808 0.05175731162980439 -0.18088633000951387 0.15913208571759596 -0.08289430160586686 0.05184821091556237 3.619 3.314 0.0 0.0
J 1D3 True F99 58609.29779754234 37.528580209823595 6.963318334440246 243.53640375807373 -8.405861142713892 445.65024334755157 0.12050549506549962 80.75949341175507 -1 -1 -1 -1
J-c 1D3 True F99 58610.00215859288 0.3032434423627012 5.5102808093779565 0.035465086913914694 0.5009171195610811 0.2529030265374417 -0.0881131562322319 0.03052215768498264 0.3 0.289 0.826 0.833
J-c-o 1D3 True F99 58610.18261709013 0.11119148347139349 5.495652859986238 0.034356269774913795 0.16741871275858425 0.12349307471062672 -0.0921125119785757 0.02558091593808892 1.38 1.218 0.102 0.211
J-c-o-ztfg 1D3 True F99 58610.35382588695 0.09695405487807103 5.484758304316658 0.025863033201971912 0.07159867567000358 0.10310283201567509 -0.09571907661902411 0.02071649753801413 1.577 1.369 0.016 0.071
J-c-o-ztfg-ztfr 1D3 True F19 58610.41308637134 0.13954812310236903 5.459336479070706 0.030000722008908357 -0.07547502611894052 0.11910336581508843 -0.10804073755793889 0.022561867703005997 2.145 0.83 0.0 0.787
J-c-o-ztfg-ztfr 1D3 True F99 58610.41279607109 0.13952155304039313 5.549280384047271 0.03002903564300073 -0.07622594993507979 0.11907376218146175 -0.08548009187602787 0.02258458576022967 4.294 1.379 0.0 0.045
J-c-o-ztfg-ztfr 1D3 True O94 58610.4125824185 0.13942466517304106 5.549283256176683 0.030017104333477793 -0.07618849485795028 0.11901830897499456 -0.08548300389023629 0.022571234581998372 4.586 1.429 0.0 0.03
J-c-o-ztfr 1D3 True F99 58610.20963794307 0.09559393325289844 5.490611109701906 0.03429404633188119 -0.039786814641802504 0.10233502448585587 -0.09161726342969326 0.0251934271696602 2.179 1.965 0.0 0.001
J-c-ztfg 1D3 True F99 58610.67770084953 0.14490692112720563 5.489310241915277 0.02753750790546777 -0.010591573256590995 0.13712330043480675 -0.08233701247991533 0.026414776727279928 1.055 0.959 0.394 0.493
J-c-ztfg-ztfr 1D3 True F99 58610.56526034461 0.12056062090646796 5.467679159459851 0.02597701258834716 -0.18211963023671796 0.11067507719771354 -0.09799603086585261 0.022174346372381852 2.173 1.911 0.001 0.004
J-c-ztfr 1D3 True F99 58610.3876493397 0.14963680629223663 5.48990538798207 0.034677470291675526 -0.17110498230596735 0.14202367569112037 -0.08363361875882631 0.027738042932709244 3.099 2.839 0.0 0.0
J-o 1D3 True F99 58610.11887825312 0.1253668625040098 5.496486232289389 0.08305436473505594 0.03897388003094209 0.1632531837279886 -0.09065066527741056 0.04800683202112698 1.529 1.347 0.065 0.142
J-o-ztfg 1D3 True F99 58610.27873242826 0.10721495784185242 5.459213523270874 0.034608061866585355 -0.05623622041805465 0.12720600492604908 -0.10880637356566286 0.023228390642900932 1.705 1.443 0.008 0.053
J-o-ztfg-ztfr 1D3 True F99 58610.25192524682 0.09325265424374762 5.4386920227704705 0.033186002824650444 -0.20297505608200914 0.10475354299696796 -0.11862639192260291 0.022027618421224453 2.148 1.842 0.0 0.001
J-o-ztfr 1D3 True F99 58610.12742983179 0.10377150069615536 5.474430216167187 0.0731386319087711 -0.18220497322578438 0.1211673041923382 -0.09838851303527156 0.04472842430864549 2.278 2.056 0.0 0.001
J-ztfg 1D3 True F99 58610.53747184051 0.18085948535976443 5.4410726313770965 0.04224832122510116 -0.2648634841784972 0.20054435777049556 -0.09835663902365357 0.028101911884359915 1.067 1.014 0.384 0.428
J-ztfg-ztfr 1D3 True F99 58610.39403405767 0.13465238926682072 5.411078014171957 0.03617943516882548 -0.44189465992622257 0.13930236214867112 -0.11788265223301186 0.023522429145440164 2.038 1.857 0.003 0.01
J-ztfr 1D3 True F99 58610.16885810875 0.165813498274671 5.3861246022476745 0.08505416600339098 -0.6200848803662038 0.18930842521421934 -0.12289643553572133 0.046693701884192376 3.025 2.793 0.001 0.002
o  True F99 58610.102603249805 0.15187409224128134 6.1827518422279075 0.607654881212124 0.11079805441240845 0.1897223976541491 -0.3638396875968787 0.40380656148215194 1.702 1.508 0.039 0.087
o-ztfg  True F99 58610.317167491296 0.11525627970942551 6.553532103009381 0.0388120915547398 -0.04237605010754622 0.13058281545441072 -0.1176691054936869 0.029595199489769724 1.713 1.521 0.011 0.038
o-ztfg-ztfr  True F19 58610.35174892326 0.15339949152088397 5.516893988357171 0.041100168800910546 -0.1878261573292871 0.13588165348491552 -0.10428541015395994 0.02942746303851533 4.279 1.361 0.0 0.066
o-ztfg-ztfr  True F99 58610.28124606905 0.09834686013889211 6.5297982437741435 0.03646074159883829 -0.19079099812326134 0.10612775545800866 -0.12916613279086359 0.026493870048219983 2.137 1.928 0.0 0.0
o-ztfr  True F99 58610.13085093566 0.11878602402562198 6.441792400247881 0.3078669278440542 -0.17600510721287818 0.12378515566938836 -0.18866930542595076 0.20742854267674748 2.476 2.238 0.0 0.0
ztfg  True F99 58613.62551960825 1.2708575895810685 6.879467893054056 0.8318521971736098 -0.8540233166001148 1.0624913684972501 0.38825067386063217 1.9394079404430027 0.102 0.099 0.998 0.998
ztfg-ztfr  True F19 58610.56019558116 0.23411887093337216 5.516404845456789 0.04492000714016078 -0.362750435585111 0.17776922380937082 -0.0866501952071752 0.03663716600149897 3.782 1.717 0.0 0.03
ztfg-ztfr  True F99 58610.52042505742 0.154421801771268 6.515964691991426 0.039199878555037086 -0.3845340987372442 0.14494152046940834 -0.12521328022606062 0.03235341088785388 2.111 1.959 0.004 0.009
ztfr  True F99 58609.98473016634 0.338849606573921 -2.892684284877803 9.362656111847079 -0.5992069825354807 0.4336180077012658 -7.525728397945087 7.9772838096047405 3.492 3.24 0.001 0.002