bps_used variant success reddening_law t0 e_t0 x0_mag e_x0_mag x1 e_x1 c e_c rchi2_data rchi2_data_model fitprob_data fitprob_data_model
c  True F99 59325.4665082007 2.9792164445324043 10.761355193063022 8.664660246025514 -0.931108863757877 1.6329780944075376 2.2454324582086844 8.352246379114073 0.046 0.046 0.955 0.956
c-o  True F19 59327.45068079987 0.4589591687401555 7.748784681950429 0.20167961855816863 0.4318397056387092 0.7146831437775526 0.02016506415356343 0.1316862157944175 0.713 0.652 0.809 0.868
c-o  True F99 59327.46380182853 0.43511707736110183 8.812464996543167 0.19506728854888486 0.4119739430348309 0.6987762711624979 0.004660867758184403 0.12712324045019688 0.695 0.689 0.828 0.833
c-o-ztfg  True F19 59326.77096094551 0.23798561655517547 7.941093731354231 0.04941409646580192 0.7782546381836581 0.340151846659342 0.1394569413895889 0.042288294298362894 0.715 0.648 0.901 0.952
c-o-ztfg  True F99 59326.774838689846 0.22897543235229642 9.01612806563217 0.04854011342662493 0.7829339685976933 0.33042955888386444 0.13044580415511026 0.04117117446344768 0.683 0.676 0.928 0.933
c-o-ztfg-ztfr  True F19 59326.85277551185 0.19626260843962243 7.917940935921291 0.04371159673781954 0.7798147752754534 0.2635487780583147 0.1452345731112532 0.033267932222788 0.687 0.615 0.97 0.992
c-o-ztfg-ztfr  True F99 59326.85842717005 0.18691884807739906 7.919078188305427 0.04276441118100288 0.8005025419965686 0.25423837867103094 0.14444972977340975 0.032427254101955565 0.687 0.676 0.971 0.975
c-o-ztfr  True F19 59327.15377581225 0.27994976418962464 7.852410839213919 0.13957754688003876 0.7596969294090777 0.354257770472485 0.08671797286003494 0.10001132932486116 0.741 0.641 0.895 0.968
c-o-ztfr  True F99 59327.14829950147 0.26296586339006495 8.93569172885283 0.13196526267114736 0.8083809390179583 0.3391077513221608 0.08426313325258586 0.09466820980431365 0.709 0.699 0.925 0.933
c-ztfg  True F99 59326.640101682846 0.24384281381556241 9.02109972779937 0.05939287166814597 0.7135957754971264 0.39843712867577835 0.16090423941506463 0.14769325003249986 0.498 0.493 0.965 0.967
c-ztfg-ztfr  True F19 59326.76836924137 0.2035506789342754 7.944334189105293 0.04525223381118896 0.745396238740851 0.2845119309343851 0.16021514446847257 0.0371864854869128 0.65 0.573 0.963 0.989
c-ztfg-ztfr  True F99 59326.77218773397 0.1944506064752055 9.021277912795494 0.04422691180582787 0.7605287772524153 0.2744084924446035 0.15436526594217348 0.03615885240955962 0.606 0.599 0.981 0.983
c-ztfr  True F99 59326.987688214474 0.290562502088697 8.98700231830756 0.14837518462561453 0.7971135613111953 0.3911853173044137 0.12759676162906436 0.11112957976285863 0.652 0.642 0.906 0.913
J 1D3 False F99 59328.07958130594 13.957195956356493 2.35271511806417 236.89807480628335 272.98227171391875 21749.496715823247 -2.8422830544433806 60.048557018462475 None None None None
J-c 1D3 True F99 59328.788552809194 0.4184812268845843 9.009430436654474 0.5259091941650398 9.546814743689637 6.145631242442709 0.6487063265302911 0.15590657699300522 1.559 1.453 0.182 0.214
J-c-o 1D3 True F99 59328.181164035355 0.3368295124995507 8.1945233296383 0.13234758508951705 1.7108926043309105 0.6266378721371567 0.34152814751584426 0.07703209879233366 1.617 1.5 0.034 0.062
J-c-o-ztfg 1D3 True F99 59327.18639349847 0.22031954148280067 7.979426158184839 0.05026181081036436 1.106568044815107 0.35033618669695143 0.20390038281109885 0.037564054032331595 1.543 1.463 0.015 0.029
J-c-o-ztfg-ztfr 1D3 True F19 59327.03835765041 0.1920377624980003 7.9641920267092265 0.044371329254623504 0.9160932421713142 0.26726022831255297 0.19139040976554897 0.03237879257883918 1.23 1.02 0.102 0.432
J-c-o-ztfg-ztfr 1D3 True F99 59327.03799512652 0.19205923000520927 7.988740911621647 0.044387376710761324 0.9159078725713261 0.2672624354877434 0.19741119125407922 0.03239459290352359 1.258 1.039 0.08 0.391
J-c-o-ztfg-ztfr 1D3 True O94 59327.03801828686 0.19205358020149538 7.9887425361853 0.04438587146537914 0.9159326989713582 0.26725659323028966 0.197409205568737 0.03239240764722874 1.258 1.04 0.079 0.39
J-c-o-ztfr 1D3 True F99 59327.555367931796 0.2307866026082606 8.139271537915372 0.10694486864320377 1.220459945362123 0.3348468593042604 0.3048717071096433 0.0719989352226805 1.265 1.212 0.107 0.154
J-c-ztfg 1D3 True F99 59327.24854146971 0.22895073232751095 7.998600003133503 0.05509272924910751 1.1305590260256566 0.4092823551944546 0.29564614791745214 0.048531164925532604 1.718 1.695 0.019 0.022
J-c-ztfg-ztfr 1D3 True F99 59327.06466843151 0.18650612793978907 7.971791838404458 0.045136462963159756 0.9835157470666216 0.2804025387549197 0.20345702258668208 0.03398582395271649 1.35 1.284 0.057 0.093
J-c-ztfr 1D3 True F99 59327.54193647195 0.24144551561604358 8.180315027541031 0.10852177467565813 1.3582702337139987 0.3869220361806067 0.3416294281412245 0.07257103731114714 1.484 1.426 0.048 0.067
J-o 1D3 True F99 59328.626563143975 0.3074842482070666 8.447338964773817 0.14924944426007414 0.1957567365976831 0.7017205667865398 0.5170310303969972 0.08423206762211108 0.866 0.859 0.616 0.624
J-o-ztfg 1D3 True F99 59327.22147364038 0.23376782992896417 7.98302136313491 0.05045436127891334 1.1232617772079696 0.3643755559037587 0.20611793060391503 0.037793350350512775 1.739 1.646 0.004 0.009
J-o-ztfg-ztfr 1D3 True F99 59327.133294520114 0.18746191833741985 7.969194358779716 0.04390060788832132 0.9905110051784378 0.2633697946319134 0.18929115605472194 0.031721601478742145 1.314 1.255 0.053 0.09
J-o-ztfr 1D3 True F99 59327.7776665016 0.23816291987527874 8.316332468178 0.11734758348577495 1.1010833676727836 0.3354255782384925 0.4265341846111805 0.07791659201763593 1.175 1.142 0.203 0.243
J-ztfg 1D3 True F99 59327.30595531639 0.2401337017772486 8.00683103669287 0.05574365672824658 1.2631789417792043 0.4367365596361035 0.30955908102580587 0.04938153144814094 2.117 2.091 0.005 0.005
J-ztfg-ztfr 1D3 True F99 59327.081761992216 0.1942109647192084 7.9751868203284815 0.045556802155083155 0.9983690768026504 0.2853043095596664 0.20549850153119337 0.034221199639390784 1.501 1.425 0.021 0.038
J-ztfr 1D3 True F99 59327.75107448769 0.24569437643485664 8.339045205607889 0.11702678896948104 1.2604150264483325 0.3849713063593773 0.4491929939234604 0.07681849262950317 1.392 1.373 0.096 0.105
o  False F99 59327.830368410294 0.7525870900754107 -3.387193984382635 4.67711678559389 1.9250931541282914 0.9138726090395315 -10.54172591458245 4.519992349865048 None None None None
o-ztfg  True F99 59326.75630657117 0.24630819373609997 9.018442998953589 0.04888510550265734 0.7948572727694693 0.3431001435447385 0.13036604745820005 0.04153455134357677 0.766 0.758 0.826 0.835
o-ztfg-ztfr  True F19 59326.84881301243 0.20664900643132897 7.944186641283187 0.044064331078472324 0.7876378567515109 0.2687799823778744 0.15176441557621634 0.03345369535699843 0.774 0.679 0.892 0.968
o-ztfg-ztfr  True F99 59326.855612638814 0.1960382760363858 9.020932282429094 0.04314630001878396 0.8096591457805935 0.25888609973288573 0.14501291498088548 0.0326271812660633 0.736 0.724 0.93 0.94
o-ztfr  True F99 59327.1595587584 0.28997201718697485 8.599869493810768 0.4702792598699794 0.8734890655891093 0.3485725541633212 -0.16305131365215464 0.347234513259102 0.766 0.755 0.85 0.863
ztfg  True F99 59326.2271505481 0.2845678022012181 14.16397295306888 4.536696616903765 0.23751095139318712 0.5078704234490289 8.774699929186669 6.087089724892525 0.483 0.478 0.943 0.946
ztfg-ztfr  True F19 59326.7551960153 0.21433846439353516 7.945609466934033 0.04558555451309672 0.7582290440354565 0.29037875306608313 0.16028225574505287 0.037295546425602566 0.715 0.629 0.904 0.964
ztfg-ztfr  True F99 59326.76037342756 0.20401100012694268 9.022491870088789 0.04461425733154166 0.7739151498470311 0.27968606430472986 0.15443517522398792 0.03628735752333131 0.668 0.659 0.942 0.947
ztfr  False F99 59326.51538404389 0.41621203348297253 -5.192218356456976 3.522010664432363 0.9200944717410772 0.4723661234341632 -12.362764701753317 3.3976033055881376 None None None None