bps_used variant success reddening_law t0 e_t0 x0_mag e_x0_mag x1 e_x1 c e_c rchi2_data rchi2_data_model fitprob_data fitprob_data_model
c  True F99 59344.395203562526 1.5615406965112433 9.942223585506508 3.526624076798225 -1.3481853520034552 2.0555594635890686 1.6095227971543133 3.8995608953126495 0.111 0.11 0.979 0.979
c-o  True F19 59343.82713043479 0.5423644058585353 7.686201592221416 0.07099645305164269 0.7634721876001187 0.5585518238043948 -0.0896853818583078 0.0647741888377697 1.022 0.885 0.431 0.624
c-o  True F99 59343.81801457091 0.5237998336077334 8.686669158945517 0.06897726955111926 0.7571882078460987 0.5412030402876289 -0.11562633215944808 0.06237040452854569 0.589 0.586 0.944 0.945
c-o-ztfg  True F19 59343.653494887905 0.2880933760933914 7.6575478819152245 0.03181193505825425 0.6651160172327963 0.31158010929776386 -0.1099295822423024 0.03643768730200938 1.098 0.831 0.307 0.77
c-o-ztfg  True F99 59343.65222982062 0.2797388207860501 8.658411965295816 0.03114987062588155 0.664393615838504 0.3031759176100928 -0.13579947679081183 0.03520657970561476 0.384 0.382 1.0 1.0
c-o-ztfg-ztfr  True F19 59343.495532256 0.24351549731544286 7.5639850700902445 0.030231772913626356 0.7395864669091439 0.252320080092329 -0.11085463643134069 0.028916125783164628 0.395 0.371 1.0 1.0
c-o-ztfg-ztfr  True F99 59343.48882104946 0.23534729091654752 7.565429788220999 0.029646754475705778 0.7356900787809499 0.2449211439854929 -0.11386114025066196 0.028179546434730546 0.395 0.387 1.0 1.0
c-o-ztfr  True F19 59343.364812402906 0.34841940478360284 7.688268274556744 0.06863098494993715 0.8657238617844252 0.3399914550581739 -0.07247324354146847 0.05860751913085077 0.898 0.744 0.675 0.907
c-o-ztfr  True F99 59343.35610841298 0.3343379503846269 8.687769700700983 0.0668050432693882 0.8574884784223495 0.32858210597102866 -0.10003773869733928 0.05683456365485045 0.493 0.485 0.999 0.999
c-ztfg  True F99 59343.74452873765 0.3261198730131789 8.653650049606533 0.037172927717350805 0.6781572534126377 0.3347765923753853 -0.15937451914536305 0.10011186368862333 0.211 0.209 1.0 1.0
c-ztfg-ztfr  True F19 59343.490244188746 0.26763014696947796 7.668738297948248 0.030894105509396017 0.7237081943410613 0.2712890383748551 -0.07165198129724842 0.03413290130625768 1.063 0.773 0.358 0.864
c-ztfg-ztfr  True F99 59343.485093505165 0.25862032192788714 8.669276189517971 0.030266008527515955 0.7216247027299046 0.2637765282102171 -0.09890058257185246 0.03333015529872339 0.301 0.297 1.0 1.0
c-ztfr  True F99 59343.34284704398 0.4174607649829398 8.709468370607995 0.07215417173527539 0.8217725061318102 0.38831732979685063 -0.06832031036421003 0.06887904808562714 0.405 0.402 0.998 0.998
J 1D3 True F99 59342.53852903409 1.3231906702583283 -13.123115635076891 56.183763822725844 3.7924188252948148 14.111763842998435 -8.19116989365321 21.320063241082437 -1 -1 -1 -1
J-c 1D3 True F99 59343.175354687824 0.42364306550100306 7.607585344202613 0.0592393365101325 1.15554487978533 0.8694018045898622 -0.08378497415484101 0.04023349576755949 0.552 0.546 0.818 0.823
J-c-o 1D3 True F99 59343.270720828485 0.32034503085028176 7.604588181252919 0.05496619687799039 0.8005664210195198 0.5343665127603429 -0.09122551119140906 0.03815629273095723 0.592 0.572 0.96 0.968
J-c-o 2D True F99 59343.194953317034 0.3327508394287203 7.59110764857355 0.058327918498173266 0.8209082623349024 0.538490495136391 -0.10588091189440002 0.044611481614273064 0.596 0.589 0.958 0.961
J-c-o-ztfg 1D3 True F99 59343.391002530174 0.22707735117605646 7.5706111149906405 0.029580790780670177 0.6802729132742272 0.30597317851866135 -0.10879049247660413 0.025601668486425127 0.456 0.419 0.999 1.0
J-c-o-ztfg-ztfr 1D3 True F99 59343.3428292245 0.2007990674228095 7.5717726565114045 0.02822414865748188 0.7409388793444867 0.2442239313527896 -0.10365233043212421 0.023143354355969394 0.405 0.388 1.0 1.0
J-c-o-ztfg-ztfr 2D True F19 59343.39617275832 0.22438227465500069 7.565209373004421 0.029332855023819864 0.7556721285332006 0.25186394931269956 -0.10944657027984814 0.025927246943717158 0.408 0.368 1.0 1.0
J-c-o-ztfg-ztfr 2D True F99 59343.393826976026 0.2243831222967206 7.666709547950691 0.02938519114611631 0.7535399392507295 0.25185074722049994 -0.08445216785646545 0.025991842116901306 0.919 0.695 0.668 0.976
J-c-o-ztfg-ztfr 2D True O94 59343.39374007121 0.2243504543194357 7.666711121484008 0.02937978044876288 0.7535545149455556 0.2518298245662107 -0.0844485188764528 0.02598269203477597 0.962 0.723 0.568 0.961
J-c-o-ztfr 1D3 True F99 59343.20938312987 0.2609127249601161 7.597220255500341 0.051500107660524826 0.8517604604675444 0.322569413034083 -0.08976010711809383 0.03752347445257846 0.474 0.464 1.0 1.0
J-c-ztfg 1D3 True F99 59343.41509333326 0.2468101534175427 7.569874729078781 0.03038500349706871 0.6783864550196027 0.34081400558325675 -0.09314071623007719 0.030699953735696242 0.287 0.276 1.0 1.0
J-c-ztfg-ztfr 1D3 True F99 59343.33960272972 0.21485526565204796 7.571787029513877 0.028562796692654976 0.7251954608909569 0.2620954731310276 -0.09371778924403582 0.02486455056204875 0.305 0.3 1.0 1.0
J-c-ztfr 1D3 True F99 59343.16465976542 0.30086866022884723 7.596127545403338 0.05172724063239634 0.88444722759589 0.3706159999254587 -0.08319329260248146 0.038295367261013104 0.376 0.372 0.999 1.0
J-o 1D3 True F99 59343.09118590682 0.3464696809884211 7.650652036572205 0.11549280700485455 0.4709552671198961 0.7206272468078719 -0.06382238861619005 0.06398610651019189 0.587 0.586 0.925 0.926
J-o-ztfg 1D3 True F99 59343.321212259034 0.2322142209711649 7.562402204482982 0.03319826508623217 0.6008978456911557 0.3309557732362509 -0.1117833429383208 0.025810808735296665 0.444 0.404 0.999 1.0
J-o-ztfg-ztfr 1D3 True F99 59343.287633955435 0.2039109696298506 7.564625111014873 0.031322985800783874 0.6966950850680993 0.25615265115146363 -0.106199440437323 0.023736309170779304 0.393 0.376 1.0 1.0
J-o-ztfr 1D3 True F99 59343.12356235082 0.26830107407692727 7.592299769413207 0.08720421216080147 0.7991813785372457 0.35385409392368905 -0.09240688256391412 0.055907000350396155 0.471 0.46 0.999 0.999
J-o-ztfr 2D True F99 59343.05910145608 0.27580637135029135 7.5593994321813955 0.10770941979904661 0.7763296974703757 0.355256802851786 -0.11667957382444415 0.07338346342072775 0.476 0.467 0.999 0.999
J-ztfg 1D3 True F99 59343.3520377956 0.25213260344118255 7.55574943072343 0.03484582740127221 0.5783696982285097 0.3735644241304255 -0.09415246967488315 0.030816625237124504 0.167 0.165 1.0 1.0
J-ztfg-ztfr 1D3 True F99 59343.2947757048 0.21780370494579276 7.561563884276191 0.03187020313160712 0.6712553453613572 0.2764364969988815 -0.09732495700764013 0.024991144304399256 0.258 0.255 1.0 1.0
J-ztfg-ztfr 2D True F99 59343.26713552644 0.2203329906551248 7.560134656003651 0.032219994505797524 0.6803695510222267 0.2781065195035985 -0.10090331200478166 0.027528159877070583 0.276 0.274 1.0 1.0
J-ztfr 1D3 True F99 59343.03997763347 0.31315945952230523 7.573681551102957 0.09248840903560869 0.7934739559011232 0.4200674685282514 -0.09518316574323982 0.05632682816005102 0.314 0.312 0.999 0.999
o  True F99 59343.34887539646 0.6658485081439083 9.057719686005175 2.138246447216819 0.5433314722590535 0.8006673493023596 0.14995739012800316 1.4934818261867937 0.677 0.675 0.829 0.831
o-ztfg  True F99 59343.548469336645 0.28649059395817444 8.650973177531625 0.03430891750077826 0.5928879345386354 0.32877124822369913 -0.1377168431944583 0.03524053366741042 0.374 0.373 1.0 1.0
o-ztfg-ztfr  True F19 59343.40944518216 0.2454441896792326 7.657759259427923 0.033310226917838574 0.7136595973202152 0.2643567331267086 -0.08944118964308043 0.029388768630336015 0.939 0.71 0.608 0.954
o-ztfg-ztfr  True F99 59343.40542000586 0.23721386702174851 8.658354462729376 0.03269280177366758 0.7094294106538888 0.256501424117527 -0.11644734541494953 0.02867883306836745 0.386 0.379 1.0 1.0
o-ztfr  True F99 59343.16863938996 0.3461438499384191 8.259241255982543 0.5173283495138393 0.807978588849839 0.35569309686758926 -0.42114993383071936 0.3942506258558102 0.47 0.468 0.998 0.999
ztfg  True F99 59343.73785866065 0.5039522805151103 8.63492447783668 0.03339130023128093 0.7790191012040977 0.5995163633614206 -0.522849080805006 1.0518888943081277 0.093 0.092 1.0 1.0
ztfg-ztfr  True F19 59343.4169760993 0.270269793894131 7.658979791910837 0.03391558472602204 0.672679244013221 0.28645957906923303 -0.07352043464830571 0.03411259931389699 1.002 0.709 0.466 0.906
ztfg-ztfr  True F99 59343.41288170204 0.2610802220032576 8.659572703086102 0.03328068784791463 0.6695900719660361 0.2784029308332745 -0.1008240865945085 0.033333819338187305 0.259 0.258 1.0 1.0
ztfr  True F99 59343.12723809331 0.4377973918778569 9.485956752685675 3.163179216224508 0.7031015944505956 0.5805968114275166 0.5338001697801704 2.4211862335597143 0.367 0.365 0.995 0.996