bps_used variant success reddening_law t0 e_t0 x0_mag e_x0_mag x1 e_x1 c e_c rchi2_data rchi2_data_model fitprob_data fitprob_data_model
c  True F99 59605.93126007612 6.149988826664563 8.182754446994386 1.7673678501669936 -0.19620552119742818 1.9748750428513948 0.6262116430883433 1.9581151059742132 0.287 0.275 0.943 0.949
c-o  True F19 59604.25200145578 0.3412599728904765 6.486135447827554 0.06764674719725623 0.6743256586900485 0.2262048867597214 -0.1563019131507416 0.04859756434604905 1.275 0.647 0.125 0.95
c-o  True F99 59604.30270633969 0.28883380354471616 7.519461297740295 0.060408509120456644 0.6640954379606971 0.1997050388383385 -0.17202759499129083 0.04446704302872274 0.574 0.545 0.981 0.988
c-o-ztfg  True F19 59604.24969718268 0.339088833685543 6.485922761157822 0.06397887088668916 0.6742155201168851 0.2188612487696006 -0.15639579497728562 0.04453198830924255 1.138 0.591 0.248 0.984
c-o-ztfg  True F99 59604.300795602845 0.2873735202567841 7.518465554781914 0.0572340834771482 0.666050939407927 0.1935871704632147 -0.17283238855423752 0.041032543055659475 0.497 0.472 0.997 0.999
c-o-ztfg-ztfr  True F19 59604.18502198142 0.331775691215948 6.406533500472097 0.06260531501732 0.6350671135190205 0.20862092087515635 -0.16733936274918615 0.04345703943289719 0.538 0.359 0.996 1.0
c-o-ztfg-ztfr  True F99 59604.2463118412 0.2815913176004897 6.414669128215411 0.056121989630635964 0.6315227849289309 0.18484648936391962 -0.1645959848095932 0.039932044511264905 0.539 0.492 0.996 0.999
c-o-ztfr  True F19 59604.18677395053 0.33363118372909956 6.481562130477247 0.06666208615322342 0.6307560740541662 0.21479123803149885 -0.14813747735156357 0.047652775299805175 1.161 0.665 0.225 0.949
c-o-ztfr  True F99 59604.24777328923 0.28285963413472 7.517238027896937 0.05956838776169213 0.6260603409943218 0.19008420191515962 -0.1624248542403739 0.04344156758650705 0.616 0.56 0.973 0.989
c-ztfg  True F99 59604.8254782594 1.939529688001275 7.6057873622345875 0.21017753948388349 0.8045859175631911 0.4528023858033461 -0.11307861490828969 0.1707978595985808 0.184 0.177 0.999 0.999
c-ztfg-ztfr  True F19 59603.33089597001 2.115009679704757 6.442710964967642 0.22884356560995808 0.7106497024250436 0.47337722708548285 -0.12884719901674171 0.1473785603988415 1.102 0.65 0.345 0.845
c-ztfg-ztfr  True F99 59603.37645204483 2.1390825121930623 7.479181494732315 0.23057853041805718 0.733770523931056 0.4426410438180455 -0.1439031051328756 0.1487630894650663 0.2 0.19 1.0 1.0
c-ztfr  True F99 59604.23162545604 2.6874261056807947 7.577821580418908 0.2954593145836572 0.5491457426568358 0.5326226593332529 -0.07020612990446763 0.20017039321807234 0.264 0.254 0.989 0.99
J 1D3 False F99 59603.52284245129 0.3849192921218969 771.1189068594263 -1 5.731993543046098 1.332431589502747 254.1319635570578 0.022599386164646622 None None None None
J-c 1D3 True F99 59603.01608726112 0.252529057306702 6.240974554568709 0.07737967523673231 -0.7389457802450436 0.3800131906771784 -0.11067892349098286 0.03791555961757773 1.72 1.641 0.056 0.073
J-c-o 1D3 True F99 59603.63990987226 0.19963048066442438 6.439959954895272 0.04718724584719436 0.6240092468880919 0.19031934207927315 -0.1157772693553791 0.031629864557058886 1.896 1.255 0.0 0.127
J-c-o-ztfg 1D3 True F99 59603.6565486998 0.20030308834606275 6.428953264457503 0.045503829513714095 0.6701767929214679 0.18555098226176833 -0.12490481738971963 0.030038092023631287 1.715 1.127 0.002 0.255
J-c-o-ztfg-ztfr 1D3 True F19 59604.04463208 0.28106021030397904 6.522810029093472 0.051046564407442895 0.6692117488854893 0.20502194812069646 -0.10141910152128494 0.03267550357091598 2.019 0.78 0.0 0.872
J-c-o-ztfg-ztfr 1D3 True F99 59604.04456643632 0.2811722456437352 6.522785568061002 0.05106364027859483 0.6691665635665486 0.2050741427379037 -0.10142142327753567 0.032688984472273024 1.972 0.76 0.0 0.896
J-c-o-ztfg-ztfr 1D3 True O94 59604.04464848645 0.2810653899656356 6.522809660045905 0.05104811447055809 0.669203232980133 0.20502447049705966 -0.10141978305585334 0.032676645230157966 2.014 0.778 0.0 0.875
J-c-o-ztfg-ztfr 2D True F19 59603.85249967244 0.2770124835087578 6.398497995793484 0.05249073609709374 0.6467645560751989 0.20698057551203375 -0.1589805713630832 0.034385170054757795 1.39 0.539 0.034 0.997
J-c-o-ztfr 1D3 True F99 59603.62040672806 0.19609702808447468 6.435838668627884 0.04660192075775636 0.6081112548058009 0.18336242385191426 -0.11490697265316537 0.031441246711648795 1.754 1.16 0.001 0.214
J-c-ztfg 1D3 True F99 59603.21216156657 0.25216350830548306 6.286273927292484 0.07675604085162412 -0.27121850109297313 0.3777814078254498 -0.11032721189290087 0.03777804649776101 1.524 1.428 0.071 0.107
J-c-ztfg-ztfr 1D3 True F99 59603.39155017708 0.2343715713328335 6.348868836427679 0.06627582290141226 0.06959566301620067 0.3317173376950505 -0.10496297888028588 0.036431703179968404 1.442 1.306 0.082 0.153
J-c-ztfr 1D3 True F99 59603.27574820628 0.23776979712429414 6.332416154705092 0.06720120081079947 -0.2199677383729102 0.3476601174120461 -0.10037977611600465 0.03681025506443947 1.649 1.545 0.049 0.075
J-o 1D3 True F99 59603.46608113779 0.19385675468084773 6.6820177056712025 0.08980208383636795 0.43563207042293933 0.21169855214997255 0.024435590903425418 0.05360421311314247 1.263 1.217 0.15 0.188
J-o-ztfg 1D3 True F99 59603.6121457349 0.2001224789751186 6.4919195372643905 0.06621711827481878 0.6580531571867836 0.1991317500212 -0.09102850945646684 0.040092813568387356 1.766 1.303 0.003 0.102
J-o-ztfg-ztfr 1D3 True F99 59603.59386466241 0.19685392974093383 6.475724335007071 0.0637696233257904 0.6363923095767232 0.19081001348256696 -0.09533933844039606 0.03955689867923538 1.679 1.205 0.004 0.173
J-o-ztfr 1D3 True F99 59603.47076854306 0.19238557145295265 6.622776735022988 0.08380185602660345 0.4604325558511615 0.20115187288034017 -0.002600891994130881 0.05172735222337224 1.288 1.18 0.118 0.215
J-ztfg 1D3 True F99 59602.70078857256 0.30199358987269026 6.562617663653638 0.9923806663271948 2.115432803949913 6.319642260882809 -0.021226995451165666 0.3094257319326233 0.368 0.363 0.921 0.924
J-ztfg-ztfr 1D3 True F99 59602.707464935265 0.26313436598033657 6.4773704971515755 0.12021885833648062 1.3716307498080424 0.7083576104135663 -0.06018458688523477 0.05265300180248789 0.559 0.437 0.863 0.94
J-ztfr 1D3 True F99 59602.657307949994 0.2529822850016429 6.52698453067831 0.12779343021006276 0.7979025129628835 0.8116985728788453 -0.025275752394212817 0.05849562821428911 0.486 0.48 0.787 0.792
o  True F99 59604.30292051672 0.2927587728301855 8.032675325452718 0.9743706927989906 0.4570581858259505 0.3770424852659413 0.1756793983666657 0.6496234480574437 0.697 0.662 0.872 0.902
o-ztfg  True F99 59604.28031770014 0.289090304478657 7.508061641227617 0.08617117132148444 0.6281326559872682 0.21123879223869135 -0.17897416830879814 0.057213209166388716 0.581 0.552 0.972 0.981
o-ztfg-ztfr  True F19 59604.17078106012 0.33182307444025766 6.4567712228788725 0.0907544434315009 0.5927575558414415 0.22685381202937227 -0.1636536681586767 0.060021354399693076 0.951 0.572 0.553 0.981
o-ztfg-ztfr  True F99 59604.227677710456 0.2820336952473728 7.488750336324077 0.08350114483211885 0.5896591888891385 0.2000452609532266 -0.18070446540977753 0.05603494385165697 0.622 0.565 0.963 0.983
o-ztfr  True F99 59604.22096859508 0.2856742626027773 6.995024207353058 0.5877259546696856 0.7426054665236133 0.27181111432060123 -0.528527088930457 0.4186365689846223 0.683 0.642 0.903 0.935
ztfg  True F99 59603.727866720605 3.969843797176816 7.306165594618161 1.5270669882161407 0.8749190428873141 6.812481358940657 -0.8205208613336358 4.619152711327473 0.102 0.102 0.903 0.903
ztfg-ztfr  True F19 59603.94537226047 2.6369414135109457 6.409419829450922 0.2141476013514105 0.34431727469565615 1.0622920591409146 -0.1430203373124408 0.13711916607073552 0.614 0.474 0.719 0.828
ztfg-ztfr  True F99 59603.96397226311 2.466514312358064 7.43998673545877 0.20324025160016743 0.35868889628042444 1.0002136593240591 -0.16271128849312416 0.13097427793637823 0.093 0.092 0.997 0.997
ztfr  True F99 59624.54400595106 1.5988687826027015 9.445961868335957 10.911083788201866 2.1103717254039047 1.5762977271997807 0.7605159046840176 7.870636534453614 0.239 0.233 0.625 0.629