bps_used variant success reddening_law t0 e_t0 x0_mag e_x0_mag x1 e_x1 c e_c rchi2_data rchi2_data_model fitprob_data fitprob_data_model
c  True F99 58714.40641613481 0.45041175106638726 6.543707545556243 0.6793289081652809 -0.9197596553911513 0.6441723140006319 0.2795540205680057 0.8797984336936776 0.809 0.788 0.489 0.5
c-o  True F19 58714.545225437556 0.22696782009683963 6.579598142518437 0.07912877201928013 -0.7153784717131895 0.25989073329830403 0.19074032727071144 0.0581224029148827 3.005 1.223 0.0 0.25
c-o  True F99 58714.542809752995 0.17974602500093334 6.470835357928518 0.0662494502392709 -0.6983198901109835 0.20977693534627412 0.1605232043118972 0.04935232949695233 0.43 0.412 0.966 0.972
c-o-ztfg  True F19 58714.41257200288 0.13381951425070135 6.566635572001678 0.04258530260463391 -0.7374210307132767 0.17056710859284252 0.18489704287050715 0.03624539646199171 2.355 1.124 0.0 0.279
c-o-ztfg  True F99 58714.42683903643 0.1104877629378966 6.450266093368034 0.03824352805829194 -0.7800841338691159 0.14131434056991363 0.15107004751335876 0.03234845401961904 0.57 0.544 0.982 0.988
c-o-ztfg-ztfr  True F19 58714.53656185672 0.11412661976071897 6.509784519686619 0.0374305575845677 -0.4257134295102271 0.12554664063420598 0.19416032054360516 0.0291146838901766 0.758 0.463 0.91 1.0
c-o-ztfg-ztfr  True F99 58714.587259386375 0.08840541019394349 6.511051432643659 0.03364621590462868 -0.4389797074055096 0.10207551501262434 0.19069298034738535 0.0263000821342585 0.753 0.685 0.915 0.965
c-o-ztfr  True F19 58714.69574104825 0.15961879319805922 6.651626216762058 0.06823787216764414 -0.3302547139295695 0.14594086911826992 0.23627847020759185 0.05000178475801136 2.673 1.068 0.0 0.362
c-o-ztfr  True F99 58714.70338022773 0.11533837604121568 6.542461934294077 0.057779679919021 -0.3289797611089502 0.11694819608444801 0.20634637502728748 0.042765198625884224 0.608 0.542 0.965 0.986
c-ztfg  True F99 58714.39658047977 0.12286777623585816 6.436622093651625 0.05642797536380532 -0.8481337326960944 0.172703501376384 0.141636702380046 0.08436769018074006 0.657 0.63 0.902 0.922
c-ztfg-ztfr  True F19 58714.540555111555 0.1157726308168477 6.633912277453296 0.039502939600942415 -0.39886294599946337 0.13927996328557307 0.23643258933560563 0.03423934229525145 2.563 1.231 0.0 0.138
c-ztfg-ztfr  True F99 58714.59700414864 0.09014028162174147 6.524517155210923 0.03562496294856631 -0.4159510080210638 0.11397070520506862 0.20694818728947495 0.03126631147369558 0.79 0.745 0.842 0.896
c-ztfr  True F99 58714.7343110402 0.11840618100627334 6.580559019421962 0.06497724629036246 -0.26737513671851304 0.13679475624417015 0.2389848186207604 0.05316436387326618 0.544 0.525 0.962 0.969
J 1D3 True F99 58715.15135432438 0.9479601904656267 6.59935940737634 66.17890090063123 5.234058563756394 23.88694711454409 0.07484581680073892 23.01923590378194 -1 -1 -1 -1
J-c 1D3 True F99 58714.63138945153 0.23791023939392147 6.378072055814476 0.07078460547802655 -0.6240423613303513 0.41839421930737636 0.03405454272972057 0.03648250731729306 0.566 0.55 0.758 0.771
J-c-o 1D3 True F99 58714.61101062048 0.16416882362359306 6.370621347842702 0.048992802434399685 -0.7387708043888656 0.20968340343742203 0.06839584606076778 0.030364408735487444 1.681 0.73 0.039 0.775
J-c-o 2D True F99 58714.604494957064 0.1630688586015742 6.436083781663432 0.0548438891996656 -0.695727432871208 0.20768129748628683 0.12702226571127545 0.03706674511322866 0.498 0.429 0.956 0.979
J-c-o-ztfg 1D3 True F99 58714.48707289131 0.10470190708097368 6.400482510329066 0.032686935344238055 -0.8003599696529577 0.13958356091009563 0.08995968869953902 0.0232183902248109 1.414 0.731 0.045 0.892
J-c-o-ztfg-ztfr 1D3 True F99 58714.62237595128 0.08579889779142254 6.457457648859086 0.029418127694350857 -0.44008093618022637 0.1032012651521601 0.1338364599841121 0.0206499257262976 2.106 0.897 0.0 0.697
J-c-o-ztfg-ztfr 2D True F19 58714.56140837682 0.11177597089513497 6.489516571583518 0.03487386835343806 -0.42368095795935623 0.12595467311974665 0.17208921096885346 0.02550977100812136 0.839 0.489 0.807 1.0
J-c-o-ztfg-ztfr 2D True F99 58714.56003767519 0.11178439710877189 6.601238236830079 0.03491444343823779 -0.424073156896982 0.12593356892279645 0.1999097112510903 0.02554711166779183 2.377 1.066 0.0 0.34
J-c-o-ztfg-ztfr 2D True O94 58714.560122471135 0.1117373774901804 6.601255028556602 0.0349008223661054 -0.4239797426648684 0.12587280883344923 0.1999266527990955 0.025532143566103033 2.55 1.126 0.0 0.237
J-c-o-ztfr 1D3 True F99 58714.73553145943 0.10986054325026813 6.41763968179321 0.041823712746558814 -0.31853108622177595 0.11951998952405148 0.10105322463306761 0.027909188529750637 2.003 0.835 0.0 0.749
J-c-ztfg 1D3 True F99 58714.474141330575 0.11292735839323599 6.388498516758307 0.03566016933627455 -0.7925643417026157 0.17038674868227974 0.04798912996955956 0.028178524073926726 0.729 0.66 0.849 0.914
J-c-ztfg-ztfr 1D3 True F99 58714.635285576376 0.08827662165552165 6.462083116911791 0.030510091712917638 -0.38017984029455226 0.11672436794003523 0.12728074319885105 0.022142805857737466 2.285 1.019 0.0 0.437
J-c-ztfr 1D3 True F99 58714.761043506456 0.11447379889635884 6.430543489146517 0.04339997734319641 -0.1939046561589492 0.14188086779501186 0.09547296356934562 0.029257548368387648 2.213 0.94 0.0 0.551
J-o 1D3 True F99 58714.81143993295 0.3470203862027959 6.1805395621793355 0.09453089337347154 -0.6320879066581517 0.2783901144208751 -0.03412546035059564 0.05201547881139439 0.421 0.396 0.937 0.949
J-o-ztfg 1D3 True F99 58714.48461694298 0.12318930473533238 6.399366084602594 0.036942228109824594 -0.7979651560584056 0.1510775426233852 0.08965005652541427 0.024203709835462533 1.647 0.815 0.012 0.76
J-o-ztfg-ztfr 1D3 True F99 58714.61909838237 0.09668401385957072 6.447973536706649 0.033088838537277364 -0.4162532706510008 0.10823539870918668 0.12872239514542091 0.02173461580827382 2.26 0.947 0.0 0.582
J-o-ztfr 1D3 True F99 58714.73129331679 0.1428953203463119 6.202493435598021 0.07453668726292481 -0.2857203645821573 0.12766117147386694 -0.026099067437673346 0.04615019532703249 0.488 0.467 0.992 0.994
J-o-ztfr 2D True F99 58714.72470539948 0.14147582233598513 6.324089366750163 0.10313919584851985 -0.28758564929525393 0.12736725203222354 0.05742476496685761 0.0670399379013513 0.481 0.458 0.993 0.995
J-ztfg 1D3 True F99 58714.446154428784 0.1335633204904465 6.406338402803594 0.04192057228173012 -0.7739630131448572 0.19398780189363035 0.046915774767965324 0.029094475162448022 0.739 0.708 0.796 0.83
J-ztfg-ztfr 1D3 True F99 58714.62291724635 0.09917695904250064 6.458838134647021 0.03465446315645322 -0.3468323695053496 0.12425393575437056 0.12669711352215476 0.02283402993041727 2.513 1.075 0.0 0.342
J-ztfg-ztfr 2D True F99 58714.61352541011 0.09838198154050266 6.494752089963688 0.036388027283219986 -0.36552684605307106 0.12246485425033675 0.1722582924330977 0.02623697047135566 0.945 0.815 0.572 0.794
J-ztfr 1D3 True F99 58714.75047402184 0.148324949372962 6.218861659559625 0.07902793254234948 -0.18195629842448613 0.15392769951147173 -0.02318276746721197 0.04692626208160292 0.468 0.45 0.975 0.98
o  True F99 58715.2449278491 0.7774680499536334 7.62121731797478 1.2251266692157539 -1.0280448195661525 0.4244819886003577 0.8652830009308485 0.7356449998985771 0.371 0.347 0.92 0.932
o-ztfg  True F99 58714.38989281792 0.13421680540387015 6.454775667110115 0.04276721372043944 -0.7554667029908557 0.15387213629514265 0.15513874412482048 0.03379610682930089 0.61 0.58 0.95 0.965
o-ztfg-ztfr  True F19 58714.49877585851 0.1321634754900034 6.620673067995323 0.04132409978242191 -0.3848509929606692 0.1325712774786415 0.2211896496500173 0.030370455966841084 2.279 1.053 0.0 0.373
o-ztfg-ztfr  True F99 58714.570379732715 0.10081168099673965 6.508978103521779 0.03798401747652914 -0.4075099345007801 0.10725267685397873 0.18942010496661407 0.027824818595162715 0.768 0.703 0.882 0.943
o-ztfr  True F99 58714.70738153298 0.1533353179962361 6.279823346791282 0.307344586365142 -0.2851433838763478 0.12775473406681265 0.027161441405204746 0.20970854199258393 0.526 0.504 0.979 0.985
ztfg  True F99 58713.79741218836 0.3897407471102344 7.4023340309145365 1.1143222941340996 -1.369851201647276 0.38763834679486525 2.097090413014845 1.8618300032836805 0.656 0.62 0.857 0.887
ztfg-ztfr  True F19 58714.503131724196 0.13387440522337637 6.634529277611701 0.04309947347825631 -0.3483012634397372 0.1489047049303842 0.2371387709138286 0.03472124810273578 2.312 1.136 0.0 0.26
ztfg-ztfr  True F99 58714.58261389038 0.1023339550930007 6.522118734832548 0.03956630960343175 -0.37855590055417737 0.12125184641333092 0.20583434208624413 0.03188159893425137 0.813 0.771 0.786 0.843
ztfr  True F99 58714.8069372436 0.16571832948389464 10.56565610479016 2.163762298417741 -0.37946228369325513 0.1885481668711489 2.213042640295402 1.4364714053442862 0.371 0.36 0.991 0.992