bps_used variant success reddening_law t0 e_t0 x0_mag e_x0_mag x1 e_x1 c e_c rchi2_data rchi2_data_model fitprob_data fitprob_data_model
c  False F99 59442.19507215267 0.8550554905807533 72.49146200229407 151.5887951580656 -1.5159919355357374 1.7163925934430377 52.5318311206269 119.82158846782858 None None None None
c-o  True F19 59445.82489650902 0.7852172358320288 8.395934787756062 0.1343113616130115 0.8411918961852953 0.9795385941086211 0.02421602095314903 0.1146083958576598 1.173 1.1 0.267 0.34
c-o  True F99 59445.831478710155 0.7753997159743417 9.286762775099533 0.13119473871031537 0.8347240588774235 0.9688221985149624 -0.035877875818296434 0.11235964625051091 0.58 0.577 0.929 0.931
c-o-ztfg  True F19 59445.89128259957 0.3499708066707476 8.405127833782691 0.06698609495537515 1.4339773007263472 0.5819258996803662 0.003247954517540147 0.060118624581123756 1.564 1.344 0.019 0.087
c-o-ztfg  True F99 59445.89728568138 0.3443463746986033 9.299727011300021 0.06614415820956311 1.4327593641873038 0.573816578530262 -0.05380479124491623 0.05921366784903059 0.408 0.406 0.999 0.999
c-o-ztfg-ztfr  True F19 59446.00007706224 0.305139578739358 8.202925223316676 0.06024775858280122 1.4820636344983127 0.48768532876428683 0.0003020587330086197 0.0434687515026104 0.365 0.346 1.0 1.0
c-o-ztfg-ztfr  True F99 59446.002646714085 0.29872808898810815 8.205988945818257 0.059525854189964325 1.4814993843878463 0.47990903664360535 -0.006989527016614946 0.04285025041146388 0.365 0.36 1.0 1.0
c-o-ztfr  True F19 59446.09066638164 0.4814171086137012 8.435880131296694 0.12836953165967718 1.3712072247284262 0.6424298763747642 0.0753232462142174 0.1020603228143427 1.44 1.194 0.04 0.194
c-o-ztfr  True F99 59446.10209560626 0.46993501131494175 9.327371926280257 0.12551897878132584 1.3784678416417238 0.6331346874090016 0.01565411368729222 0.09984610257724975 0.42 0.415 0.999 0.999
c-ztfg  True F99 59445.690713277756 0.3779115772307608 9.325029188872518 0.07503096062956716 1.813237421095797 0.6999798420754955 -0.16952680438845222 0.1782648698729014 0.267 0.265 0.997 0.997
c-ztfg-ztfr  True F19 59445.843129622575 0.33025141327865287 8.440679752484577 0.06596952728959313 1.7275638687691552 0.5593995601730511 0.07449234702418496 0.04827812008713642 2.146 1.707 0.0 0.008
c-ztfg-ztfr  True F99 59445.854357352495 0.32330643918133367 9.33610887012782 0.06511368383450797 1.7367565107551906 0.5509345384865432 0.01816341712595551 0.04738227751271511 0.281 0.277 1.0 1.0
c-ztfr  True F99 59445.781827088285 0.5579512035345966 9.41344588891655 0.14717227560893897 1.6208669348180544 0.7722566379475018 0.09081594084060111 0.11855421773663698 0.388 0.386 0.99 0.991
J 1D3 False F99 59444.770446155984 2.405804902761655 8.492276113176 85.53413623158801 -13.965299913261887 26.865806656518263 -0.07012390489800072 31.74075084061483 None None None None
J-c 1D3 True F99 59444.16051745012 0.7899199256532913 8.287125556710302 0.12454808874059436 0.28679871704317034 1.346521677836437 0.036487288285238714 0.05636674309237131 0.432 0.428 0.73 0.733
J-c-o 1D3 True F99 59445.13590549107 0.5379254793453944 8.219384677059747 0.09796491949134437 0.30795670896146743 0.8397792872247836 0.013939559594777749 0.05275290973603338 0.588 0.585 0.94 0.941
J-c-o 2D True F99 59445.03412560695 0.5594024804533355 8.22648532108384 0.1112803621207693 0.2301365383992774 0.842304060065569 0.02339291250890173 0.08182397557048164 0.62 0.617 0.919 0.921
J-c-o-ztfg 1D3 True F99 59445.65671959161 0.31146166310766976 8.205419728576889 0.06274601377247342 1.3292616175129779 0.5503540063185794 -0.014425391878636442 0.03757081855122142 0.504 0.487 0.995 0.996
J-c-o-ztfg-ztfr 1D3 True F99 59445.79757484283 0.2746642107521424 8.206130347543583 0.055576028750422855 1.4118921578987806 0.46865234965333835 0.00032932175292883396 0.033973674442351394 0.418 0.411 1.0 1.0
J-c-o-ztfg-ztfr 2D True F19 59445.81143083393 0.28619987733254804 8.198662300465656 0.05859859533306943 1.4101983094644712 0.4777151037120142 0.001306132276773632 0.04108063757935263 0.437 0.402 1.0 1.0
J-c-o-ztfg-ztfr 2D True F99 59445.80962514894 0.28657345726466876 8.409004145847266 0.05879179403594942 1.4117889280239346 0.4780363248480502 0.05200214756153232 0.041320914335877305 1.517 1.242 0.008 0.107
J-c-o-ztfg-ztfr 2D True O94 59445.8096080339 0.2865290808388998 8.408994509805959 0.05878301439951491 1.4117037585185348 0.47798377864458197 0.052007957180495085 0.04130695893230101 1.618 1.322 0.003 0.055
J-c-o-ztfr 1D3 True F99 59445.78185098242 0.3672237491664713 8.213437340203884 0.08163425454659352 1.0941913972087272 0.6014584758502692 0.014556010233818074 0.051149055282524135 0.507 0.5 0.996 0.997
J-c-ztfg 1D3 True F99 59445.47721742641 0.33943838219096256 8.236931911008309 0.07280671322819515 1.6819748415522267 0.6768667632880917 0.0023179814791894505 0.04120295016941753 0.447 0.435 0.974 0.978
J-c-ztfg-ztfr 1D3 True F99 59445.65443893186 0.2969905971745757 8.228982436339075 0.060406879614726294 1.670492288222035 0.5399438982600525 0.013516506914331901 0.03538358242904141 0.351 0.346 1.0 1.0
J-c-ztfr 1D3 True F99 59445.50131363301 0.4276246775767828 8.246766499274441 0.08919466237062461 1.4995695851608426 0.7600929048543289 0.030484090465890425 0.051361656714821 0.513 0.49 0.967 0.975
J-o 1D3 True F99 59445.45722752109 0.6007370500195893 8.216545959162271 0.16841794082879025 -0.0719118424811829 1.010383180821895 0.020489782841433293 0.08365798032626783 0.561 0.56 0.935 0.935
J-o-ztfg 1D3 True F99 59445.708281384956 0.33315609705023275 8.188719646343035 0.06921074511383234 1.2797619039849115 0.5919015552453333 -0.01717307174160952 0.03840736074016982 0.46 0.446 0.997 0.997
J-o-ztfg-ztfr 1D3 True F99 59445.844313542584 0.29303300811698046 8.193158287766448 0.059498846639409714 1.3815054081140803 0.49461277717986735 -0.006355107044735058 0.03519549046104459 0.377 0.371 1.0 1.0
J-o-ztfr 1D3 True F99 59445.83839435839 0.42953583822633373 8.193887745089537 0.10511247958373408 1.1607605288833933 0.6948324748720852 0.003267136247843032 0.06623868208913662 0.44 0.435 0.999 0.999
J-o-ztfr 2D True F99 59445.89661238433 0.4193375730083751 8.159014931153319 0.18521852846250564 0.9787924277409656 0.6657268050593559 -0.018664157177424673 0.14142437459152543 0.49 0.485 0.996 0.996
J-ztfg 1D3 True F99 59445.48464638988 0.36806923261125174 8.218681602779991 0.0840935420564655 1.6920303423638112 0.7693283738602515 0.00373471396320436 0.04172054727086862 0.307 0.305 0.991 0.992
J-ztfg-ztfr 1D3 True F99 59445.659438367875 0.319738898155332 8.21642096689434 0.06522557674112198 1.6832461128054979 0.5835645475367081 0.009814882547541646 0.03641911063051187 0.269 0.267 1.0 1.0
J-ztfg-ztfr 2D True F99 59445.61824663087 0.3239779374588652 8.219720199263753 0.06827023312666643 1.6909663221401117 0.5875933202529121 0.014799691221627304 0.044881426271519656 0.303 0.301 1.0 1.0
J-ztfr 1D3 True F99 59445.48760871798 0.5475315173550827 8.194794958433702 0.11320962503932475 1.6691725721533588 0.9804614896421756 -0.005465965745563842 0.06631649532392651 0.407 0.404 0.985 0.985
o  True F99 59447.159598553444 1.1244936731281125 11.680162445360764 4.3366407032500645 0.43757555263272374 1.3229997052508606 1.6368485836402638 2.8457682949352767 0.381 0.38 0.984 0.984
o-ztfg  True F99 59445.95324071708 0.3864523104484025 9.30180580193064 0.07377716605936341 1.506997403502214 0.6371169088071579 -0.04145065908536072 0.06006562427807089 0.319 0.318 1.0 1.0
o-ztfg-ztfr  True F19 59446.02523847703 0.3366409000386459 8.40855627400633 0.06509506409754105 1.5305755142995987 0.5245570229076054 0.04881227419736334 0.044968033834181714 1.521 1.222 0.012 0.142
o-ztfg-ztfr  True F99 59446.03346958649 0.32941787472922635 9.303834987334056 0.06433440953574417 1.5353450006688916 0.516735444189735 -0.007756015448714263 0.044302340392467 0.29 0.286 1.0 1.0
o-ztfr  True F99 59446.44332671222 0.5250804328588043 8.818866896032093 0.6836285435577207 1.3761669147913622 0.7221124764799466 -0.3960605696711925 0.5635527933256007 0.308 0.306 1.0 1.0
ztfg  True F99 59446.19278208436 0.8539105595060703 9.449488199299243 0.4122691856047355 2.2609811976377125 1.0570480388449894 -0.9446833027811906 1.6938233896017416 0.104 0.104 1.0 1.0
ztfg-ztfr  True F19 59445.89407603605 0.3630718670772261 8.429383620755116 0.07089946101120304 1.7293592556604833 0.6033643400142064 0.06986211933405422 0.04917377273619436 2.043 1.591 0.001 0.024
ztfg-ztfr  True F99 59445.9066087221 0.3546262461876724 9.325010432995303 0.07004361344671255 1.7365601169977922 0.5935760376907402 0.013424452295531596 0.04833735460170042 0.181 0.179 1.0 1.0
ztfr  True F99 59446.2615916161 0.6245469408259249 9.602944909517213 4.272571570857692 1.4531643204991336 1.3532664921583364 0.25111284957124436 3.528031553039264 0.237 0.236 0.998 0.998