bps_used variant success reddening_law t0 e_t0 x0_mag e_x0_mag x1 e_x1 c e_c rchi2_data rchi2_data_model fitprob_data fitprob_data_model
c  True F99 58722.574090797425 2.4882615125245873 9.980993740230094 6.23483068228771 0.35060906331612407 2.2966872923048323 2.5752399505310697 6.222586526591343 -1 -1 -1 -1
c-o  True F19 58723.38387828304 1.7590772534847454 7.869093148414593 0.1076911071027596 3.3103530342996104 1.6599803365555017 -0.18006770847901973 0.16859948119014476 1.007 0.931 0.428 0.489
c-o  True F99 58723.30545618759 1.6892714751248323 7.791909836082466 0.10400260399966223 3.3499844793263316 1.6114060764123612 -0.19879665922733375 0.16172430868907375 0.705 0.702 0.687 0.69
c-o-ztfg  True F19 58722.59196611878 0.5472587182429227 7.946894930358661 0.05489546404044492 1.1919607233535232 0.5934754404413077 0.04978037613734178 0.07088446639657106 1.275 1.152 0.214 0.305
c-o-ztfg  True F99 58722.59947450238 0.5137496826513738 7.868728440310081 0.05322458463236613 1.155854457116864 0.5654845541373281 0.030903561871213608 0.06896717578654679 0.822 0.814 0.646 0.655
c-o-ztfg-ztfr  True F19 58722.88001988493 0.38647275716066853 7.87160983500892 0.049629353305191 0.935563289613339 0.4023764755691483 0.08501967051628742 0.041933000766967196 0.924 0.838 0.568 0.691
c-o-ztfg-ztfr  True F99 58722.86603232038 0.3676681133891145 7.872367134758456 0.0481082718699488 0.9082246845238149 0.38557066613176677 0.08479784076910497 0.0403286124764338 0.922 0.906 0.571 0.595
c-o-ztfr  True F19 58723.34508714799 0.5519733645899507 7.956537283769189 0.09954640920365605 1.169964966154069 0.5160284646105756 0.08811551653601908 0.08742349409785394 1.435 1.168 0.099 0.275
c-o-ztfr  True F99 58723.30686106127 0.5257222681451242 7.8787139270193585 0.09707766698400849 1.1333404677828587 0.4949616215541489 0.06961203185080166 0.08481660933839542 1.004 0.982 0.451 0.479
c-ztfg  True F99 58722.511147798716 0.5439874710376588 7.883280695923778 0.06945406375200501 1.0194254482015763 0.6273760007808187 0.1297146265703013 0.1347037012653827 0.655 0.648 0.658 0.663
c-ztfg-ztfr  True F19 58722.839126457024 0.3941609214501439 7.952119565253696 0.051775840919663446 0.8777043830563827 0.42903351409714585 0.11831411744287923 0.044401088870359234 1.623 1.301 0.059 0.192
c-ztfg-ztfr  True F99 58722.82718800878 0.3747113921486143 7.872736233647844 0.04995725662584005 0.8489678707381769 0.4101275257200755 0.09690294921393872 0.04251075590045388 0.872 0.856 0.596 0.614
c-ztfr  True F99 58723.25178319213 0.5481514407885586 7.903182534720049 0.10313619221553953 1.0396566108999838 0.5410250461983985 0.10495104375303553 0.09000969105044483 1.026 1.002 0.418 0.439
J 1D3 True F99 58724.05678842735 1.4933415572553357 -527.2772398111592 1054.4764214594884 7.05820219797584 4.767552677070946 -211.98072095893798 421.4958054171161 -1 -1 -1 -1
J-c 1D3 True F99 58723.17514979144 2.430109481383575 7.801293518373436 0.08823318987100774 3.2499814134868243 2.0006212508943926 -0.17027259050146304 0.11855553668109847 0.12 0.119 0.948 0.949
J-c-o 1D3 True F99 58723.38263391577 1.3237898557504064 7.813223136591525 0.07685257995876019 2.9897654986161997 1.1620385255901524 -0.14894820953282023 0.08026807118535235 0.499 0.496 0.917 0.918
J-c-o 2D True F99 58723.09920195878 1.433236938168683 7.805567492520207 0.08800640280131547 3.0215035663315475 1.3238234564319522 -0.15215202343576117 0.11784589296239995 0.586 0.584 0.856 0.857
J-c-o-ztfg 1D3 True F99 58722.49001097806 0.5064188904971645 7.846463228540925 0.05066896838448178 1.299699877862068 0.5745450504131707 -0.05434475395607673 0.045289488123589086 0.819 0.785 0.679 0.72
J-c-o-ztfg-ztfr 1D3 True F99 58722.66881604171 0.3559895752386739 7.825328976316474 0.042955202372369834 0.9611758826817405 0.3938630102653916 0.022591270333699665 0.03215979966264813 1.244 1.08 0.175 0.352
J-c-o-ztfg-ztfr 2D True F19 58722.76557312564 0.381741664139255 7.855889399776817 0.04736449964265952 0.949414379941008 0.4041493188485388 0.0666169420928475 0.03887272844775479 0.919 0.815 0.588 0.742
J-c-o-ztfg-ztfr 2D True F99 58722.76700800682 0.38170895828338797 7.935953627343807 0.047430864147685194 0.9488783632211817 0.40410409350325804 0.08611299828283361 0.03894603110331222 1.325 1.088 0.117 0.342
J-c-o-ztfg-ztfr 2D True O94 58722.7670135643 0.38166655296954144 7.93594896048264 0.04742603518399906 0.9487813367283111 0.40406013952988 0.08612318159771123 0.03893824298486881 1.367 1.116 0.093 0.307
J-c-o-ztfr 1D3 True F99 58723.03323028927 0.4740091588504991 7.7256150541345505 0.06488266011477865 1.3798760967593182 0.504159740835053 -0.07879558178848764 0.052601969503338744 1.232 1.116 0.204 0.317
J-c-ztfg 1D3 True F99 58722.6238016721 0.5730919367358395 7.818492728446188 0.0534876753806128 0.844529002047629 0.6677950641560411 -0.0807253167719677 0.0562914675784514 0.725 0.687 0.686 0.721
J-c-ztfg-ztfr 1D3 True F99 58722.696128838375 0.33726739821557106 7.812770932174329 0.043630089066634216 0.7910126491534449 0.3968456453772998 0.018640295919855887 0.033306886076625415 1.486 1.229 0.075 0.218
J-c-ztfr 1D3 True F99 58722.944193530595 0.4879292547689621 7.721660937797904 0.06564715110604019 1.237061648606367 0.5529132313104962 -0.07011394314351084 0.0527107905542836 1.493 1.309 0.104 0.192
J-o 1D3 True F99 58723.34316894145 1.4602918655978263 7.84568187058549 0.369117523937243 3.402245553163292 2.03986424160916 -0.1639833534888553 0.1768662516696494 0.62 0.617 0.781 0.784
J-o-ztfg 1D3 True F99 58721.53858733803 0.8780246738329968 7.89932696052829 0.060171834099120185 2.2022142013453863 0.7990996168719785 -0.05212883890760951 0.04751173938544517 0.634 0.628 0.839 0.844
J-o-ztfg-ztfr 1D3 True F99 58722.672609859765 0.3591397645983756 7.813103647166571 0.048320196664728414 0.8529537580120887 0.41512184949208825 0.013982699378087979 0.033569821001143245 1.437 1.236 0.073 0.192
J-o-ztfr 1D3 True F99 58723.26474650885 0.5203015075831836 7.48568497187013 0.12915915010766377 1.1228033968124795 0.510040611663843 -0.2340819233348438 0.09711762362831296 0.883 0.867 0.61 0.631
J-o-ztfr 2D True F99 58723.22022081553 0.5225791938833778 7.512354566505341 0.24434610996125358 1.0972475820584906 0.5153653221659915 -0.21117453014659882 0.19327351232896184 0.931 0.916 0.546 0.567
J-ztfg 1D3 True F99 58721.47097258853 1.4628462279353671 7.8823293419611 0.06400976029125992 1.9584976033544652 1.2558806237967206 -0.07015998091769497 0.06422914987668678 0.296 0.294 0.915 0.916
J-ztfg-ztfr 1D3 True F99 58722.65634417397 0.36830163058854776 7.80427229409819 0.04943872418945656 0.7003377875554074 0.4404957704908984 0.02102033858847362 0.03440564834925301 1.56 1.282 0.071 0.198
J-ztfg-ztfr 2D True F99 58722.71460033153 0.37296318607966145 7.8405775260222565 0.052856492592926387 0.7063020206285775 0.4322754626800342 0.07045842194308938 0.04033811645576021 0.947 0.915 0.514 0.551
J-ztfr 1D3 True F99 58723.179651920356 0.5398034636523066 7.412463216968893 0.13856909596233696 0.9400322484580592 0.5655069993380775 -0.279699714062505 0.10514907939071602 0.888 0.867 0.551 0.572
o  True F99 58726.11161990422 1.6355666329831058 -10.346982296970559 16.24935103250615 8.728015049533603 4.619020768446667 -17.996503885063113 17.45731228387314 0.747 0.744 0.588 0.59
o-ztfg  True F99 58721.579350205124 1.068988379673539 7.8995367698605605 0.06016206072286746 2.062110126820772 0.9391780382385384 -0.016320040933889383 0.0809398599908322 0.791 0.788 0.637 0.641
o-ztfg-ztfr  True F19 58722.873803946044 0.3866261146683413 7.944115831586979 0.05583832310573719 0.8371491682916299 0.4235149253644874 0.10190306709023106 0.04343566934418696 1.492 1.223 0.068 0.219
o-ztfg-ztfr  True F99 58722.86022092528 0.3679301029465002 7.865380656669012 0.05383489304856817 0.8131819833927474 0.4049015889159809 0.08168365189272105 0.04176739556716515 0.993 0.975 0.468 0.491
o-ztfr  True F99 58723.282659368066 0.5369620733850445 7.408715378005292 0.8043134141933045 1.1570488753017711 0.583851101357349 -0.2977910030106188 0.6458199003008723 1.096 1.076 0.352 0.372
ztfg  True F99 58721.24926042501 2.9746895951518666 8.292315581987499 2.5113416532736927 0.8875601293820264 6.174001820079213 1.7351219978434531 7.092789602718199 0.196 0.196 0.658 0.658
ztfg-ztfr  True F19 58722.83800213788 0.39388689167979446 7.940241582808184 0.05810952342575118 0.7458256447894491 0.4531811017438167 0.11368874899948464 0.045906421502545994 1.751 1.38 0.05 0.167
ztfg-ztfr  True F99 58722.82612424378 0.3740102541627789 7.861085094836806 0.055909486327902116 0.7211977624523286 0.43205474837466973 0.09216579109814974 0.044025906357190524 0.968 0.951 0.477 0.494
ztfr  True F99 58723.296236888564 0.5144339186150485 14.727390827449604 4.336900441702073 0.08205499540571745 0.5688925282987172 5.064441902029984 2.9369688896040556 0.817 0.806 0.573 0.582