bps_used variant success reddening_law t0 e_t0 x0_mag e_x0_mag x1 e_x1 c e_c rchi2_data rchi2_data_model fitprob_data fitprob_data_model
c  True F99 59263.446647758334 2.2936317357256963 8.422476364842213 0.8933049958283418 2.966693158629096 2.5344572015649844 0.02490896485926626 1.5011851850743365 0.196 0.186 0.822 0.831
c-o  True F19 59262.60119924864 0.7191229122163603 7.2818105615872035 0.061071905310838115 1.7260860737369406 0.7542723593225878 -0.03542295753860594 0.06843525979136694 0.585 0.417 0.856 0.958
c-o  True F99 59262.625148556006 0.649211665045282 8.349792432148364 0.05633050323575731 1.7552759261080908 0.6839533399323984 -0.045289005524327935 0.06129562449277341 0.384 0.372 0.97 0.974
c-o-ztfg  True F19 59261.562283128485 0.23830336591478443 7.312321759519641 0.033379099716301826 0.9219968255959724 0.32515409054869093 0.017425450664795263 0.03803811460948148 0.613 0.47 0.945 0.992
c-o-ztfg  True F99 59261.579660684525 0.22888367459095196 8.379704412727673 0.03193562822994143 0.9252384484850752 0.30973814071731476 0.005702196588603587 0.03591421044870374 0.449 0.439 0.995 0.996
c-o-ztfg-ztfr  True F19 59261.629929429066 0.18035832726943757 7.279239493998828 0.029468468231179476 0.9379486283364222 0.23772320735686017 0.009300904152436361 0.02800342227660619 0.375 0.313 1.0 1.0
c-o-ztfg-ztfr  True F99 59261.64081966509 0.1688489107922631 7.277896645621567 0.02818185410854018 0.9279216380270165 0.2229658578989469 0.006543419854946405 0.026665953902217116 0.375 0.366 1.0 1.0
c-o-ztfr  True F19 59261.81989701319 0.25746818255450155 7.312295982547008 0.05097796475503566 1.0377074266064903 0.3049866710904832 0.01599684731681626 0.046586221699275114 0.499 0.377 0.992 0.999
c-o-ztfr  True F99 59261.816561657004 0.23384343622701156 8.379768907674523 0.04756823318180852 1.0280693595344812 0.2814647876674636 0.006223608851075153 0.04329191839764286 0.386 0.377 0.999 0.999
c-ztfg  True F99 59261.45617583234 0.2492032817022557 8.366978504044729 0.04737163926260022 0.8046954847122928 0.3595429454939707 -0.02025533299586936 0.08968877838415731 0.338 0.33 0.995 0.995
c-ztfg-ztfr  True F19 59261.58565621695 0.18679545234135936 7.310373175676492 0.030407489234000645 0.9098866959581877 0.25176805329253676 0.016533221333861925 0.03206730177605639 0.47 0.352 0.997 1.0
c-ztfg-ztfr  True F99 59261.59192656322 0.17503891768787685 8.377608325188879 0.029075817543812867 0.8921312621611952 0.2363685558044789 0.007301483837798423 0.030651183656379578 0.313 0.304 1.0 1.0
c-ztfr  True F99 59261.74401390823 0.2486926220875936 8.385056654505142 0.050257934227718556 0.9714656297224775 0.30946636830594226 0.01368148882168312 0.05026786181363519 0.306 0.299 0.999 0.999
J 1D3 False F99 59259.46393537936 1.0 14.308791258990194 1.0 331791.0788041633 1.0 -1.3213758989508284 1.0 None None None None
J-c 1D3 True F99 59260.58920868871 0.6479751052719753 7.289630134350476 0.052743611461498995 -0.11105891683041415 0.9688228948413504 0.02450750233611791 0.056594509042732444 1.363 1.341 0.235 0.244
J-c-o 1D3 True F99 59261.43039467288 0.42927741226843474 7.302408322340738 0.0455513869520494 0.8254590745306329 0.5026362000936088 0.0308263292449492 0.0419780387650015 0.976 0.96 0.48 0.499
J-c-o-ztfg 1D3 True F99 59261.43882209015 0.21690373462802728 7.281985350309337 0.030254994508586354 0.8117394326297858 0.2987712911314125 0.015037727910023637 0.03061237504007484 0.642 0.625 0.938 0.948
J-c-o-ztfg-ztfr 1D3 True F19 59261.585460205446 0.17724153921672928 7.280210211218227 0.02877500263025788 0.907466169579525 0.23493622274883388 0.0117695714539541 0.026045787577006343 0.51 0.383 0.998 1.0
J-c-o-ztfg-ztfr 1D3 True F99 59261.58491138803 0.1772495443624703 7.312003237031062 0.02878681409373944 0.9070588889413516 0.2349294241787991 0.01956121950753008 0.026061442139257235 0.619 0.445 0.984 1.0
J-c-o-ztfg-ztfr 1D3 True O94 59261.58491028054 0.17723929546088651 7.312002620938938 0.02878438692649015 0.907042685205844 0.23491518906852704 0.019560940163350214 0.026057842149873053 0.628 0.45 0.982 1.0
J-c-o-ztfr 1D3 True F99 59261.64876284648 0.21915130849659792 7.294136781473565 0.04323949443583762 0.9049511599069485 0.26713645441515077 0.022881944030801456 0.036874801687230355 0.594 0.583 0.973 0.977
J-c-ztfg 1D3 True F99 59261.32545244298 0.23452888168323474 7.279264819714464 0.034130446530293894 0.7105448316668517 0.3400339073612814 0.014312206951247734 0.04638931965371326 0.634 0.611 0.891 0.908
J-c-ztfg-ztfr 1D3 True F99 59261.508266744444 0.17187968284621422 7.2802775983000725 0.028172727111082364 0.8276358944182473 0.2336844044472087 0.01381087310369524 0.02752208732095495 0.494 0.481 0.996 0.997
J-c-ztfr 1D3 True F99 59261.57005981369 0.23214529598203673 7.297412573004331 0.044066282953743784 0.8435428180410935 0.28998474471906477 0.028634278643336866 0.039996783687908315 0.597 0.586 0.939 0.945
J-o 1D3 True F99 59261.333081198536 0.49186003497578096 7.317152766364829 0.15966953750850918 0.7493741927316162 0.5780805508265036 0.040448152548045825 0.09627401250858302 1.361 1.343 0.191 0.201
J-o-ztfg 1D3 True F99 59261.38141793667 0.22229445361451994 7.269715286613747 0.037004757401565724 0.7240934295845924 0.32839638008737954 0.012551060362781828 0.03071477346394542 0.701 0.689 0.861 0.873
J-o-ztfg-ztfr 1D3 True F99 59261.53610235623 0.16748941575865978 7.272267304193564 0.03325509368825278 0.8174776576817111 0.23247450231041708 0.009211510055172727 0.02579216168746252 0.532 0.522 0.995 0.996
J-o-ztfr 1D3 True F99 59261.64982045062 0.22741719154756956 7.327958746459311 0.12060324854056399 0.8646758644538033 0.2857184679890311 0.047268643429797724 0.08328310324065595 0.652 0.641 0.924 0.931
J-ztfg 1D3 True F99 59261.25817501308 0.23430907646766663 7.263554472452614 0.03968526619320489 0.5890343246993552 0.3784015968489264 0.022264245523553085 0.047627313691221106 0.698 0.691 0.778 0.786
J-ztfg-ztfr 1D3 True F99 59261.481198467285 0.17440739200263125 7.2702545770675995 0.03407458112754637 0.7678713730638574 0.2514488265011022 0.010495478722584026 0.028090701653166354 0.519 0.51 0.989 0.99
J-ztfr 1D3 True F99 59261.56607799967 0.24296452318179898 7.32088786592054 0.12186795229338773 0.7972368450637723 0.3202527907757816 0.04610209745865236 0.0840846745827624 0.688 0.68 0.826 0.835
o  True F99 59265.28767387595 1.9637573745265662 10.982206363049968 1.6267156636781954 -0.741758344224556 1.2907553575085275 1.6692203784906279 0.9832388280126153 0.245 0.241 0.942 0.945
o-ztfg  True F99 59261.52941487606 0.2383269873548407 8.370721688840113 0.038228801454364914 0.8407721032012228 0.34345076563826915 0.004151109749280516 0.03601958537564254 0.484 0.475 0.979 0.982
o-ztfg-ztfr  True F19 59261.60749124504 0.18497969335913791 7.30424823162339 0.03519038422251271 0.892877126045811 0.2536349805764195 0.01443906370414651 0.028929381308690175 0.483 0.375 0.998 1.0
o-ztfg-ztfr  True F99 59261.62064987975 0.17259996202065403 8.370565175997081 0.03396265807864369 0.8786292050351876 0.23753215451507684 0.0038120741328350177 0.02773357548742872 0.384 0.376 1.0 1.0
o-ztfr  True F99 59261.81521369651 0.23897347997448837 8.304859931422389 0.44541583247103483 0.9612020495577492 0.29628629611135454 -0.045951522176568636 0.3290131067241387 0.406 0.398 0.997 0.997
ztfg  True F99 59261.206764750066 0.672668961592515 8.566664070198474 0.9363049552656003 0.4636534172190643 0.9099170319645821 0.8124183284329353 2.9248352474539696 0.331 0.325 0.979 0.981
ztfg-ztfr  True F19 59261.56113891963 0.19290013599442188 7.303010073462113 0.03618173228669938 0.8602175221324946 0.2753331754325738 0.014439746036212855 0.032536309519718094 0.449 0.343 0.995 1.0
ztfg-ztfr  True F99 59261.568956117466 0.18006399388279112 8.369076836522732 0.03487360974974018 0.8350984383129996 0.2578840630941405 0.00483487136765529 0.031179316827483976 0.32 0.313 1.0 1.0
ztfr  True F99 59261.73685317523 0.25156858492235207 9.028629916369024 4.659824997569844 0.8221525104712608 0.5641660501347155 0.504131538903035 3.490729778806379 0.309 0.302 0.995 0.995