bps_used variant success reddening_law t0 e_t0 x0_mag e_x0_mag x1 e_x1 c e_c rchi2_data rchi2_data_model fitprob_data fitprob_data_model
c  True F99 59266.76840998384 1.0279060419644708 8.535198216505176 0.1641701726034913 1.109434634224411 1.2906688069378207 -1.4041527351852188 1.2781387299992626 0.444 0.441 0.818 0.82
c-o  True F19 59265.65173486863 0.6453996668984435 8.013732171451364 0.187995037178282 0.4330954203609936 0.835082205289627 -0.022743395623173974 0.1747157840359704 0.881 0.797 0.566 0.654
c-o  True F99 59265.642141068776 0.6348146935979119 8.971138608346877 0.18388298295817976 0.4529016606034735 0.8178831529120192 -0.060156624363398914 0.17169124625476856 0.315 0.314 0.987 0.987
c-o-ztfg  True F19 59265.04813493082 0.42606653642167647 8.219705715834232 0.0454221174434362 0.49150566873551477 0.5493081987447975 0.16302921807198675 0.0757065117698792 1.369 1.153 0.086 0.258
c-o-ztfg  True F99 59265.050179850004 0.4210847369929381 9.172067888961003 0.04491301578154615 0.49175131182170784 0.5411402075305567 0.12266105957716114 0.07440044116671823 0.449 0.445 0.996 0.996
c-o-ztfg-ztfr  True F19 59265.11338217494 0.32937628397803914 8.064960753256013 0.04094224202303637 0.6806821970610478 0.41448038392986714 0.032852266062332755 0.03835157569987207 0.353 0.339 1.0 1.0
c-o-ztfg-ztfr  True F99 59265.11374616971 0.32406875804753327 8.066831675383689 0.040501998715448614 0.6772707960141733 0.40818122942645363 0.027772972180633942 0.037743560415040935 0.353 0.348 1.0 1.0
c-o-ztfr  True F19 59265.34896302846 0.4146843954387785 8.08126092443955 0.12341032870553115 0.7438384308017151 0.5037750639294721 -0.04232980847320713 0.09830732783565306 0.81 0.685 0.779 0.92
c-o-ztfr  True F99 59265.3369536076 0.4042769140908234 9.037738552876526 0.11898144033695082 0.7504612836783792 0.49397166265418924 -0.0796616739163745 0.09477373595830765 0.246 0.244 1.0 1.0
c-ztfg  True F99 59265.048179767284 0.42922228035154064 9.184135115213861 0.04931698761242704 0.3759990030757171 0.5700849877658682 0.21787153562274428 0.13585608551320325 0.505 0.503 0.979 0.979
c-ztfg-ztfr  True F19 59265.0934905624 0.3385777408864167 8.212464637506216 0.04137290786855662 0.6677261675791213 0.42981290350638907 0.061713690684801065 0.03943912302293165 1.213 1.009 0.15 0.455
c-ztfg-ztfr  True F99 59265.09450020654 0.333301087594809 9.16496342978745 0.04085962402574877 0.6656983991683408 0.42320162715722726 0.021419684944293464 0.038736669103863496 0.373 0.367 1.0 1.0
c-ztfr  True F99 59265.32074505428 0.4165170011278364 9.026329106323882 0.11950787972128944 0.7361635667874058 0.5197806114953962 -0.09486710807278549 0.09585278630500142 0.249 0.247 1.0 1.0
J 1D3 False F99 59263.45144926113 2.900258038517823 11.046844375066875 63.781151070831214 59.27861577748607 328.91609686628937 0.28369934106126465 22.509120853097883 None None None None
J-c 1D3 True F99 59265.48312382434 0.642098800214994 7.793925611221731 0.14078003581112314 0.3375301957981103 0.9018599116963816 -0.2193949945015361 0.06400985877024473 0.671 0.669 0.736 0.738
J-c-o 1D3 True F99 59265.633278218695 0.5576363167348629 7.744192709560602 0.12461317328455708 0.23165493185449 0.7468081220670943 -0.22782225571954112 0.060552850461022344 0.554 0.541 0.911 0.919
J-c-o-ztfg 1D3 True F99 59264.94892390659 0.4222593424847048 8.034239673471124 0.04176369267385344 0.5734985407255764 0.5497934381502964 -0.08982510123523658 0.03376714404495596 0.802 0.725 0.783 0.876
J-c-o-ztfg-ztfr 1D3 True F19 59265.025761796 0.33866533138117066 8.024811717488628 0.03714762227928377 0.6171177064412863 0.42273813017143547 -0.03864863586304046 0.02894269947618446 0.832 0.497 0.811 0.999
J-c-o-ztfg-ztfr 1D3 True F99 59265.02950030074 0.33837229767076965 8.175675692827856 0.03724642197237706 0.6191913610526256 0.4224872028031352 -0.0004922024361618356 0.029053908304861244 1.4 1.012 0.026 0.45
J-c-o-ztfg-ztfr 1D3 True O94 59265.02930269788 0.3383522619796947 8.175639215615622 0.03723713113365257 0.6190505298148159 0.4224640786512775 -0.0005448636217040758 0.02903740549757349 1.453 1.06 0.015 0.354
J-c-o-ztfr 1D3 True F99 59265.31014997604 0.3970974744771196 7.8197214886801465 0.07562366486794739 0.5535382486083384 0.47198960709040716 -0.1842819676962244 0.050055553525985175 0.374 0.347 1.0 1.0
J-c-ztfg 1D3 True F99 59264.92361590332 0.43812274325900025 8.038990081899001 0.04285189983490716 0.575103055168876 0.5802403831814809 -0.10669838306238748 0.035682489897667494 0.762 0.723 0.806 0.85
J-c-ztfg-ztfr 1D3 True F99 59264.904294579086 0.32526117172735375 8.019613549891961 0.03651064750609742 0.5065186780312618 0.4163142501295205 -0.05719479752238721 0.027738014846612688 0.768 0.571 0.885 0.994
J-c-ztfr 1D3 True F99 59265.265319178936 0.40971504345469734 7.824794459062827 0.07655934273254177 0.5364947706537548 0.4946136080595787 -0.18566797970880125 0.05048443059224666 0.375 0.35 0.999 1.0
J-o 1D3 True F99 59263.71897993069 1.1457379949276745 7.545104371839351 0.2615439506996544 1.1138090339368791 1.7976067386922592 -0.2845087825825317 0.11258900242463776 0.36 0.359 0.876 0.876
J-o-ztfg 1D3 True F99 59264.858866527014 0.4697023090587846 8.045694823767873 0.04423882233710514 0.3082907719379643 0.5866142804986847 -0.0944753244102148 0.034932292200856654 0.711 0.671 0.839 0.878
J-o-ztfg-ztfr 1D3 True F99 59264.833629325076 0.3451824584606558 8.026725081128856 0.03769061414241711 0.3953488243814952 0.4306470471447076 -0.04788041405466178 0.027702438225338098 0.767 0.538 0.874 0.996
J-o-ztfr 1D3 True F99 59265.01785442241 0.46913156153992924 7.752465986066943 0.10025279666388404 0.6749738285087012 0.5656594580100306 -0.22865821364480282 0.06684446226452463 0.257 0.254 1.0 1.0
J-ztfg 1D3 True F99 59264.82493041252 0.484438117172627 8.051468563830818 0.04544310011990284 0.2600291660898293 0.6159648222239316 -0.114291763675969 0.03732712548967625 0.59 0.581 0.902 0.909
J-ztfg-ztfr 1D3 True F99 59264.79084753289 0.35175355795925156 8.02643362483839 0.03808034560448704 0.35139137740137716 0.4444406278460004 -0.053269569886116835 0.02805120222268844 0.777 0.553 0.843 0.99
J-ztfr 1D3 True F99 59264.97439498095 0.4895052270416737 7.762810462314681 0.10150774598578753 0.6474896221996473 0.6051393835038852 -0.2263837580220881 0.06732135436473498 0.238 0.232 1.0 1.0
o  True F99 59266.261594541626 5.916028345356435 7.5744020330089405 7.603156471662877 0.6965844279949365 2.7721487734909767 -1.1046092138997223 5.900536534423216 0.271 0.27 0.763 0.763
o-ztfg  True F99 59264.932698049466 0.5011375260642057 9.171973395392753 0.047274169920408726 0.3741452741074138 0.6125497447362942 0.09651666419363143 0.08570892717642702 0.437 0.435 0.986 0.986
o-ztfg-ztfr  True F19 59265.06651573552 0.36305726203374605 8.223738953841256 0.04273429443567359 0.5818168637987302 0.4439536307777237 0.07252178259107694 0.039022877967081496 1.111 0.895 0.285 0.668
o-ztfg-ztfr  True F99 59265.0677360163 0.3566928974158772 9.176500810636536 0.04227952559858002 0.5792509114788686 0.43727480642893524 0.032359733271369706 0.0383978502606803 0.294 0.291 1.0 1.0
o-ztfr  True F99 59265.10627453927 0.47953535334468717 9.865181542600144 0.7902895357130636 0.6593072335380934 0.5674069177669872 0.5640268791199575 0.6088486951544152 0.149 0.148 1.0 1.0
ztfg  True F99 59265.087626869616 0.6667395297364053 9.179840561962552 0.18030931601224742 0.6404672264485977 0.7309712854201542 -0.7651239631459661 1.656711174469571 0.581 0.578 0.871 0.873
ztfg-ztfr  True F19 59265.03555672314 0.37379990455238 8.221152708557735 0.04316717415062273 0.5546056157549935 0.4623177928429903 0.06525942228694288 0.04005840008354676 1.244 0.986 0.147 0.493
ztfg-ztfr  True F99 59265.036507050885 0.36756467857754754 9.173994337446159 0.04269905798151275 0.5525532490097074 0.45529656777509014 0.02523979419313483 0.039393331408952084 0.306 0.304 1.0 1.0
ztfr  True F99 59265.11165457291 0.4920538343808266 10.144287790708418 4.542857072176134 0.6608517400409127 0.6830432379480946 0.7794677766877084 3.509589344231163 0.159 0.158 1.0 1.0