bps_used variant success reddening_law t0 e_t0 x0_mag e_x0_mag x1 e_x1 c e_c rchi2_data rchi2_data_model fitprob_data fitprob_data_model
c  True F99 59255.98882867412 0.3369013156495719 6.798621064157889 0.33608313961484443 -1.1177166144377195 0.6855957257579807 -0.9127779784265488 0.648928785285305 1.23 1.045 0.271 0.401
c-o  True F19 59255.58590425299 0.20359196792927922 6.3943399287294955 0.0650733004275429 -2.0685438068900677 0.32934556010870125 0.1271864726725364 0.07894862034091779 2.728 0.89 0.0 0.581
c-o  True F99 59255.61638591271 0.14037496891036197 7.462962110290404 0.0498476768526359 -2.1311762905847003 0.24075121736347957 0.13250504836022417 0.057357356827186866 1.229 1.088 0.236 0.36
c-o-ztfg  True F19 59255.323804998334 0.1260139944033879 6.383199546252381 0.036417215926760976 -2.3148137232988804 0.18254545390879878 0.11885845937637991 0.04843628594212858 1.88 0.768 0.002 0.827
c-o-ztfg  True F99 59255.38868759478 0.09696226809392058 7.4475803900183815 0.02994939241216788 -2.2999415663076315 0.13857063119992097 0.11741561106444703 0.03743147910905279 1.05 0.951 0.389 0.547
c-o-ztfg-ztfr  True F19 59255.4169647143 0.11105592616535336 6.3568093071833385 0.029193702266752386 -2.2853691550646515 0.15668934178835775 0.1364615845373799 0.02913113990292732 1.517 0.69 0.011 0.952
c-o-ztfg-ztfr  True F99 59255.49591764207 0.08237321062861384 6.3567377041415885 0.025828221879139503 -2.2390895916012976 0.11214935434794675 0.1332760755214651 0.025014683524154712 1.482 1.318 0.016 0.067
c-o-ztfr  True F19 59255.64408884676 0.14910395376777333 6.415136976209078 0.04460680733616072 -2.139858962188332 0.21524823704696555 0.15955015129278008 0.0409968440483072 2.528 0.883 0.0 0.657
c-o-ztfr  True F99 59255.68323288532 0.10111630795867546 7.468383050042295 0.03883906771939473 -2.119226481529779 0.14481990693522298 0.14293538483598947 0.0349100000248801 1.626 1.446 0.014 0.049
c-ztfg  True F99 59255.324672269 0.11140572398784035 7.439276718847966 0.048604930605187203 -2.2398065220221675 0.15468233988117977 0.09646157010274417 0.07079548444433979 1.031 0.935 0.42 0.558
c-ztfg-ztfr  True F19 59255.39413430572 0.11680822728274826 6.403543102117281 0.030900347190291423 -2.244655586098702 0.1668414210147381 0.1510004181892712 0.03155031943884439 2.25 0.909 0.0 0.64
c-ztfg-ztfr  True F99 59255.454611106645 0.09032398249241945 7.461666941155785 0.027830086225306874 -2.1942002092904334 0.12181310167066937 0.13603746670585504 0.028095861652816967 1.578 1.401 0.01 0.044
c-ztfr  True F99 59255.65429172684 0.11310772991722524 7.473017826111234 0.042169986918394124 -2.0548231532414247 0.16113100666732494 0.14521932341110416 0.039232997915551994 1.868 1.654 0.005 0.021
J 1D3 False F99 59253.19387423029 1.8332531907141756 15.2765576422722 11.265804536619953 -24.472471374354303 10.818767659172659 2.883395207073314 3.7681996419387973 None None None None
J-c 1D3 True F99 59255.550594152766 0.16520356001641306 6.364600900687288 0.033807529162834096 -2.029169573201715 0.28318212927773107 0.12836472429474025 0.03260158516658651 3.862 3.668 0.0 0.0
J-c-o 1D3 True F99 59255.60981539668 0.13908740350851634 6.360045699837328 0.031408952086781294 -2.1737146676805876 0.2204869937735117 0.1306206203097964 0.028902709762805425 2.892 2.739 0.0 0.0
J-c-o-ztfg 1D3 True F99 59255.396976399694 0.09472370291685041 6.350958375485454 0.023579315296097858 -2.32392689768602 0.13676015644954778 0.12437595863239598 0.023998577573764075 1.972 1.856 0.0 0.001
J-c-o-ztfg-ztfr 1D3 True F19 59255.43568822021 0.10862648327212114 6.347300180337738 0.025741208144801315 -2.289561996308719 0.15654029907806066 0.12508675786922366 0.023607333230802812 2.142 0.742 0.0 0.921
J-c-o-ztfg-ztfr 1D3 True F99 59255.43533142106 0.10863433452374613 6.389239418238942 0.025755150453320177 -2.290046718245212 0.15654912209116095 0.13564713172599557 0.023620279851335885 2.656 0.874 0.0 0.731
J-c-o-ztfg-ztfr 1D3 True O94 59255.43539931642 0.10861413820208618 6.389243426815814 0.02574971437217523 -2.290014119184975 0.15651588507498249 0.13565290613506803 0.023613258964987505 2.705 0.886 0.0 0.71
J-c-o-ztfr 1D3 True F99 59255.68197493869 0.10078872781194403 6.35875639046567 0.030783252443092542 -2.130878514518148 0.14326391094706434 0.1338057648414267 0.025197669852384655 2.52 2.318 0.0 0.0
J-c-ztfg 1D3 True F99 59255.3311662194 0.1067597181419624 6.356076244246928 0.02573435118088693 -2.26236304853421 0.15379251556777304 0.12515514068154526 0.02817789953671747 2.182 2.063 0.0 0.0
J-c-ztfg-ztfr 1D3 True F99 59255.46034225426 0.0888188138387969 6.357694251011444 0.02367645642700908 -2.211111080204709 0.1214600150757118 0.13212383383272636 0.021508124094612092 2.273 2.088 0.0 0.0
J-c-ztfr 1D3 True F99 59255.65725436688 0.11255532604543872 6.361358662061493 0.03163965603031089 -2.075971754668104 0.1606314100088202 0.13395511420652378 0.02644585593846913 2.933 2.699 0.0 0.0
J-o 1D3 True F99 59255.63735925135 0.28282478937657457 6.243687062435326 0.13623233055618536 -2.5403966498792343 0.4044545850117186 0.08912728888764312 0.06274490765923925 5.462 5.302 0.0 0.0
J-o-ztfg 1D3 True F99 59255.33582194109 0.11253198211840171 6.331246157350804 0.030216601666860472 -2.477591050768381 0.16191915506605364 0.12179235942596561 0.02396079989403231 2.289 2.206 0.0 0.0
J-o-ztfg-ztfr 1D3 True F99 59255.488652243694 0.09286593952027844 6.337406466563641 0.02898841195572555 -2.3272917952510834 0.12353664635282542 0.12450079437746421 0.021404541426519177 2.353 2.195 0.0 0.0
J-o-ztfr 1D3 True F99 59255.76685127147 0.12656410138766078 6.306299342231546 0.07598443310427586 -2.19834526286004 0.1634640681219821 0.10697307415005297 0.047206074436208285 3.196 3.012 0.0 0.0
J-ztfg 1D3 True F99 59255.2194759307 0.13672813008719695 6.3425273441171655 0.0319572883176325 -2.3894288774331622 0.19128954541349363 0.12598399986110256 0.028413256975290284 2.757 2.682 0.0 0.0
J-ztfg-ztfr 1D3 True F99 59255.43972472014 0.1047041361641003 6.343048422529575 0.02979998059113499 -2.28361099574741 0.1371526687815493 0.12688876197465665 0.02258556301595256 2.696 2.515 0.0 0.0
J-ztfr 1D3 True F99 59255.76787446797 0.14959170150584472 6.309024963048446 0.07651074864771831 -2.16661134748873 0.19281223691391475 0.10689700542266115 0.047441766356042796 4.195 3.956 0.0 0.0
o  True F99 59268.4156025832 0.6826847161196212 1.6145910428015338 2.1441319626180606 -3.312680577069531 0.7922250843339868 -4.531945000662061 1.7413723262928764 6.971 6.537 0.001 0.001
o-ztfg  True F99 59255.321377301894 0.11770953806330338 7.43285357012836 0.03299762610575062 -2.447206801194085 0.16780005765436104 0.11964631350785163 0.038368244424009934 0.871 0.817 0.625 0.695
o-ztfg-ztfr  True F19 59255.385170722744 0.12640030201392813 6.379869866875943 0.03503203880502371 -2.3870576759772693 0.17547754580885092 0.13937841288187214 0.030109575758441233 1.958 0.801 0.001 0.796
o-ztfg-ztfr  True F99 59255.485478191804 0.09449377021208333 7.440476348366387 0.03197156379025145 -2.311415267162837 0.12388200633221702 0.1267551226467109 0.02639221871570883 1.569 1.418 0.016 0.05
o-ztfr  True F99 59255.745536974835 0.13541242387005645 7.153545628741707 0.43618337480179126 -2.1421920808375914 0.17202496595798591 -0.0695199696686233 0.303320438875946 1.886 1.684 0.011 0.031
ztfg  True F99 59255.4923439213 0.4138305092613093 7.163455741283622 0.25482161948743254 -1.9093932217620406 0.6165746724075966 -0.8370423436467571 1.1830888575723246 0.652 0.632 0.811 0.829
ztfg-ztfr  True F19 59255.35654410766 0.13497322800361408 6.385437924691506 0.036546153800460605 -2.3448526558837255 0.18999255395214268 0.143946817280741 0.03238171613774297 2.15 0.883 0.0 0.647
ztfg-ztfr  True F99 59255.430704548075 0.10719528678217327 7.446930707116454 0.03364260314400685 -2.261101454681034 0.13802868220892198 0.129820068875821 0.029162547800774957 1.747 1.572 0.008 0.026
ztfr  True F99 59255.57308516344 0.17108957786093945 3.352109031516667 2.1268148659415282 -2.1196104140678025 0.20636949180699457 -2.892315957997279 1.6494450594170413 2.066 1.878 0.016 0.032