bps_used variant success reddening_law t0 e_t0 x0_mag e_x0_mag x1 e_x1 c e_c rchi2_data rchi2_data_model fitprob_data fitprob_data_model
c  True F99 58862.74971490845 2.0300937959583716 401.8632149289237 588.8956357548111 1.0636331529651062 1.232425955762351 273.61556222211516 400.5392812810314 -1 -1 -1 -1
c-o  True F19 58841.522616169015 0.303562697774418 6.013045497340251 0.1526270858852493 0.200436563215861 0.2734592817499574 -0.262079723517751 0.10349109933995002 11.859 3.429 0.0 0.0
c-o  True F99 58841.52587236007 0.24270793020169337 6.881523805142059 0.1333378037778183 0.2447869274100154 0.22780971507916817 -0.3219423195637142 0.09151466633327965 0.458 0.429 0.966 0.976
c-o-ztfg  True F19 58841.69207799382 0.15035976896891529 6.313932290696018 0.03668928829715649 0.37281441892259287 0.1889292384070129 -0.05944896468821642 0.029308062029946267 9.351 3.784 0.0 0.0
c-o-ztfg  True F99 58841.688939301996 0.13290972533396278 7.166049830940274 0.03450092690656926 0.3798087409272478 0.1665038247768389 -0.12859608010110796 0.027451673560752912 0.483 0.439 0.997 0.999
c-o-ztfg-ztfr  True F19 58841.71320430012 0.11946741953066788 6.065872443091713 0.03312817289444181 0.3597336263528977 0.13661342400039583 -0.10832049218026783 0.02531409281139004 0.428 0.269 1.0 1.0
c-o-ztfg-ztfr  True F99 58841.70509769172 0.1012829187031317 6.0659674952264755 0.031299521119495376 0.3626137532139276 0.11808458617334282 -0.11889683469350318 0.02396808218506281 0.422 0.338 1.0 1.0
c-o-ztfr  True F19 58841.66279061149 0.16518563426572744 6.051493872867636 0.1269726739324474 0.2889385031003594 0.15945772688340099 -0.23220514276531234 0.08916901846496182 8.773 2.629 0.0 0.0
c-o-ztfr  True F99 58841.65338889367 0.1311971009672178 6.910162615150375 0.11327796688797785 0.30377307924222274 0.13440896374619216 -0.2980547246069327 0.07999947706427968 0.311 0.278 1.0 1.0
c-ztfg  True F99 58841.61209410072 0.1879322734298381 7.225358480336209 0.04554049884376644 0.2705883298173096 0.3014876576081649 0.047598484235044224 0.10326474022160212 0.271 0.267 1.0 1.0
c-ztfg-ztfr  True F19 58841.72047463746 0.13187905538213887 6.329282703396523 0.034780621243851874 0.3832663217816923 0.1592659018607586 -0.025377527881270675 0.02989295286048674 7.638 3.261 0.0 0.0
c-ztfg-ztfr  True F99 58841.7211706036 0.11300561133632174 7.180065629943278 0.03288569052476122 0.37891947462347353 0.14018659710367362 -0.09538935183988553 0.028432239072433578 0.277 0.261 1.0 1.0
c-ztfr  True F99 58841.711315790046 0.15680420717414195 6.97183827965592 0.13639977206164922 0.3357160631746212 0.16743329755260944 -0.2491517327964417 0.10076289338657923 0.209 0.203 1.0 1.0
J 1D3 True F99 58838.90690670685 3.860782149577246 5.175101217202219 119.6151621570831 -23.734914785487526 75.54982344895521 -0.20836635577367404 40.30869025529295 -1 -1 -1 -1
J-c 1D3 True F99 58840.62302856589 0.17277111773800205 6.106792580433739 0.5697104934564187 1.1996719378628873 2.586020038583876 -0.0785359469286571 0.18374838517128878 3.986 3.252 0.008 0.021
J-c-o 1D3 True F99 58840.891112885285 0.1264001173074959 6.060942698058765 0.07153870727045078 0.4950497970157385 0.20440951540702007 -0.11786852217025784 0.042553901261843864 5.136 2.014 0.0 0.005
J-c-o-ztfg 1D3 True F99 58841.16374432923 0.10165703508079348 6.0872432042862625 0.03212544557145096 0.3666442529693885 0.16541006643496975 -0.09840155800599254 0.022012375671585115 2.671 1.513 0.0 0.02
J-c-o-ztfg-ztfr 1D3 True F19 58841.66065981353 0.11666482992672356 6.077328981453834 0.03147206708589062 0.353151916497761 0.13612890890705426 -0.09473945494623051 0.022299101354240108 2.249 0.329 0.0 1.0
J-c-o-ztfg-ztfr 1D3 True F99 58841.6564876902 0.11667244402777366 6.328937904447258 0.031570501816557885 0.3515798898145698 0.13604241691761843 -0.031802980593883916 0.0223792604250014 9.777 2.771 0.0 0.0
J-c-o-ztfg-ztfr 1D3 True O94 58841.65640749458 0.11656312383962715 6.32897261088908 0.03154462421986161 0.351731932454594 0.1359133482580174 -0.0318113169872221 0.022349127778217858 10.731 3.012 0.0 0.0
J-c-o-ztfr 1D3 True F99 58841.206508352654 0.09972454462540795 6.055582731390807 0.06308720567328589 0.363477765932 0.130587202163819 -0.11573040809986729 0.04068032700073095 2.886 1.401 0.0 0.038
J-c-ztfg 1D3 True F99 58841.06729202373 0.10553962205590002 6.089453315166361 0.03869242785982526 0.37065244790078766 0.2459995062954088 -0.05848546483547051 0.025963639280705306 2.614 1.779 0.0 0.011
J-c-ztfg-ztfr 1D3 True F99 58841.28011614471 0.08969025751782947 6.083608070558951 0.03032166007367033 0.31067582752991013 0.1372796825273513 -0.07901533026210047 0.021828765611934395 1.447 1.211 0.02 0.143
J-c-ztfr 1D3 True F99 58841.127399225275 0.10538144466313182 6.044755490271786 0.06594026266201942 0.34993400437843925 0.16224312114416573 -0.10532693933612433 0.04095243729488178 2.431 1.639 0.0 0.015
J-o 1D3 True F99 58840.846408616875 0.12043538271203921 6.2017930071517124 0.08430058063915051 0.10726113657780889 0.23685814096903135 -0.03894774490561507 0.04878696507258209 2.089 1.807 0.006 0.025
J-o-ztfg 1D3 True F99 58841.11927058569 0.10214387836078563 6.08407500243807 0.03241774788080336 0.17644595173549063 0.17675272092345048 -0.10240517511560109 0.02224911628698511 2.907 1.449 0.0 0.04
J-o-ztfg-ztfr 1D3 True F99 58841.3003169362 0.0862545422300776 6.086530579712241 0.029486011653075375 0.25529393972563064 0.12056635960315568 -0.09509057948134589 0.020615028167807695 1.831 1.092 0.0 0.288
J-o-ztfr 1D3 True F99 58841.180214913154 0.09864226699992729 6.127503083334283 0.06958329685423525 0.2777656348346237 0.1351612952169524 -0.07080860620402347 0.044274076213468586 1.919 1.354 0.0 0.062
J-ztfg 1D3 True F99 58841.016409274256 0.1069864831148528 6.07025734645512 0.03894424707445725 0.06491761387886108 0.2683781964178931 -0.0747716884919526 0.026896004321444237 2.134 1.865 0.002 0.011
J-ztfg-ztfr 1D3 True F99 58841.25250105608 0.09015084197914494 6.086031059487309 0.030567740669174125 0.22527152913604062 0.14168700396792658 -0.07822605569144374 0.02194690534137447 1.411 1.192 0.033 0.172
J-ztfr 1D3 True F99 58841.10047595286 0.10454156822995414 6.109178779521352 0.07261257530125301 0.2624419089185236 0.1676712807124598 -0.06709167834261157 0.04433194476228884 1.898 1.663 0.004 0.018
o  True F99 58841.442766558655 0.298081556336805 6.243925439246106 1.3786418698363068 0.394455953100776 0.4360851608377844 -0.760439900834645 0.9647137657881479 0.476 0.442 0.93 0.947
o-ztfg  True F99 58841.62307268276 0.13537685599772165 7.159670696686131 0.03483674116660267 0.21733250802334036 0.17988212853836058 -0.13567800057178772 0.027842549818337482 0.335 0.318 1.0 1.0
o-ztfg-ztfr  True F19 58841.681986818636 0.12063367650718554 6.317232614794083 0.03342724826655399 0.2911718811573762 0.141165609131429 -0.046426629440321054 0.025498638199211037 8.632 3.005 0.0 0.0
o-ztfg-ztfr  True F99 58841.67654874373 0.10241730502414605 7.1700759575606 0.031635305405177144 0.30195507502710034 0.12186569649978997 -0.11637362861763786 0.02416978030383511 0.373 0.287 1.0 1.0
o-ztfr  True F99 58841.63503936953 0.13238544967025648 6.669443053102835 0.32635592721996676 0.31530039480932004 0.13741024216761474 -0.4677413602182231 0.23168558472395512 0.274 0.259 1.0 1.0
ztfg  True F99 58842.10848231749 0.48884731567983064 6.981106154058772 0.08011344955687048 0.8715985175062784 0.6614174484980779 -1.2571005445888397 1.152468576470239 0.216 0.214 1.0 1.0
ztfg-ztfr  True F19 58841.68932291262 0.13343601962285997 6.329022842131496 0.03497947855907325 0.3095162319887902 0.1652244739015533 -0.025447465148822658 0.030049782234454335 8.037 3.167 0.0 0.0
ztfg-ztfr  True F99 58841.69006266003 0.11452564409753226 7.181299865767338 0.0331078252350688 0.3116671318782529 0.14494913118898248 -0.0951048382814579 0.028586178180839406 0.207 0.202 1.0 1.0
ztfr  True F99 58841.50569839545 0.3824053632690471 1.7002432318700054 9.178005581520578 0.42853204240102366 0.27904959934840395 -4.373783068056578 7.601340240393699 0.146 0.143 1.0 1.0