bps_used variant success reddening_law t0 e_t0 x0_mag e_x0_mag x1 e_x1 c e_c rchi2_data rchi2_data_model fitprob_data fitprob_data_model
c  True F99 59195.832924232585 2.0489031004419735 23.55482264506256 27.231226796399962 -2.3859504142714467 2.250983639066674 13.254909044198403 21.11200443104933 0.958 0.957 0.452 0.453
c-o  True F19 59174.45347006581 0.6687889476875244 8.281465708449545 0.1874196954575325 1.050466914453927 0.7431418867409298 0.38429422839872684 0.13699505511879478 6.039 5.424 0.0 0.0
c-o  True F99 59174.454986093886 0.6507242933355144 7.288404881656324 0.1851147166297463 1.0702426294671572 0.7335052264391911 0.10949360876911894 0.13534684840358593 0.425 0.424 0.994 0.994
c-o-ztfg  True F19 59174.22840500757 0.4133150518557167 8.091278981604987 0.06463547021747242 0.926693526283306 0.5410545683633897 0.25263501459294124 0.059485456645776626 10.62 9.221 0.0 0.0
c-o-ztfg  True F99 59174.24384285142 0.40630795164330513 7.102306502587708 0.06339711977173222 0.949672017857044 0.5347041461399017 -0.019628954079703366 0.05796533916313683 0.365 0.362 1.0 1.0
c-o-ztfg-ztfr  True F19 59174.45870639615 0.3604615099755479 7.08995937023527 0.0623398739666918 1.0819862699033942 0.44630052541025406 -0.018292880379876503 0.04840483472463853 0.313 0.302 1.0 1.0
c-o-ztfg-ztfr  True F99 59174.46556759723 0.35278938261216997 7.1007427756626145 0.06143936915588456 1.095439448705241 0.4382876659301315 -0.051562726967041436 0.04755691876366605 0.314 0.309 1.0 1.0
c-o-ztfr  True F19 59174.736616625305 0.48614931269500045 8.299712643063899 0.18757995136925212 1.1597074977410842 0.5405227271274647 0.37708027771397395 0.13908493647925027 10.31 8.397 0.0 0.0
c-o-ztfr  True F99 59174.74094430381 0.473170614046682 7.30859339311184 0.1860065226708951 1.1870340798019328 0.5304561762204989 0.10134956658757296 0.1379959849922345 0.314 0.312 1.0 1.0
c-ztfg  True F99 59174.30687629832 0.5178163687010476 7.062695500137112 0.0838546006281 1.0700482135923401 0.7344910959706906 -0.1644574881491978 0.1790563447904328 0.467 0.466 0.963 0.963
c-ztfg-ztfr  True F19 59174.4523003816 0.39864931267615206 8.064041484195341 0.06976765841312031 0.9072918663730529 0.5398089753550406 0.1922630821531497 0.05593989586196828 18.139 14.93 0.0 0.0
c-ztfg-ztfr  True F99 59174.47459227874 0.3908640198432665 7.074232222364069 0.06811659627464077 0.9243004453461687 0.5302378153737617 -0.08285605172882626 0.0544020426696272 0.313 0.311 1.0 1.0
c-ztfr  True F99 59174.8958224922 0.5881585447143391 7.239729574723704 0.22449485089575744 0.9640481824592946 0.7639312115700964 0.04779060243922032 0.16774489509571286 0.393 0.392 0.991 0.991
J 1D3 False F99 59173.501160782784 11.44401034539961 7.397126263240352 -1.0 0.0 -1.0 0.0 3.2178579124030335 None None None None
J-c 1D3 True F99 59165.56944540909 4.707912011819648 7.535696476462304 0.26088015174890294 5.538187221626209 2.435724841600228 0.2740991933352026 0.2610585740161872 1.148 1.139 0.332 0.336
J-c-o 1D3 True F99 59174.036576695114 0.6781820292469158 7.037474214071373 0.11937221593501089 1.3799545128344362 0.7681885099733201 -0.12896235407420387 0.05979497059396372 0.618 0.581 0.93 0.952
J-c-o-ztfg 1D3 True F99 59174.15333046838 0.4269608882745286 7.069892690760369 0.060832888703484946 1.1765777820162906 0.5476662615734332 -0.1085759548229012 0.03706234785773913 0.505 0.457 0.995 0.998
J-c-o-ztfg-ztfr 1D3 True F19 59174.33475953541 0.3628368274950139 7.043328002519823 0.05586965396665392 1.068321304487013 0.4487183682535434 -0.0755564549072727 0.037824101826271946 0.567 0.38 0.995 1.0
J-c-o-ztfg-ztfr 1D3 True F99 59174.35909428034 0.3604586650482333 8.05486436489592 0.05663689155489407 1.0580551923946988 0.44734719119375127 0.18061337134631011 0.03853656548892186 11.598 9.587 0.0 0.0
J-c-o-ztfr 1D3 True F99 59174.47318564112 0.48678473894315305 6.996197332225661 0.0898505522345421 1.2011469429126977 0.5375649187182119 -0.14851025221545167 0.055030465497781546 0.459 0.425 0.998 0.999
J-c-ztfg 1D3 True F99 59174.295695879 0.504607475163481 7.06698570953816 0.07139496665645152 1.0501032567759045 0.7043368927314645 -0.1477508314498364 0.04502898391597002 0.44 0.439 0.976 0.977
J-c-ztfg-ztfr 1D3 True F99 59174.3798376646 0.38642779057226906 7.0348176444230415 0.058910200532299596 0.8459231716191461 0.5225336204028566 -0.1320514869879415 0.037468067106789876 0.389 0.355 0.999 1.0
J-c-ztfr 1D3 True F99 59174.6847572197 0.587015425864699 6.9667112549098995 0.10332160986953966 0.7500491199165062 0.7365207228158808 -0.1720184626429519 0.05977858947930667 0.481 0.454 0.971 0.979
J-o 1D3 True F99 59174.426085461644 0.769726393763245 6.725234134336356 0.18086349858163608 1.1912411704144077 0.8856382129337932 -0.2730517649012737 0.08896075828207359 0.28 0.279 0.998 0.998
J-o-ztfg 1D3 True F99 59174.14374566282 0.4455885810922744 7.052272656016946 0.0627914724776803 1.0995105167473989 0.5837765020951775 -0.1121841418656101 0.036987789167852975 0.436 0.369 0.996 0.999
J-o-ztfg-ztfr 1D3 True F99 59174.3537677507 0.36565120779003296 7.0389003844712725 0.05494590480445172 1.0663553489648947 0.46311833043205497 -0.11627913303254135 0.03475490046543181 0.356 0.296 1.0 1.0
J-o-ztfr 1D3 True F99 59174.766758708516 0.5358223325907735 6.874506063766202 0.1116340197570661 1.4129998442298741 0.609937526459725 -0.22373534486394142 0.07001170628969143 0.26 0.251 1.0 1.0
J-ztfg 1D3 True F99 59174.22326597363 0.5263442150275418 7.049287251629249 0.07395082027372833 0.8454230680677135 0.7779607680227109 -0.14992796330612607 0.044833998517790845 0.177 0.177 0.996 0.996
J-ztfg-ztfr 1D3 True F99 59174.368322319206 0.3970607195633381 7.0216463732777274 0.0599513791450375 0.7840148208296203 0.5587146564706059 -0.1368673724820053 0.037570314306817336 0.251 0.208 1.0 1.0
J-ztfr 1D3 True F99 59174.92656249294 0.6555421728629461 6.867167183149129 0.12102760337751578 0.996845802479553 0.8842318413874692 -0.23182898457026113 0.07300712336307891 0.079 0.078 1.0 1.0
o  True F99 59174.40659898473 0.7760470074586499 7.160487174168826 4.1874023012734325 1.0142118156716533 1.8791424494868243 0.026760818788312088 2.8484899252397398 0.297 0.296 0.997 0.997
o-ztfg  True F99 59174.25798043262 0.42565964123919514 7.083113459449333 0.06481101254235777 0.8950134198073294 0.5662010317517183 -0.01990703009713993 0.05700874442104524 0.229 0.228 1.0 1.0
o-ztfg-ztfr  True F19 59174.47750744635 0.37452355703559825 8.07558912955053 0.06393351446063923 1.082786986010496 0.4701670547988117 0.21529648769652318 0.04880471582643728 13.589 11.087 0.0 0.0
o-ztfg-ztfr  True F99 59174.49269580496 0.3670313265788502 7.087267044951438 0.06264306451744578 1.1070314922492641 0.4621881388658511 -0.058594631153485 0.04767330201752224 0.224 0.219 1.0 1.0
o-ztfr  True F99 59174.69019136973 0.4974038297857383 7.654119157109978 0.5291834834551509 0.932597953155847 0.6486233420488818 0.35398021441481686 0.38374975797801514 0.2 0.2 1.0 1.0
ztfg  True F99 59173.80167880966 0.5507261894550345 13.588994270037535 9.803705044450993 0.5144644552152859 1.1546296130893325 10.326343475836818 12.865828962172897 0.15 0.15 0.997 0.997
ztfg-ztfr  True F19 59174.462402834666 0.41593036793271504 8.050746654680612 0.07123671249778839 0.8895279988673903 0.5847297672360255 0.18641307083319975 0.05614154153606829 21.999 17.762 0.0 0.0
ztfg-ztfr  True F99 59174.481784064876 0.4076061858051914 7.061396893135358 0.069539859854871 0.9024617157966469 0.5730215484427282 -0.08857853790299806 0.05460679318400008 0.146 0.146 1.0 1.0
ztfr  True F99 59174.89869412738 0.6740148682496647 5.084573165433822 7.9347130416950495 1.1662689074207178 1.0934376094268312 -1.612151557143382 6.290864911423586 0.083 0.082 1.0 1.0