bps_used variant success reddening_law calibration Tmax e_Tmax DM e_DM st e_st EBVhost e_EBVhost rchi2_data rchi2_data_model fitprob_data fitprob_data_model
c-o  True O94 0 59819.02275608584 0.7131468086284197 38.451621179330914 0.21135814284995333 0.58859934285336 0.07894976537959096 -0.15288329846866275 0.11945208235455246 0.297 0.297 1.0 1.0
c-o  True F19 6 59819.023789799954 0.7130560461691411 38.42868359621404 0.210467111130278 0.588705318609419 0.0789481271789684 -0.009935428928824458 0.10829109531424506 0.297 0.296 1.0 1.0
c-o-ztfg  True F19 6 59819.94906948254 0.4487430224921288 38.85929821337044 0.16697997119335817 0.6242522253920558 0.06145830697314313 -0.2646981805054938 0.08064650441710708 0.354 0.353 1.0 1.0
c-o-ztfg-ztfr  True O94 0 59819.62997727881 0.4814668058933847 38.51028586330949 0.14870773582661417 0.6397615681638049 0.06510460749429078 -0.18377865560450077 0.08692405718169652 0.472 0.471 1.0 1.0
c-o-ztfg-ztfr  True F19 6 59819.6185202657 0.4550599850057364 38.47061032867085 0.14601560041577868 0.6193375780898741 0.05969854909412429 -0.09345279699621936 0.07219248245438943 0.438 0.436 1.0 1.0
c-o-ztfr  True F19 6 59819.028452310355 0.5349845338301656 38.213110394488986 0.15220086595952392 0.5816874580587386 0.06259950805826836 0.09543179808732748 0.08885936410933742 0.289 0.288 1.0 1.0
c-ztfg-ztfr  True F19 6 59819.783574287736 0.49829199361083554 38.37107588406632 0.16050660795497643 0.614381723084773 0.0843607921674315 -0.05325189174164852 0.07946777696053765 0.621 0.617 0.941 0.943
J-c-o 1D3 True O94 0 59819.3461820619 0.6788223170119208 38.721335527160264 0.12053946885867561 0.6677463194747495 0.05747484430288731 -0.173927105721612 0.10712157160225377 0.319 0.318 1.0 1.0
J-c-o 1D3 True F19 6 59818.961484348074 0.6515343856697695 38.57490191493706 0.23158449247558938 0.6096790251992539 0.0656322473211631 -0.08089605551903097 0.07953664373163154 0.311 0.31 1.0 1.0
J-c-o-ztfg 1D3 True F19 6 59819.862562862116 0.44811615783789727 38.75088055156036 0.13683432506925233 0.6116640266878981 0.060073801726070325 -0.2219610334195368 0.07242629133005306 0.362 0.36 1.0 1.0
J-c-o-ztfg-ztfr 1D3 True O94 0 59819.74847301815 0.4651807837761806 38.70705034261984 0.11078558125045297 0.6936167850008953 0.050476125694019255 -0.20044135570410562 0.08262957522255412 0.508 0.506 1.0 1.0
J-c-o-ztfg-ztfr 1D3 True F19 6 59819.62644574058 0.45246557336437476 38.54594225952331 0.11732039923956689 0.6287741185853587 0.05788242595197797 -0.126460463797017 0.06923600112587235 0.45 0.447 1.0 1.0
J-c-o-ztfr 1D3 True F19 6 59818.964642643004 0.5439889185868724 38.43982819849508 0.11823095355712757 0.6184058532482025 0.06232537525703464 -0.028948506479000026 0.07809365531961927 0.34 0.337 1.0 1.0
J-c-ztfg-ztfr 1D3 True F19 6 59819.804371921935 0.49832109694115 38.48453987365434 0.135383027220714 0.6255553253001334 0.08118777326609 -0.10298212810713495 0.07456489380445219 0.65 0.645 0.925 0.929
J-o-ztfg-ztfr 1D3 True F19 6 59820.21724106221 0.45915271322688966 38.59825360786625 0.1194673949903234 0.6770497418003867 0.06933931339952051 -0.15295043386997906 0.06794365010801152 0.314 0.314 1.0 1.0
J-ztfg-ztfr 1D3 True O94 0 59820.5989065254 0.4920155944201017 38.64182582112724 0.10387975924182494 0.7959103361111383 0.08990677517235066 -0.09986735281860243 0.10398724267427027 0.387 0.385 0.974 0.975
J-ztfg-ztfr 1D3 True F19 6 59820.54095830033 0.4486702204085639 38.536694820990824 0.11763515423328172 0.6976650397666448 0.09595670570768164 -0.1253537830977135 0.066937480009592 0.278 0.274 0.99 0.991
o-ztfg-ztfr  True F19 6 59820.18984848833 0.4632894617480695 38.566352614675196 0.12872835822245357 0.6697670799518803 0.07046118654554491 -0.14021892070427663 0.0701338179496756 0.319 0.319 1.0 1.0
ztfg-ztfr  True O94 0 59820.573814541196 0.4405894465604142 38.49250829862935 0.13264657871466343 0.7038759029671181 0.09415119628345076 -0.13243580962661175 0.09636742512521353 0.211 0.211 0.995 0.995
ztfg-ztfr  True F19 6 59820.57413011583 0.42548029518068414 38.47273326242732 0.1501139846853659 0.7038582151890116 0.08682113324181258 -0.09052433259588323 0.0676971053481704 0.211 0.211 0.995 0.995