bps_used variant success reddening_law t0 e_t0 x0_mag e_x0_mag x1 e_x1 c e_c rchi2_data rchi2_data_model fitprob_data fitprob_data_model
c  True F99 59820.28849570163 1.3135130225502258 9.853930365953651 0.14058852007866984 -2.8693347775068556 1.5672939554464334 -1.208463900435835 1.0215190348597687 0.378 0.377 0.992 0.992
c-o  True F19 59818.80046561135 0.9317308283070423 9.12036818549544 0.12676230859232973 -2.7244675372200122 0.9155908903179686 -0.048298866767016155 0.13753875503359864 0.473 0.466 1.0 1.0
c-o  True F99 59818.77733860227 0.9240466566774571 10.013397737971076 0.12619595260865704 -2.765646488471067 0.9040361568219557 -0.10441591670160735 0.13677243219148777 0.378 0.378 1.0 1.0
c-o-ztfg  True F19 59819.71964146622 0.48167004610001196 8.979018747233166 0.05096689503395679 -2.6546613188900476 0.6946538018363503 -0.19659511400085006 0.08331801961493514 0.736 0.676 0.961 0.987
c-o-ztfg  True F99 59819.22186257402 0.5750877752762386 9.909589906104163 0.05615701698089045 -2.999888386251951 0.7351768325943485 -0.19949929680776055 0.08715376015752514 0.4 0.397 1.0 1.0
c-o-ztfg-ztfr  True F19 59819.47280798883 0.4198165068449186 8.974742780212084 0.050346731153859646 -2.837623326625243 0.628024870207266 -0.062439005695302086 0.056000851513871006 0.843 0.767 0.85 0.947
c-o-ztfg-ztfr  True F99 59818.85735508584 0.4865650230146703 9.914992613114 0.054525660904879675 -3.250621341446775 0.6763933847215274 -0.09374615254189272 0.06047137891795706 0.417 0.413 1.0 1.0
c-o-ztfr  True F19 59818.93676055176 0.6058122203783802 9.135834476823398 0.12432643649439498 -2.971579344605182 0.7576055770896363 0.07916388153302807 0.11462461066146643 0.598 0.57 0.998 0.999
c-o-ztfr  True F99 59818.50264119322 0.6793732727402744 10.015559387574243 0.12488671398332465 -3.0763142715973637 0.7756051442128841 -0.016395573155001376 0.11852517102829706 0.394 0.392 1.0 1.0
c-ztfg  True F99 59819.804101718015 0.8058834165102059 9.902147889547397 0.05995166667629443 -2.977655177416876 1.0077654469915858 -0.564329387184653 0.29729336022550795 0.373 0.371 0.997 0.997
c-ztfg-ztfr  True F19 59819.480184018284 0.44429354946940364 8.963456810887926 0.051658116498194656 -3.244780882076328 0.7350713624244789 -0.016870883655256352 0.06497803411760078 1.468 1.274 0.04 0.134
c-ztfg-ztfr  True F99 59818.686505891004 0.5468115233962269 9.903272551605948 0.05532712138894976 -3.9930859106473795 0.8441730332682147 -0.044545262406932004 0.0713236166816178 0.442 0.435 0.995 0.996
c-ztfr  True F99 59818.66880844926 0.8695637181164764 10.059767658229944 0.14561918700125306 -4.001105320278528 0.9884865459061728 0.11010573467920602 0.15551832064299143 0.349 0.348 0.998 0.998
J 1D3 False F99 59818.2778709774 5.077545874513783 10.079341714270413 91.94044325049643 0.0 -1 0.0 36.53653544561357 None None None None
J-c 1D3 True F99 59820.17383086844 1.3802667545909313 8.864836013202332 0.10325785461929309 -3.1594180575988196 1.2789376799309258 -0.0871309803585989 0.10606338175798093 0.35 0.35 0.996 0.996
J-c-o 1D3 True F99 59819.109649120364 0.7688338337485939 8.970850067162562 0.1073653940692968 -2.802955195752841 0.8795687883491906 -0.023276909034729624 0.07810038632368538 0.406 0.405 1.0 1.0
J-c-o-ztfg 1D3 True F99 59819.7196406651 0.721514768434749 8.783736010145265 0.05455517142919803 -2.619246307143449 0.8203455702822494 -0.18603835989305553 0.06982623813884635 0.937 0.932 0.636 0.647
J-c-o-ztfg-ztfr 1D3 True F19 59819.47667897038 0.41901532577237377 8.97612968204531 0.04947400225500006 -2.8353210491119443 0.6275801540243355 -0.058694048282915086 0.04925964556131896 0.834 0.759 0.866 0.955
J-c-o-ztfg-ztfr 1D3 True F99 59819.76827293378 0.4889092769027661 8.950606321392502 0.047810440610300896 -2.4594723565150103 0.6918705926900143 -0.09005526338476377 0.05428167191175891 1.279 1.204 0.041 0.094
J-c-o-ztfr 1D3 True F99 59819.17125748104 0.7889649132956131 8.85956836687741 0.09593354929020148 -2.7517105407875797 0.857860015597925 -0.07379636283663916 0.08050493542601839 0.946 0.945 0.613 0.617
J-c-ztfg 1D3 True F99 59819.5631178574 0.896792711836258 8.776338631722762 0.055526593652539986 -3.024145442262231 1.0596666997336217 -0.13997840719638088 0.08985241944763558 0.37 0.364 0.998 0.998
J-c-ztfg-ztfr 1D3 True F99 59818.95381354803 0.6679159320657223 8.77926981594411 0.052209968632750986 -3.0959824783264596 0.9616140750201376 -0.08390510743828604 0.056482123159483165 0.288 0.283 1.0 1.0
J-c-ztfr 1D3 True F99 59818.805207229 1.038841432796424 8.85298947639357 0.09575347318220749 -2.929461895148985 1.1863195613090212 -0.03670130603701855 0.08166910241712759 0.261 0.259 1.0 1.0
J-o 1D3 True F99 59819.50156157585 1.41772338303537 9.067288886824748 0.294501914611933 -2.065279386869475 1.4220707523928722 -0.009912327911977402 0.1747825555678323 1.233 1.233 0.122 0.123
J-o-ztfg 1D3 True F99 59819.968815396685 0.9536132067146793 8.755559726422433 0.06605829888915622 -2.221386104454809 1.116532007472495 -0.19981976035074134 0.0721758947814136 1.151 1.147 0.204 0.21
J-o-ztfg-ztfr 1D3 True F99 59819.19713161046 0.7120097832905893 8.75424330641572 0.059658495801742595 -2.65649791000307 0.9870869607936584 -0.13710994096647316 0.055437685070124566 1.087 1.085 0.296 0.301
J-o-ztfr 1D3 True F99 59819.42808071454 0.7443398879351868 8.750463020282492 0.16878593042674855 -1.941146051794278 1.0396265940992122 -0.12692334683872686 0.12029318865896821 0.416 0.412 1.0 1.0
J-ztfg 1D3 True F99 59821.92597006167 3.567216707293587 8.721872968879834 0.08033353065133776 -0.25013565907867175 3.0660836700360483 -0.2053911018935028 0.11290492098838784 0.238 0.229 0.87 0.876
J-ztfg-ztfr 1D3 True F99 59820.281074964034 0.6546535222995578 8.716429908711552 0.05533638060728704 -1.8678554785489356 1.079421223056072 -0.11234867877908301 0.047203232390008204 0.331 0.308 0.992 0.995
J-ztfr 1D3 True F99 59817.43580230486 1.9718349967091688 8.865351600100247 0.26492249493642916 -5.626691059535752 4.5818782154661815 0.017790833675139235 0.24186603753818348 0.153 0.151 0.928 0.929
o  True F99 59819.567546973965 2.445601256018664 3.490798234127004 10.083999314737612 0.15072715607255283 2.799293221518685 -6.258774001807865 10.910689570006435 0.343 0.343 1.0 1.0
o-ztfg  True F99 59820.056924421064 0.9091632420513688 9.872117759644405 0.0692782656605044 -1.8656221867112128 1.0792126144156124 -0.22326366114937374 0.08896238059732794 0.368 0.367 1.0 1.0
o-ztfg-ztfr  True F19 59820.02319290601 0.5462283296167998 8.938282434881675 0.05574939303454632 -1.9788274536825778 0.8207281072937417 -0.08481339891895259 0.05487551267808886 0.794 0.723 0.888 0.956
o-ztfg-ztfr  True F99 59819.51821207896 0.7079087592793878 9.871825216268245 0.06479794936886764 -2.3577380425865875 0.9352374058171644 -0.12079598762096129 0.0623927209781175 0.393 0.39 1.0 1.0
o-ztfr  True F99 59819.2836598392 1.2038100219546843 7.925190812594785 2.0678963936519774 -1.5519749653692783 1.4687166086912302 -1.8275990298690883 1.8839749847725462 0.332 0.332 1.0 1.0
ztfg  True F99 59820.900641964276 1.8801254195694115 10.575064878061863 7.336061867492532 -1.1692996949666434 1.9205769909036658 3.6366636416124223 18.63753881395235 0.306 0.298 0.736 0.742
ztfg-ztfr  True F19 59820.51581920053 0.8077938568104399 8.93479516137451 0.060970805456171756 -1.5220800229019895 1.279598114811582 -0.02282857155738066 0.062494043734098406 2.15 1.795 0.011 0.043
ztfg-ztfr  True F99 59820.37664954789 1.5156108372887147 9.8337801081034 0.07256860653577092 -1.7158746304975865 1.8767146406311186 -0.06810098423874306 0.06992876272822045 0.228 0.225 0.986 0.987
ztfr  True F99 59817.01607737953 2.228882758873506 2.58104866676248 17.614653207983963 -5.79272027056297 4.7495998516079325 -7.188150372033277 19.147763112853987 0.088 0.087 0.915 0.917