bps_used variant success reddening_law t0 e_t0 x0_mag e_x0_mag x1 e_x1 c e_c rchi2_data rchi2_data_model fitprob_data fitprob_data_model
c  True F99 59256.96086259924 0.19779044543510038 9.219870906145678 2.7160779260195698 -2.3038428121722214 0.2168413287862384 2.4669507471263694 2.3833983423792513 3.513 2.349 0.014 0.07
c-o  True F19 59257.23949775647 0.21730279961985377 5.754357301067349 0.052209745808899824 -1.9039861857037637 0.2631045512157194 -0.021071079599521737 0.05634367557379408 10.727 1.591 0.0 0.102
c-o  True F99 59257.28284681627 0.12913173608434358 6.778979714140473 0.03888661434366739 -1.901482071740896 0.15366016629537158 -0.04029844559322407 0.03772068839994269 1.392 1.027 0.177 0.417
c-o-ztfg  True F19 59257.316614229305 0.11453742322751127 5.726806390851319 0.029709494832441917 -1.821276314497197 0.1656042588204592 -0.0466878664707263 0.03627977856965965 5.574 1.199 0.0 0.229
c-o-ztfg  True F99 59257.31088726406 0.08201803244757477 6.754782714155679 0.024574194082478715 -1.8333613094887582 0.11107533280038881 -0.06135352024534875 0.026777728235379286 0.845 0.592 0.681 0.942
c-o-ztfg-ztfr  True F19 59257.33297083754 0.0982610268100301 5.656673591760718 0.026450480217089394 -1.8701564605794327 0.1305341659632703 -0.04910632077701434 0.02586892183839939 0.733 0.26 0.903 1.0
c-o-ztfg-ztfr  True F99 59257.3440255903 0.06765546028730901 5.656114875582614 0.02289015564907762 -1.8709201775874695 0.0853552320413412 -0.05340512346811033 0.021503083355245586 0.724 0.523 0.911 0.996
c-o-ztfr  True F19 59257.329222809865 0.1412483292235511 5.7669473720265705 0.04493689805602431 -1.9465010662314108 0.16400191927894525 -0.0012137465831494562 0.03919434623214052 4.591 0.81 0.0 0.754
c-o-ztfr  True F99 59257.3562148946 0.08633523374565949 6.784919076769273 0.0364163777457822 -1.924741595250913 0.09974004746028346 -0.029392192862788727 0.030917963105115756 0.785 0.625 0.787 0.941
c-ztfg  True F99 59257.36324182237 0.09597210567070136 6.729846259943503 0.043702805443269155 -1.7748705634254716 0.13500379264688978 -0.1091444767197012 0.06858520402597908 0.88 0.662 0.598 0.843
c-ztfg-ztfr  True F19 59257.346605891464 0.10419965347067699 5.734060278553706 0.02820303114613559 -1.8470308905586093 0.14029064786475992 -0.02944119444588489 0.029694405720116734 3.963 0.961 0.0 0.536
c-ztfg-ztfr  True F99 59257.366078352126 0.07391812450739442 6.756953263974749 0.024986177282093545 -1.8485889283917016 0.09513611187857728 -0.05341974673189122 0.026516015528990675 0.788 0.561 0.814 0.984
c-ztfr  True F99 59257.39048785133 0.09881400808135356 6.791767446946742 0.04148759124948379 -1.9167701285214234 0.11605484387339574 -0.021405211916166282 0.038935118044971476 0.898 0.717 0.599 0.827
J 1D3 True F99 59259.270810786504 3.2643423006277814 6.698942437507944 135.47226366876617 9.16672420928893 21.335794789528062 -0.0102916351931083 46.72904722392064 -1 -1 -1 -1
J-c 1D3 True F99 59257.388620218655 0.1823924821618903 5.734591441043046 0.04095691749862892 -1.9304393750597755 0.24101592667362992 0.03438069783621782 0.045201177097305895 3.342 2.764 0.003 0.011
J-c-o 1D3 True F99 59257.325387171295 0.1281724740449837 5.701969346391446 0.034723556941786526 -1.9372073374406167 0.15035989223225296 -0.013172960340335453 0.031803505435900936 1.988 1.557 0.018 0.089
J-c-o-ztfg 1D3 True F99 59257.32146735615 0.08224802405179378 5.669374686844419 0.02315385189347058 -1.8418801039145443 0.1104140085383482 -0.039851544490390134 0.023781252271460655 1.287 0.948 0.145 0.541
J-c-o-ztfg-ztfr 1D3 True F19 59257.335975666 0.09829799094379538 5.66184649199144 0.02616132864278674 -1.873584182413292 0.13044269919776202 -0.042309430091244465 0.025281831625712996 0.951 0.311 0.567 1.0
J-c-o-ztfg-ztfr 1D3 True F99 59257.33562856105 0.09830559513005845 5.737531122692491 0.026175317949782465 -1.874022466122061 0.13044826335716533 -0.02388303428980771 0.025293973781548882 3.354 0.827 0.0 0.792
J-c-o-ztfg-ztfr 1D3 True O94 59257.335633424795 0.09826630269074732 5.737531193688566 0.026164551866347564 -1.8740422930874727 0.13038730713976032 -0.023884215711292428 0.025278312577277803 3.556 0.865 0.0 0.729
J-c-o-ztfr 1D3 True F99 59257.37704652804 0.08616045615407644 5.7043264819874135 0.03360621564030415 -1.927911580153688 0.09833398173129473 -0.010348360072650208 0.027603625184355305 1.094 0.898 0.326 0.636
J-c-ztfg 1D3 True F99 59257.340268273394 0.09439688379534958 5.685008062844492 0.028533245150788845 -1.781202992511455 0.13526782260239434 -0.015803247819130815 0.0375616560711473 1.64 1.123 0.035 0.316
J-c-ztfg-ztfr 1D3 True F99 59257.36751649214 0.07373976744673523 5.671047270199114 0.023467313368206125 -1.8564944742245024 0.09460862202087253 -0.03433986123527235 0.023693910876434424 1.061 0.793 0.367 0.818
J-c-ztfr 1D3 True F99 59257.40566413926 0.09853872909453334 5.7132981423695295 0.035850683826219164 -1.9347733215900385 0.11437986526070947 0.0015695739355445332 0.03191357321843787 1.225 0.993 0.201 0.472
J-o 1D3 True F99 59257.28782770674 0.19654183005098488 5.856791570077831 0.13290482245837326 -1.9776399947939591 0.1927462161183845 0.0726722747264204 0.07610717392078878 1.84 1.705 0.087 0.115
J-o-ztfg 1D3 True F99 59257.3279790725 0.09385954442946207 5.654315855265361 0.027683723468001353 -1.8661167451010625 0.1276997942568626 -0.04311694666250303 0.02397959940125878 0.978 0.811 0.485 0.703
J-o-ztfg-ztfr 1D3 True F99 59257.3549641164 0.07348538779943686 5.65058811529251 0.026846979959765063 -1.8940092099722374 0.09204332833719217 -0.04753539334113192 0.021229681087992166 0.722 0.616 0.901 0.971
J-o-ztfr 1D3 True F99 59257.3977261162 0.10169030516096102 5.781621047746766 0.10572504110844616 -1.9328200259326214 0.1083268383912481 0.03815357100284909 0.06850698259288679 0.885 0.783 0.632 0.774
J-ztfg 1D3 True F99 59257.36053014819 0.1143267850925237 5.673353519449545 0.02991056722380416 -1.8038814387878608 0.17513309212608574 0.010304841253329772 0.03830445064830084 0.91 0.852 0.542 0.605
J-ztfg-ztfr 1D3 True F99 59257.37630291382 0.0815687265182255 5.653987518609353 0.02765094375154061 -1.8724133375470398 0.10510690293193087 -0.04127644477565628 0.024280399819969687 0.774 0.66 0.815 0.929
J-ztfr 1D3 True F99 59257.457714506716 0.12497242805787315 5.8044336858720165 0.10202650900314053 -1.9341832674349695 0.13192953586328715 0.05885990750964199 0.0668520820321099 0.921 0.843 0.552 0.65
o  True F99 59257.20786160475 0.1918886877488131 6.261226402242669 1.505377989367072 -1.9336393604007596 0.20532383690324973 -0.37095635435832625 0.9672027202366322 0.548 0.461 0.649 0.71
o-ztfg  True F99 59257.31121535631 0.09349220169849799 6.741606678122388 0.028631234321707857 -1.858122597567954 0.12874066604684417 -0.06409465684697722 0.02688284939543666 0.324 0.295 0.996 0.998
o-ztfg-ztfr  True F19 59257.34690259832 0.10600621200860075 5.715813741659686 0.03059076774840688 -1.8946238523276882 0.14217726796856542 -0.03712231222795409 0.026470968780250955 2.057 0.601 0.0 0.972
o-ztfg-ztfr  True F99 59257.34794638645 0.07342334338621304 6.738476570377968 0.02757560868405238 -1.8895748695325183 0.09249286765439463 -0.06164921072144772 0.022583808376252394 0.404 0.357 0.999 1.0
o-ztfr  True F99 59257.341168579514 0.10380568442670028 6.595246234685734 0.2979980009779177 -1.9366881776255718 0.11019984621907992 -0.15626822689326136 0.2016254630703078 0.484 0.419 0.98 0.992
ztfg  True F99 59257.329894136106 0.7383115364708226 6.7797762343639985 0.8046697658995918 -1.8072556175265597 0.9434882471175088 0.025193807075605767 2.146921866405582 0.295 0.268 0.983 0.988
ztfg-ztfr  True F19 59257.363183875386 0.11352304678988252 5.718599967986487 0.031770388337308345 -1.868775911010455 0.15532203123987287 -0.03408827998999708 0.029881670262378 2.163 0.67 0.0 0.91
ztfg-ztfr  True F99 59257.37398870547 0.08167613061688932 6.741021628204431 0.028791616073777594 -1.865741047443243 0.1056999513873006 -0.058972380612235024 0.02681347709682112 0.411 0.365 0.998 0.999
ztfr  True F99 59257.30498037749 0.1557399603678814 4.901297126739893 1.876472530596469 -1.898194714976964 0.13986393405930764 -1.3778280981196296 1.3787839260524724 0.46 0.408 0.961 0.978