bps_used variant success reddening_law calibration Tmax e_Tmax DM e_DM st e_st EBVhost e_EBVhost rchi2_data rchi2_data_model fitprob_data fitprob_data_model
c-o  True O94 0 58634.67798994121 0.4968179304669269 35.461060135202295 0.16156316030981135 0.8952500763458564 0.0841376758001215 0.21624386203900628 0.08100488082406158 2.146 1.994 0.117 0.136
c-o  True F19 6 58634.678331932846 0.49676143560937336 35.506528847632794 0.14774360764247538 0.8952486212328871 0.08412070398790207 0.17283072161609384 0.08266658008615296 2.145 1.994 0.117 0.136
c-o-ztfg  True F19 6 58632.85473560841 0.40294945536849097 35.321961136290234 0.09730781842442524 0.6471402743945035 0.03576457739381931 0.11541341549383459 0.0678094296565687 1.234 1.128 0.252 0.331
c-o-ztfg-ztfr  True O94 0 58632.822075661294 0.3716278709282849 35.19780748524381 0.09189985858270414 0.6408556452871007 0.0336667838786242 0.06760066698154003 0.06536119330234812 0.799 0.727 0.718 0.802
c-o-ztfg-ztfr  True F19 6 58632.99936511365 0.36770154849501363 35.277508575288415 0.0933350563912967 0.640590560246503 0.033545738366620566 0.14011146514555003 0.06342526582548844 0.904 0.818 0.583 0.694
c-o-ztfr  True F19 6 58632.88864131254 0.36456370210997396 35.25724571859515 0.09569067214610355 0.6322922564435842 0.0341459746354004 0.15411511125958413 0.0629719793637737 0.463 0.419 0.915 0.938
c-ztfg-ztfr  True F19 6 58633.32092086498 0.44022490022737004 35.241460618526766 0.09322313645594738 0.6178975784578535 0.03610794711112339 0.15331471883775946 0.06202395588048416 0.291 0.266 0.996 0.998
J-c-o 0D True F19 6 58631.92799707732 0.42883440245944565 35.183593732546484 0.09708027888241962 0.5361054974210909 0.03740207378255579 0.11100515092780482 0.0629918529111141 1.238 0.975 0.288 0.431
J-c-o-ztfg 0D True F19 6 58633.06586606618 0.39116939177256155 35.24215003032388 0.09404247673577229 0.6320610870188578 0.035830023701850004 0.15732736805783348 0.06274320942767335 1.753 1.251 0.035 0.224
J-c-o-ztfg-ztfr 0D True F19 6 58633.020805564716 0.36753776675498917 35.23602346497878 0.09318845712106846 0.624961913805355 0.033287932225317486 0.15501691913300392 0.06174241367460902 1.15 0.844 0.281 0.678
J-c-o-ztfr 0D True F19 6 58632.63873037075 0.3735145888704104 35.203907175232565 0.09540221333797308 0.5906940899090943 0.03369270964407378 0.14849650277580678 0.06167272098418855 0.842 0.608 0.615 0.85
J-c-ztfg-ztfr 0D True F19 6 58633.516453741824 0.3812558019874299 35.20177209346046 0.09518685408618933 0.596609301002038 0.03247950997367892 0.17210684384346198 0.06100399731641869 0.518 0.371 0.952 0.993
J-o-ztfg-ztfr 0D True F19 6 58632.82115309023 0.35632009206800874 35.21918529497483 0.09352422380147221 0.60909296015313 0.03204925941119451 0.15477733295680315 0.06135037381232411 0.653 0.457 0.888 0.986
J-o-ztfr 0D True F19 6 58632.5447824016 0.36630675596089973 35.18779710384908 0.09711566372905518 0.583439836691954 0.03325602199988544 0.14759723268522223 0.0633953046773067 0.674 0.469 0.779 0.934
J-ztfg-ztfr 0D True F19 6 58633.275704480155 0.3711259660139405 35.1893257079529 0.09591020163976902 0.5860396650128246 0.031229589886425744 0.17167622322008616 0.06084298094956855 0.252 0.184 0.999 1.0
o-ztfg-ztfr  True F19 6 58632.834274209774 0.35130397173039 35.2631993374984 0.09124979508650712 0.6269263590066417 0.0315744731888254 0.14343439212878445 0.0617054695758331 0.324 0.293 0.998 0.999
ztfg-ztfr  True O94 0 58633.26235197469 0.4310871007198237 35.16992827625637 0.08648369287164544 0.6000652552510517 0.03374614401203111 0.045820796856380845 0.06294478278587967 0.137 0.125 1.0 1.0
ztfg-ztfr  True F19 6 58633.2628250584 0.42563712350323196 35.22269341153811 0.09324022241443086 0.6000408017405228 0.0335107391355226 0.16066895776269316 0.061035830835473946 0.137 0.125 1.0 1.0