bps_used variant success reddening_law t0 e_t0 x0_mag e_x0_mag x1 e_x1 c e_c rchi2_data rchi2_data_model fitprob_data fitprob_data_model
c  False F99 59518.31892757339 0.5989128264742752 7.528069609882026 0.05199271598214794 -13.394645213383583 3.602540733377526 -2.640555973133096 1.7351625237503825 None None None None
c-o  True F19 59488.14601555973 0.3391961955058524 6.325526099055093 0.1439488745374224 1.7624808946121924 0.26778616131568234 0.020888735418961173 0.09774642582941497 6.715 3.208 0.0 0.0
c-o  True F99 59488.08152928442 0.2844911348380019 7.345053577300089 0.1255890064649346 1.828387282356198 0.2183331643134414 0.01030357757079856 0.08638033452844843 4.705 4.354 0.0 0.0
c-o-ztfg  True F19 59489.08132355155 0.19015545633795844 6.4122783155970975 0.03817214092783143 1.358739823172054 0.188191810785733 0.08689231776486654 0.030562339767588945 5.662 3.164 0.0 0.0
c-o-ztfg  True F99 59489.00487779858 0.1685036834965149 7.419951472856381 0.03672161485333775 1.4052966767009494 0.16478803043484685 0.06776309901628469 0.02926110060444711 4.009 3.756 0.0 0.0
c-o-ztfg-ztfr  True F19 59489.12715474982 0.16150460042671552 6.295569361030857 0.03647530338777669 1.272529451766435 0.1487068799503474 0.04992068316983021 0.028058680689955814 3.16 2.067 0.0 0.0
c-o-ztfg-ztfr  True F99 59489.058913648885 0.1419539388761071 6.303764977648264 0.03548501439546121 1.3146971276253296 0.1294383170582411 0.05826891091263167 0.02703450483098673 3.134 2.954 0.0 0.0
c-o-ztfr  True F19 59488.73280583121 0.23053864650426473 6.353670687110459 0.1396126065852294 1.4491582643316536 0.1841994668272725 0.036718581735931406 0.09675537960350657 5.523 2.701 0.0 0.0
c-o-ztfr  True F99 59488.704169183446 0.19455066970836346 7.3678200790383315 0.12583010933398586 1.4734984634163504 0.15471544948684993 0.021827707607364376 0.08775248030749218 3.634 3.379 0.0 0.0
c-ztfg  True F99 59489.41413378288 0.27368000701718803 7.409540659095292 0.05235099532273669 1.0968639949811585 0.3392942398831268 0.13643006475309577 0.11924358484619299 3.766 3.717 0.0 0.0
c-ztfg-ztfr  True F19 59489.46132569989 0.18615938404540755 6.373657283770221 0.03777163244927815 1.1523316990104568 0.1905250633758393 0.05649483549571327 0.0352212692846822 3.735 2.59 0.0 0.0
c-ztfg-ztfr  True F99 59489.456284605905 0.16672303360042065 6.2678098256558705 0.036235706180359206 1.1389772512752656 0.17001648392817545 0.028773095358639013 0.03312824468818871 1.987 1.949 0.003 0.004
c-ztfr  True F99 59489.38327758279 0.2839154650240664 7.20465827579969 0.1439734553266455 1.1238822121738903 0.23324617303499415 -0.09207048033666605 0.10685449493499813 3.016 2.971 0.0 0.0
J 1D3 False F99 59487.79268002619 -1 -20.240431786961203 -1 -39.04030451998394 -1 -8.654220633250425 -1 None None None None
J-c 1D3 True F99 59488.51727911027 0.7701953991585951 7.713409475401911 1.4576907129752312 19.870678324531152 26.326780211180612 0.18876640943916506 0.373621126611754 12.374 10.211 0.0 0.0
J-c-o 1D3 True F99 59488.06223198166 0.2533092085885112 5.896036100519584 0.07504568528039288 1.6594789880266063 0.22141275286349207 -0.2432750217937542 0.048726851686822115 5.425 4.692 0.0 0.0
J-c-o-ztfg 1D3 True F99 59489.14122041859 0.16561094839574453 6.240160319796689 0.031989282434123696 1.3533506576061363 0.16660955351941537 -0.021141459097609137 0.023261780643807753 5.774 4.483 0.0 0.0
J-c-o-ztfg-ztfr 1D3 True F19 59489.22989885604 0.15989265533397495 6.245960354040996 0.033157468915264894 1.2923728620911674 0.14968516270115367 -0.0025233964857798753 0.024221504188507888 4.46 2.379 0.0 0.0
J-c-o-ztfg-ztfr 1D3 True F99 59489.22783609196 0.15987414367871333 6.352254749318874 0.03319654872260542 1.2916626370317763 0.14966050648961327 0.023607048373563803 0.02425299985920809 6.298 2.867 0.0 0.0
J-c-o-ztfr 1D3 True F99 59488.6471311503 0.1910659013367175 5.9198969959488625 0.07147849587282396 1.40584367702693 0.15760570256319922 -0.22986213193746902 0.048012749029849554 4.353 3.73 0.0 0.0
J-c-ztfg 1D3 True F99 59489.79791998062 0.2164429427244775 6.2227784928257 0.038484165389678145 1.6395889304751226 0.2788917721485286 -0.16468989419573965 0.03900431935699057 4.159 4.022 0.0 0.0
J-c-ztfg-ztfr 1D3 True F99 59489.59949260818 0.16644581913699513 6.208221375776988 0.03245900737752076 1.2916230251786178 0.17401005502724812 -0.0655015167920164 0.02503001620293976 3.604 2.88 0.0 0.0
J-c-ztfr 1D3 True F99 59489.25335277325 0.2828591615213776 5.86385921175099 0.08318074754114439 1.1120539852800086 0.23794895786578135 -0.28360492989998676 0.05451188310929242 3.365 3.185 0.0 0.0
J-o 1D3 True F99 59488.06611119276 0.26132199681465257 5.603758830740178 0.12089889605874665 2.0324134281839905 0.2544666325404553 -0.4273119240593498 0.07931712773643064 4.02 3.647 0.0 0.0
J-o-ztfg 1D3 True F99 59489.065550215215 0.17128767424714608 6.2424756019527345 0.032299696355977785 1.245388657068365 0.17858856484307012 -0.021161778151822092 0.023393714695714496 5.505 4.029 0.0 0.0
J-o-ztfg-ztfr 1D3 True F99 59489.1450776399 0.14314504174647624 6.238102921867275 0.03111834573361547 1.252632404449498 0.1350050211728021 -0.01661700804360244 0.02218769560993525 4.136 3.136 0.0 0.0
J-o-ztfr 1D3 True F99 59488.66569161528 0.19122185384211146 5.779716497809355 0.09955284418944116 1.4673772361507638 0.1621919304111964 -0.3222048269833769 0.06719433734574445 3.612 3.059 0.0 0.0
J-ztfg 1D3 True F99 59489.47407399271 0.2443776008027161 6.202013796433054 0.03840797982508602 1.1794778182439267 0.3069820468969167 -0.2103055420718972 0.045098894759157314 1.426 1.41 0.162 0.169
J-ztfg-ztfr 1D3 True F99 59489.54703437876 0.17187805572812304 6.210518982659626 0.03271713617704153 1.2216867305617436 0.1787975932430716 -0.06420653599679471 0.02512055434896119 2.695 1.832 0.0 0.009
J-ztfr 1D3 True F99 59489.30407192063 0.27868749050248154 5.703620024654493 0.11584709907833539 1.137463193307871 0.23765032854676651 -0.38523983469842643 0.0772192242652887 1.007 0.988 0.439 0.458
o  True F99 59488.471133854495 0.25928198395748453 10.413968628744978 0.7387006144103181 0.6103319485342542 0.27529036956255587 1.90579441026752 0.4241080889623625 3.552 3.235 0.0 0.0
o-ztfg  True F99 59488.935265770655 0.17404938032095213 7.422678226949755 0.037189706408934264 1.3053566332924662 0.17601248491729285 0.0678626131039005 0.029486110502830915 3.429 3.19 0.0 0.0
o-ztfg-ztfr  True F19 59489.08073774362 0.16442443560906078 6.4071552830019325 0.03712049490002722 1.2154023230799527 0.15253731207105287 0.07957744699884549 0.028415778061460905 4.496 2.183 0.0 0.0
o-ztfg-ztfr  True F99 59489.03415969548 0.14516308204982062 7.412368198259367 0.035823406508891806 1.2432954368706444 0.1331459617939319 0.05760794095649302 0.027243157809795564 2.66 2.485 0.0 0.0
o-ztfr  True F99 59488.69611350804 0.1918624225551096 7.971607431724211 0.2487587019517696 1.3661010608571154 0.1540511130053471 0.43178945133619206 0.1669146588832057 2.989 2.669 0.0 0.0
ztfg  True F99 59490.52188561395 0.5478543838511802 7.1633036590088786 0.18102997061148962 2.4875885249126526 0.744763049245289 -2.423126180173481 1.2496566767785051 0.538 0.528 0.806 0.814
ztfg-ztfr  True F19 59489.40894208099 0.19134115389549716 6.37615127771603 0.03812142594114136 1.0805800928731002 0.19555058412761248 0.058620276758071604 0.03541991065889561 2.572 1.444 0.0 0.09
ztfg-ztfr  True F99 59489.40245976158 0.17159529674170057 7.371310615016812 0.03668259165088843 1.0677608029194148 0.17441924078614454 0.031071057742119358 0.033368260085995506 0.561 0.549 0.94 0.947
ztfr  True F99 59489.40268333415 0.2950286651460115 8.381990499287294 3.8409955405197986 0.9775764318389573 0.42501181164511936 0.756770372611894 2.7231300438836934 0.482 0.467 0.888 0.898