bps_used variant success reddening_law t0 e_t0 x0_mag e_x0_mag x1 e_x1 c e_c rchi2_data rchi2_data_model fitprob_data fitprob_data_model
c  True F99 59362.83554035698 0.41230145449927297 8.227694434714426 0.6412969187104846 -0.6105494044062058 0.5685776134448892 0.6156471818583332 0.7932701548577089 1.864 1.764 0.052 0.069
c-o  True F19 59363.08875465633 0.1953238466568575 6.83869894929027 0.054522382922037795 0.036515402973440206 0.2245655556745755 0.07272922935875437 0.04393297848817457 3.127 1.534 0.0 0.027
c-o  True F99 59363.112670855866 0.16156631870864593 7.818558973368557 0.04956199643676871 -0.016970181766306734 0.19001411552213088 0.03979582575445119 0.04055030467462328 1.055 1.014 0.382 0.445
c-o-ztfg  True F19 59363.080157492695 0.1281573948884637 6.7623085969387375 0.02856178074023217 -0.06963067279728499 0.14688151660878335 0.017090245298499077 0.02815815034129401 2.803 1.344 0.0 0.033
c-o-ztfg  True F99 59363.095451467205 0.11158182217205767 7.749384038237111 0.027079805770413252 -0.09074262174154142 0.13058128568531616 -0.011375471969889717 0.02656998556677746 0.85 0.777 0.8 0.907
c-o-ztfg-ztfr  True F19 59363.02576646902 0.11074088723257232 6.657439320178099 0.02675194125375155 -0.03967835673022334 0.11785415063607879 0.011992403782180082 0.023264921354237588 0.832 0.544 0.89 1.0
c-o-ztfg-ztfr  True F99 59363.04873804316 0.094141505403755 6.659260344726153 0.02544644493635159 -0.06849097124978983 0.10436137801632894 0.010110560487483086 0.022176728284459882 0.781 0.696 0.95 0.991
c-o-ztfr  True F19 59363.03130625459 0.14430808253069458 6.85024564503078 0.05026087225081513 -0.0027339369908582194 0.14665909591811335 0.09685146185000607 0.03892248445713289 2.434 1.129 0.0 0.216
c-o-ztfr  True F99 59363.03354932855 0.11899410580477639 7.82778280064251 0.045949640515336516 -0.02001707531524278 0.12774308229725723 0.060059487181815085 0.035990647808910835 0.823 0.754 0.851 0.935
c-ztfg  True F99 59363.132482050314 0.13381224906849612 7.704470585488606 0.03859263589476717 -0.07237175917208219 0.1671822702515246 -0.10896794763588882 0.07078996682944143 0.721 0.689 0.908 0.935
c-ztfg-ztfr  True F19 59363.00405577308 0.11896579751234405 6.774687903567698 0.028616188870426284 -0.07096089561102875 0.13255465074633593 0.0489904002606627 0.0282606801743401 2.629 1.199 0.0 0.111
c-ztfg-ztfr  True F99 59363.02084197642 0.10254906149984774 7.761783405156522 0.027383646176154842 -0.09196294085670738 0.11934820128793276 0.01947287139427852 0.02716501955144623 0.734 0.645 0.962 0.993
c-ztfr  True F99 59363.04201087896 0.13487264187703377 7.856444047333008 0.053343166663021496 -0.08149897062795533 0.15683487364558438 0.09707466462027649 0.045549331326602695 0.797 0.765 0.833 0.874
J 1D3 False F99 59363.110240141905 -1 7.362805429332445 -1 0.0 -1 0.0 -1 None None None None
J-c 1D3 True F99 59363.06516678617 0.22878477011315032 6.772706023800184 0.06812961043985358 -0.3186373493655609 0.3795261103058082 0.14259834165511504 0.04678676145539199 1.558 1.479 0.104 0.131
J-c-o 1D3 True F99 59363.076658556194 0.1488924217032107 6.774017143742558 0.045168280301880886 -0.12996039712434404 0.18072741671730833 0.1030767102539856 0.0323656627993351 1.561 1.198 0.018 0.195
J-c-o-ztfg 1D3 True F99 59363.02233250616 0.10536887514305762 6.677909784858736 0.026151523940077852 -0.17606643011408074 0.12681810993565545 0.04005989469132287 0.022490889310447876 1.404 0.987 0.016 0.508
J-c-o-ztfg-ztfr 1D3 True F19 59362.993689323055 0.10922415757706423 6.66589908070906 0.02652468107510211 -0.04976388847775744 0.11747082960732984 0.02381825111246455 0.022503263307407966 1.125 0.563 0.18 1.0
J-c-o-ztfg-ztfr 1D3 True F99 59362.99141427577 0.10923384106577803 6.781415099682155 0.02655082278187535 -0.051264478508745444 0.11745314069158513 0.05212483068618702 0.02252424516360755 2.611 1.093 0.0 0.243
J-c-o-ztfg-ztfr 1D3 True O94 59362.99140693394 0.10919339610152598 6.78142384185392 0.026539976755567934 -0.0513118245148914 0.11741651906148295 0.052136535012613935 0.022507579058390927 2.747 1.139 0.0 0.158
J-c-o-ztfr 1D3 True F99 59363.03149248799 0.11312731673178468 6.774818967687493 0.04119968695841185 -0.07507489126786276 0.12454461753713618 0.10452245363562934 0.029856854065365014 1.017 0.838 0.438 0.833
J-c-ztfg 1D3 True F99 59362.99718887283 0.11935464314951796 6.682223782461195 0.029339038193221294 -0.2689622771776842 0.15820986344031357 0.07689250608419221 0.030532168002987782 1.266 0.937 0.111 0.592
J-c-ztfg-ztfr 1D3 True F99 59362.98459001253 0.09733288518688095 6.685485218450896 0.026027634173793782 -0.15939591385624285 0.11634345817090164 0.05840723349975747 0.02275388286487555 1.005 0.76 0.466 0.946
J-c-ztfr 1D3 True F99 59363.016455565885 0.12942667017617743 6.784860336443418 0.04433774477611796 -0.09548027953282742 0.15427926892764546 0.12650271287323392 0.033125194528603394 0.823 0.75 0.801 0.896
J-o 1D3 True F99 59363.17476887301 0.23411093786993906 7.014828169021154 0.11522274139449938 -0.10990705377764079 0.2111239932389189 0.23426178155997573 0.06797206182400886 0.895 0.869 0.603 0.637
J-o-ztfg 1D3 True F99 59363.003323368626 0.1226993646280889 6.658557355648872 0.028648164621090242 -0.13850179084445 0.13398211741648325 0.03363028761662963 0.022684234194621258 1.29 0.853 0.073 0.772
J-o-ztfg-ztfr 1D3 True F99 59362.98106295538 0.10025320678299962 6.662186668911091 0.02754096697895262 -0.09578657397259366 0.10579545020361387 0.03178663474367647 0.020871856812224997 0.972 0.707 0.557 0.985
J-o-ztfr 1D3 True F99 59363.00548878956 0.1411389825363234 6.865354095737278 0.08313384840081697 -0.041009879620014865 0.13292781236471451 0.1581955617554704 0.05374050687168444 0.808 0.688 0.852 0.967
J-ztfg 1D3 True F99 59363.06642250975 0.1485445501382562 6.659007443128327 0.030875093333947765 -0.1984125751756344 0.17234058568221833 0.10184354399333598 0.03174023158097011 0.497 0.481 0.991 0.993
J-ztfg-ztfr 1D3 True F99 59362.95800174767 0.10994765789048364 6.6621966012808524 0.028388523224039255 -0.12663430721684366 0.12123251272681725 0.048835055610810946 0.023029468922706766 0.792 0.582 0.893 0.998
J-ztfr 1D3 True F99 59362.95261354316 0.17389107490927835 6.8410328110785406 0.08766891969821833 -0.03000921573817559 0.17125228437229115 0.15563040892141833 0.05632377633425031 0.508 0.49 0.992 0.995
o  True F99 59363.16546235337 0.23955066134223219 8.867889736011424 0.8785229960558248 -0.3035473963963817 0.2957529635148579 0.7178561262851668 0.5525473008772405 0.948 0.922 0.525 0.558
o-ztfg  True F99 59363.13339518919 0.1300574342154125 7.730884995650516 0.02929100877669974 -0.09251621353887167 0.1366052574822021 -0.015731871940335772 0.02650302533546017 0.683 0.662 0.962 0.972
o-ztfg-ztfr  True F19 59363.003119623216 0.12535000971289773 6.749463546858807 0.02922107073739461 -0.01236778243527124 0.12196437006559689 0.027637465803179478 0.023859486192770257 1.995 0.918 0.0 0.696
o-ztfg-ztfr  True F99 59363.06609092267 0.10475302197700315 7.7350650917393375 0.028203646738604125 -0.06497137885455692 0.10719685765529009 -0.0023464136292434823 0.022913361987695478 0.646 0.607 0.996 0.999
o-ztfr  True F99 59363.0137001151 0.1436559324121407 7.597017350615356 0.28876794667402284 0.004880455760473655 0.13941671394892605 -0.1013133499340538 0.20348008322681788 0.706 0.677 0.953 0.97
ztfg  True F99 59362.71873815892 0.4957574005154879 8.170388392593859 0.8317516288977871 -0.5802569115452161 0.5329750397565043 1.1776421003933453 1.8041699993969724 0.513 0.497 0.986 0.989
ztfg-ztfr  True F19 59362.976002930634 0.13661624997147306 6.752547563125596 0.030528421560693637 -0.03995039048730982 0.13802840330318053 0.04101517731691548 0.028233151331018332 2.016 0.909 0.0 0.684
ztfg-ztfr  True F99 59363.03571485088 0.11596861980495962 7.73792027912902 0.029530533561329675 -0.0919416899754783 0.123264587112911 0.010985198005455412 0.0272062720669023 0.524 0.506 0.999 1.0
ztfr  True F99 59363.13420154712 0.2331053076758281 12.490829757591595 3.6857321808437753 -0.21488946773380646 0.18746975381034534 3.292244659118461 2.423752414582421 0.48 0.464 0.994 0.996