bps_used variant success reddening_law t0 e_t0 x0_mag e_x0_mag x1 e_x1 c e_c rchi2_data rchi2_data_model fitprob_data fitprob_data_model
c-o  True F19 58915.03930180482 0.17706127472230435 5.090187220138123 0.0825553525644771 0.5725695319619142 0.19908592871760267 -0.14964855469037486 0.05720431392616659 26.931 4.906 0.0 0.0
c-o-ztfg  True F19 58915.180849584154 0.14621089499980552 5.224386481117466 0.02971202505459349 0.7944577924644085 0.1601367347249769 -0.06630373071955104 0.028610054532682744 23.098 5.038 0.0 0.0
c-o-ztfg-ztfr  True F19 58915.14983740731 0.12452617374032675 5.075037589727341 0.028973009530863847 0.7823462958461673 0.13888331923613065 -0.10140600728135485 0.02462664695959683 6.208 1.553 0.0 0.029
c-o-ztfr  True F19 58915.0447127364 0.14251786187720997 5.1018119863142655 0.07867320509328181 0.6333723723175466 0.16352465806653432 -0.14638616955924363 0.05491239054552225 18.548 3.723 0.0 0.0
c-ztfg-ztfr  True F19 58915.382124755226 0.157249288830133 5.241461391557721 0.031694046476741 1.0508211587783847 0.19222516536657508 -0.056493206495037765 0.03174118043294086 15.189 4.516 0.0 0.0
J-c-o 0D True F19 58914.96680100047 0.16878966750296526 5.182707035913555 0.06713556803085095 0.5774937197725383 0.1940458382890438 -0.07302804892382023 0.041593828908566256 65.751 4.262 0.0 0.0
J-c-o 0D True F99 58914.63833862542 0.07423264945506337 5.061256385977094 0.04449719030563139 0.3289392103614582 0.1196239833217727 -0.08342345518675248 0.02884456691338762 29.336 12.422 0.0 0.0
J-c-o-ztfg-ztfr 0D True F19 58915.09479832662 0.1218802534325947 5.086246146283642 0.027758344558221567 0.7476623880894347 0.1367649225135447 -0.08755193552585291 0.021872145422580022 23.873 1.547 0.0 0.025
J-c-o-ztfg-ztfr 0D True F99 58914.75666840625 0.06578316108067299 5.101596505227924 0.023773116965918665 0.48260962741010993 0.09229962861089137 -0.07004299749307111 0.018195453118825738 15.349 6.788 0.0 0.0
J-o-ztfr 0D True F19 58914.80797847568 0.1609125791193878 5.340291765929645 0.09488940505872762 0.5506956824319419 0.1686359978301721 0.012221166406128836 0.05931202916981931 27.788 3.02 0.0 0.0
J-o-ztfr 0D True F99 58914.52157093887 0.07384102234422801 5.255557924712162 0.06937261422287021 0.33271954421330063 0.11039901180834633 0.010285774357532298 0.04245803000629286 10.036 7.487 0.0 0.0
J-ztfg-ztfr 0D True F19 58915.12620603273 0.18971032382859915 5.2572034166697765 0.030387016113525005 0.8420105837199061 0.21654877849798335 -0.03626112304598505 0.025626562934460907 52.731 3.933 0.0 0.0
J-ztfg-ztfr 0D True F99 58914.50812451044 0.08993306388368563 5.113239395325388 0.026858559490109717 -0.06846905888779249 0.12490469799739631 -0.04683281808870028 0.020752807327953874 9.288 5.772 0.0 0.0
o-ztfg-ztfr  True F19 58915.00012809865 0.1428689023573809 5.238824437621663 0.030431388398166698 0.6708348028660749 0.14986506107990666 -0.05787516545781472 0.02519231655760858 16.763 3.958 0.0 0.0
ztfg-ztfr  True F19 58915.25468854114 0.20183940435307687 5.243493934208304 0.032345942364696005 0.9470077194445523 0.22563009469677456 -0.05643178853366795 0.031790409671154936 13.37 4.489 0.0 0.0