bps_used variant success reddening_law t0 e_t0 x0_mag e_x0_mag x1 e_x1 c e_c rchi2_data rchi2_data_model fitprob_data fitprob_data_model
c  True F99 59051.06898780438 0.4903509991868719 31.222149232754802 46.84962351790105 -2.9416534791664226 1.0618798740270894 20.157082001015915 36.081499353080446 0.449 0.438 0.718 0.726
c-o  True F19 59049.87643421092 0.4731221419143594 7.424138947691491 0.07216287045745622 0.9187873772858244 0.4398175282643107 -0.01422057991024929 0.062212871545238364 1.078 0.955 0.354 0.533
c-o  True F99 59049.87651224781 0.4731352090375484 7.424878593393915 0.07215404295686893 0.9192885417490008 0.439858265519565 -0.0165287903866738 0.062209192357196796 1.078 0.955 0.354 0.533
c-o-ztfg  True F19 59049.91896079521 0.30551683324157847 7.378936016695605 0.030090161032780168 0.7958155531275497 0.31072008971887266 -0.08567478708973864 0.033394525620497106 1.434 1.051 0.035 0.382
c-o-ztfg  True F99 59049.913682513696 0.29143787378721203 7.311359379629511 0.029182383883916075 0.789171238856326 0.2969248091374476 -0.10079913563342828 0.03196545806295031 0.915 0.864 0.627 0.716
c-o-ztfg-ztfr  True F19 59050.03831632725 0.2258942106922459 7.312465226365903 0.02871254320029289 0.5705214658523198 0.22150549195209288 -0.05210357637695342 0.026571461267418117 0.857 0.686 0.777 0.97
c-o-ztfg-ztfr  True F99 59050.03237395106 0.2118456780923298 7.3144633442592575 0.02783590367688323 0.5661824878796855 0.20901113813285263 -0.05267843795906429 0.025631116609320357 0.856 0.755 0.779 0.92
c-o-ztfr  True F19 59050.07836580781 0.2765482098656715 7.509253428119675 0.06746606017215441 0.5408349688798453 0.256125085912005 0.0646414858309245 0.054198570235937674 1.304 0.937 0.078 0.596
c-o-ztfr  True F99 59050.06791354507 0.255691549620552 7.440606779634267 0.06457173397390856 0.5382769351472942 0.2396626874351399 0.04659434255753868 0.05178982086573168 0.921 0.829 0.627 0.791
c-ztfg  True F99 59050.255595699 0.37488284786525033 7.271806883711043 0.03361915101851404 0.7250610395386653 0.3852537840243057 -0.2715259445124326 0.0919262065182356 0.357 0.353 0.991 0.992
c-ztfg-ztfr  True F19 59050.10073164666 0.25945052809199415 7.387704318192437 0.029767225816092837 0.45823536338234505 0.24669083638980335 -0.010523250366679395 0.030965757182249823 1.365 0.813 0.074 0.775
c-ztfg-ztfr  True F99 59050.10198509718 0.24233502274794663 7.320094518767308 0.028828094818142736 0.4544746630644999 0.23267535546472431 -0.02841319888381302 0.029880659766097602 0.577 0.475 0.978 0.996
c-ztfr  True F99 59050.203149261186 0.3127497084990294 7.502394395824322 0.07342287189244716 0.37077558989074627 0.2748676813603037 0.12619396282730283 0.06312131212387821 0.317 0.313 0.999 0.999
J 1D3 True F99 59050.9999451868 0.6455769801217651 6.049112122697534 6.241877292203336 -12.687484950313141 4.627043545200448 -0.3472389659884164 2.2029813459162972 1.176 1.148 0.309 0.317
J 2D True F99 59050.337395712195 1.702144851522273 9.059181375325622 14.74078492275608 -3.919998901386281 29.436781806356855 0.5913509456052543 5.019634983957416 0.884 0.883 0.413 0.414
J dehvils True F99 59050.37280583006 1.7803767943197464 3.7542307186959647 8.249092684891494 0.5390483015135644 28.19622791954509 -1.3440036550056225 2.907642710154795 1.274 1.272 0.259 0.259
J-c 1D3 True F99 59049.96876863732 0.3298474840483443 7.41197962456943 0.060405356091664475 0.8844834012222229 0.7849066447184823 -0.03897534327991184 0.03739897724847588 0.998 0.99 0.439 0.446
J-c 2D True F99 59050.16134735596 0.40743675659540174 7.410399016337537 0.06205005233283237 0.7983462535653925 0.8010017302699957 -0.04426434783660857 0.04562523355887084 0.695 0.689 0.714 0.719
J-c dehvils True F99 59050.49204772343 0.3559697717978516 7.427853200198093 0.060053827927464054 0.5816104114523956 0.7860743377166997 -0.016307690672248062 0.03835157499176927 0.704 0.698 0.688 0.694
J-c-o 1D3 True F19 59049.863845828135 0.36292385170219227 7.479874704172298 0.055516162893746425 0.9440373244812752 0.43419639368754614 -0.013341083253519195 0.038669848102534196 1.258 1.023 0.144 0.43
J-c-o 1D3 True F99 59049.863878365315 0.36301859616989063 7.479881964727678 0.055529947599336126 0.9440411400102956 0.4342508085139315 -0.013339883460556631 0.03868555846609489 1.232 1.007 0.166 0.456
J-c-o 2D True F19 59049.92051807215 0.3849026090356557 7.406014324949143 0.058772733887691386 0.9519839363460216 0.43641132465074245 -0.03554256418900552 0.04373783403429656 0.982 0.852 0.498 0.712
J-c-o 2D True F99 59049.92261921245 0.3843399896981336 7.477663774257057 0.058853342005759236 0.9484199209445647 0.4360990486891225 -0.016895117848043425 0.043803751784694 1.176 0.975 0.222 0.509
J-c-o dehvils True F19 59050.05108593761 0.36274264541220314 7.425168726782674 0.05595344914948237 0.9168062039486587 0.43178685944722006 -0.016084299802266822 0.039013140113431426 1.005 0.862 0.459 0.693
J-c-o dehvils True F99 59050.05489702891 0.36188270637919595 7.497280307789177 0.05602379091151464 0.9126076147455106 0.43140471086327026 0.003027535268817866 0.0390658469946201 1.206 0.989 0.193 0.485
J-c-o-ztfg 1D3 True F99 59049.92446453164 0.2202328923797446 7.318360092122136 0.027514788601471652 0.7616998330986553 0.29152234977495917 -0.08532806363049703 0.023827827948748773 0.929 0.859 0.612 0.742
J-c-o-ztfg 2D True F99 59049.95778442836 0.24363183618665424 7.315482352119819 0.027994340241514967 0.7688956092485073 0.29322641229543606 -0.09261300853615846 0.025806442994257876 0.847 0.799 0.762 0.836
J-c-o-ztfg dehvils True F99 59050.09772319094 0.2345207950785218 7.324214970947108 0.0277954867112065 0.7260586027350893 0.2901087005509676 -0.07686100570876007 0.02432238206690315 0.943 0.852 0.584 0.751
J-c-o-ztfg-ztfr 1D3 True F99 59050.00126749437 0.1757054794342815 7.308567479083786 0.025807583553319045 0.577385649554661 0.20870391021559087 -0.06072034379891285 0.021259395898557465 0.867 0.759 0.772 0.927
J-c-o-ztfg-ztfr 2D True F19 59050.04698359572 0.2115872142808838 7.307614279080896 0.027465570927787064 0.579267380997661 0.22127210938436953 -0.059505710204434535 0.023782102449889726 0.832 0.658 0.833 0.986
J-c-o-ztfg-ztfr 2D True F99 59050.046259150644 0.2115773346062128 7.377740210492702 0.027497858385595143 0.5779803436399706 0.2212420779838152 -0.04222952102083084 0.023815805329725985 1.273 0.865 0.067 0.775
J-c-o-ztfg-ztfr 2D True O94 59050.0462621585 0.211543818017395 7.377737047814441 0.02749311711075147 0.5779668183533109 0.22121508949889704 -0.04222362461149337 0.023808360543904266 1.313 0.886 0.045 0.734
J-c-o-ztfg-ztfr dehvils True F99 59050.12716626963 0.18708827071899642 7.314635383334982 0.026074969184278405 0.5604616944681802 0.20802749002504134 -0.05402395888480099 0.021592529751279187 0.83 0.735 0.833 0.946
J-c-o-ztfr 1D3 True F99 59049.98621909233 0.19723124413043006 7.365064334505547 0.04567848601363524 0.5789325905759659 0.24213382936694208 -0.021496109376273373 0.03293319269223433 1.103 0.88 0.281 0.718
J-c-o-ztfr 2D True F99 59050.09088019973 0.21747112616395747 7.370856433036613 0.04862085731751577 0.5761782747400052 0.2419621917832585 -0.017409462866643757 0.03595334532205358 0.994 0.838 0.487 0.794
J-c-o-ztfr dehvils True F99 59050.16326241247 0.21303005850345702 7.384838957728142 0.04663622779155313 0.5682717456391841 0.24113881691783232 -0.005379961728690716 0.033767483282786934 1.004 0.838 0.466 0.791
J-c-ztfg 1D3 True F99 59050.00581447006 0.24807047313206163 7.314306010313251 0.028852536666570044 0.6323071115139589 0.36919903012610444 -0.08858806299051258 0.029713217141336762 0.831 0.673 0.69 0.871
J-c-ztfg 2D True F99 59050.06724124876 0.28169387177126654 7.31088106330238 0.029339960115837685 0.6277734355183623 0.37337155838499614 -0.10338250613538144 0.0350576065832012 0.629 0.526 0.907 0.966
J-c-ztfg dehvils True F99 59050.26105739421 0.27052173500924054 7.319440825101701 0.029113457485997526 0.5378277255373143 0.3681915917543731 -0.07670486132528889 0.0307010339324437 0.802 0.612 0.721 0.914
J-c-ztfg-ztfr 1D3 True F99 59050.04448575522 0.18868712860281123 7.306921525536918 0.026117330322033838 0.48453134037959084 0.23233543304573495 -0.04972675438964458 0.022765690837946478 0.728 0.547 0.902 0.992
J-c-ztfg-ztfr 2D True F99 59050.13846490934 0.20503726944370143 7.308576895580755 0.02671598244776477 0.47005604153755465 0.23270311393010076 -0.04873352205560037 0.02419495165395599 0.625 0.486 0.971 0.998
J-c-ztfg-ztfr dehvils True F99 59050.20780370501 0.2044616067455876 7.3135523454991285 0.026396037209364585 0.4524821115404515 0.23158582052734794 -0.04155412583169389 0.02317877604637942 0.611 0.483 0.975 0.998
J-c-ztfr 1D3 True F99 59050.03511210064 0.21441276289937958 7.362039576617868 0.045910645846676194 0.4561075359442938 0.2805899743437283 -0.010331094920255956 0.03352984285647353 1.214 0.677 0.201 0.9
J-c-ztfr 2D True F99 59050.207002894764 0.24095073297572742 7.374621130200319 0.04907628758393956 0.43655922714056417 0.280284848838387 -0.00015210611712649803 0.037160721256707406 0.86 0.579 0.678 0.962
J-c-ztfr dehvils True F99 59050.280395741145 0.23658968053092486 7.384231445578135 0.0467979433510698 0.42513302737863756 0.2793307513298777 0.008479533413270617 0.03439483892322044 0.933 0.551 0.563 0.971
J-o 1D3 True F99 59049.86081763638 0.27618781038990503 7.363223617787446 0.1044627096049567 0.9189334556820729 0.4869864102261008 -0.056806261321079 0.0588442901299609 1.109 1.094 0.317 0.335
J-o 2D True F99 59049.92894034347 0.33268622830001193 7.33150682761913 0.11659945464016407 0.9422192049292565 0.4882842485107766 -0.07933005223976719 0.06920049830564216 1.021 1.007 0.434 0.454
J-o dehvils True F99 59050.15800402062 0.3014069672051564 7.400136850370416 0.10656559009458763 0.9634883510520759 0.4861156481446543 -0.031587380360014475 0.06050516832837182 1.085 1.07 0.348 0.368
J-o-ztfg 1D3 True F99 59049.94960928598 0.21914062560231537 7.292659724967237 0.030035195244759262 0.7385594701708706 0.3105255247790326 -0.09143025091029999 0.023689421678236105 0.814 0.786 0.792 0.831
J-o-ztfg 2D True F99 59049.994285160894 0.24336859683911485 7.29050591042103 0.03035877693036067 0.7443531850056386 0.3115143204882494 -0.09753880161963413 0.025543561989831185 0.728 0.717 0.898 0.909
J-o-ztfg dehvils True F99 59050.1339239597 0.2353450973042759 7.297700640702132 0.03029644226876133 0.7127865123154584 0.3087297889207313 -0.08308239015527097 0.024141935376914864 0.813 0.768 0.79 0.85
J-o-ztfg-ztfr 1D3 True F99 59050.02352935032 0.17558085374836285 7.277782275741574 0.027834549770954765 0.5596797728715106 0.2148909282653811 -0.07501187512246854 0.021631440188087932 0.709 0.649 0.956 0.983
J-o-ztfg-ztfr 2D True F99 59050.08474454236 0.18855866292148715 7.277434389650571 0.02829925879886101 0.5582753666553759 0.21498131725647382 -0.07620977488769155 0.022613296596264935 0.666 0.608 0.978 0.993
J-o-ztfg-ztfr dehvils True F99 59050.15457764304 0.18792754544756995 7.283486030992975 0.02810280036541731 0.5466390807009943 0.21409060991867018 -0.06855492251403836 0.021959441643224668 0.668 0.619 0.976 0.99
J-o-ztfr 1D3 True F99 59049.982903227145 0.20434984377261975 7.222447490171728 0.077330757625986 0.5446268639429022 0.2525023634342425 -0.11074844490774975 0.05180170565465465 0.856 0.797 0.744 0.836
J-o-ztfr 2D True F99 59050.02473943991 0.22669622461964017 7.193100969812061 0.08917467926457796 0.5513732917577663 0.25267112234865585 -0.13293242150757134 0.06144268952393566 0.787 0.736 0.849 0.908
J-o-ztfr dehvils True F99 59050.15258238536 0.2202222526257379 7.253250824881466 0.07941239183089967 0.5477087302317266 0.25184486306510756 -0.08846761588614283 0.053417276735003884 0.836 0.774 0.775 0.863
J-ztfg 1D3 True F99 59050.02523064922 0.24439570901078497 7.284605956651578 0.032002902812646686 0.5816501407994166 0.41165001277423635 -0.08141101381327977 0.0292499931118871 0.368 0.366 0.987 0.987
J-ztfg 2D True F99 59050.13127393719 0.28024100898225757 7.284184017798297 0.032156682919764285 0.5542412629159991 0.4127021367727602 -0.08825852526030871 0.03477953024534166 0.184 0.184 1.0 1.0
J-ztfg dehvils True F99 59050.30192294729 0.2669083346308385 7.287563925916208 0.03223493650350998 0.4953323321800005 0.4090161946649874 -0.06708179332836622 0.03010476221526641 0.196 0.194 0.999 0.999
J-ztfg-ztfr 1D3 True F99 59050.07062376912 0.18855719669645757 7.273450822674329 0.028123754774554338 0.4561889322962135 0.24047178374255676 -0.061744838877695336 0.022834089092161176 0.383 0.276 1.0 1.0
J-ztfg-ztfr 2D True F99 59050.171306145196 0.20514208642997234 7.274884263185369 0.028619203690912046 0.4433450407474333 0.2404645206313819 -0.06064741275167775 0.024172869906187645 0.252 0.199 1.0 1.0
J-ztfg-ztfr dehvils True F99 59050.24272596995 0.2045204217763656 7.279320040334548 0.028388144953314712 0.4284679328763131 0.2393763951134176 -0.054014096781089684 0.023222318596805527 0.223 0.184 1.0 1.0
J-ztfr 1D3 True F99 59050.0311855114 0.22503762031369415 7.188981356111533 0.0781793368280991 0.3844045014378609 0.29442888279256263 -0.11369460559719019 0.051391747928843025 0.339 0.337 0.998 0.998
J-ztfr 2D True F99 59050.11827239896 0.2573726967358922 7.1722929564476665 0.0893071970143869 0.3842749608562627 0.2942510064220433 -0.12708734763725288 0.06101434472923639 0.209 0.208 1.0 1.0
J-ztfr dehvils True F99 59050.26876716425 0.24816397702819257 7.222336240355014 0.08002092550670709 0.37608101865310417 0.29336748741045904 -0.08924785000446697 0.05292102237722879 0.225 0.223 1.0 1.0
o  True F99 59049.78516934239 0.48429931777725155 7.941394887377209 2.007019357661724 0.7125757845907948 0.8034521423247738 0.34467860252710164 1.3691910358513273 1.209 1.191 0.231 0.247
o-ztfg  True F99 59049.958578166064 0.2939327734043338 7.287928597883257 0.031223564129521143 0.7566858852043625 0.3140480565867268 -0.10312774227552542 0.03142034022445345 0.797 0.786 0.794 0.809
o-ztfg-ztfr  True F19 59050.07166741407 0.22761296818089943 7.351318843131515 0.030661748588420232 0.5549596012285334 0.22846563224404928 -0.0507940007199999 0.026773310709092238 1.164 0.803 0.193 0.847
o-ztfg-ztfr  True F99 59050.06442535772 0.213081323895796 7.282417756480264 0.02976446313710112 0.5516569711511906 0.2150143964192947 -0.06901517229994113 0.025863406160503404 0.688 0.635 0.959 0.983
o-ztfr  True F99 59049.9489463511 0.27330002947977555 6.633573631613103 0.4355744842976548 0.6346491089735465 0.2650767093552894 -0.5567628445178447 0.33251728813384884 0.759 0.747 0.865 0.878
ztfg  True F99 59050.21841905436 0.47186550184979437 7.256956108133872 0.08885862431632574 0.6620893845190065 0.6437337718012566 -0.3737944878165218 1.2580193545495435 0.097 0.096 1.0 1.0
ztfg-ztfr  True F19 59050.147754123944 0.2622301454449535 7.354985002185565 0.031496257108775814 0.4319036190187071 0.2556148923130849 -0.022308363442203286 0.03066476835058208 0.841 0.484 0.705 0.99
ztfg-ztfr  True F99 59050.14707117414 0.24442161837169513 7.286084910384542 0.030538472078541 0.42834299242058427 0.24004055100131083 -0.04131825255473218 0.029600059655289945 0.128 0.127 1.0 1.0
ztfr  True F99 59050.10108681509 0.3667974152779189 6.672199950871689 3.688806475647028 0.4251925575992874 0.41677224763852605 -0.5163922609191648 2.8912338962420536 0.169 0.167 1.0 1.0