bps_used variant success reddening_law t0 e_t0 x0_mag e_x0_mag x1 e_x1 c e_c rchi2_data rchi2_data_model fitprob_data fitprob_data_model
c  True F99 58905.41194151065 9.072552146368036 7.803456396214789 3.3235745949939406 -0.009226837907176577 18.85462799416072 0.00909855943522839 7.2730123130114155 -1 -1 -1 -1
c-o  True F19 58902.72137987534 0.9469905626666284 7.926550424762187 0.12530252769353264 0.21722935843159397 1.0290340623566665 -0.09225570999575558 0.11299852434191682 0.639 0.608 0.781 0.808
c-o  True F99 58902.725410330524 0.9153430304846991 7.838441851682994 0.12202672361206438 0.21694461460671174 1.01207019547204 -0.11539523456729073 0.11000476375160599 0.422 0.422 0.937 0.937
c-o-ztfg  True F19 58902.2316333927 0.6339545513359941 8.06508996214566 0.043927368304048045 0.06373878364599365 0.802502296160494 0.02056110772891557 0.057056446685671815 0.9 0.803 0.569 0.684
c-o-ztfg  True F99 58902.24368463461 0.616043381459195 7.976223716517692 0.043123313535631126 0.05579906981053703 0.7871677072015479 -0.0033988671498163463 0.055731807936158714 0.411 0.405 0.981 0.982
c-o-ztfg-ztfr  True F19 58902.33778525186 0.5343709150881274 7.97908938594505 0.0423813837812875 0.09052084721878281 0.638644323669258 0.02722487713971109 0.044278140090295924 0.355 0.338 0.998 0.998
c-o-ztfg-ztfr  True F99 58902.34732421235 0.518964547615899 7.98019948452786 0.04165595464265514 0.08646929266566195 0.6251375845648629 0.024042253433322586 0.04333726576570512 0.355 0.346 0.998 0.998
c-o-ztfr  True F19 58902.64496999202 0.6548255828496151 7.930811440210999 0.12323793680937695 0.1274040297995338 0.7243051287311996 -0.06252723789195397 0.10362736311539167 0.603 0.552 0.884 0.92
c-o-ztfr  True F99 58902.6472182455 0.6338408030156034 7.842587103325983 0.12005310129955828 0.12695447568857615 0.708401922543794 -0.08621916336290794 0.10088374432886117 0.333 0.328 0.994 0.994
c-ztfg  True F99 58901.7783711707 1.3436385856137072 8.01759367652106 0.057687411413415435 0.8573598401548606 1.412969337578724 0.1795274632160226 0.18991356225832823 0.334 0.33 0.856 0.858
c-ztfg-ztfr  True F19 58901.922178989626 0.9126651536367024 8.08160790542705 0.04439761208241027 0.6095541682998228 0.9097568261924949 0.07475144218679279 0.053300301510332125 1.162 0.992 0.312 0.448
c-ztfg-ztfr  True F99 58901.92534736711 0.8949508580877161 7.992628524632702 0.04361053853598788 0.6121058109263884 0.8935696166887316 0.04968551392522571 0.052002701438610986 0.27 0.266 0.988 0.988
c-ztfr  True F99 58902.37675098069 1.2012065267913212 7.8933929330947965 0.1383287044155593 0.627235449403793 1.0977468303378377 -0.03838604881027173 0.12244025610145981 0.308 0.307 0.873 0.874
J 1D3 False F99 58899.38338641661 1.0 -1.1442248213774073 1.0 993.356025059593 1.0 -4.365674852496273 1.0 None None None None
J-c 1D3 True F99 58903.41162014418 0.20761029124642078 8.16455418096704 0.13069957615282193 1.0131499159958945 1.9581899533392415 0.4278159349431089 0.049708668107831075 57.157 49.66 0.0 0.0
J-c-o 1D3 True F99 58903.0921487428 0.2210616605664018 8.469697637999806 0.1115117239448581 -0.27909991439551574 0.8407248513852438 0.4699824998574091 0.05766478347930571 9.456 5.127 0.0 0.0
J-c-o 2D True F99 58902.589435167865 0.5365351285632669 7.817370868673215 0.09267104455621684 0.266726615785645 0.9975918997568728 -0.1416987243446535 0.062117303610330375 0.373 0.371 0.978 0.979
J-c-o-ztfg 1D3 True F99 58903.21905833924 0.21455873673843304 8.108218123539256 0.04543164484961983 -0.547335053340916 0.639733273327914 0.31844167996967 0.03302421723850781 24.798 6.221 0.0 0.0
J-c-o-ztfg-ztfr 1D3 True F99 58903.050933100116 0.22406298537641656 8.12245859431442 0.04464798807600249 -0.5270822654802224 0.5283396297820739 0.2669454079678515 0.033719209208640855 18.697 4.11 0.0 0.0
J-c-o-ztfg-ztfr 2D True F19 58902.23350262432 0.4925468004930051 7.955576793815672 0.03941177996472852 0.2732829361191498 0.6502046545963248 -0.025991780411910553 0.03384713306860999 0.575 0.459 0.955 0.99
J-c-o-ztfg-ztfr 2D True F99 58902.23829389988 0.4910267386991944 8.046370084982946 0.039478010497355186 0.26610331720137986 0.6494985497506314 -0.00290004743246515 0.03393510513396572 0.913 0.761 0.588 0.796
J-c-o-ztfg-ztfr 2D True O94 58902.23830978246 0.4909665577335758 8.046362980124243 0.03947334970481923 0.2661304278682073 0.649463317806901 -0.002911335343099906 0.033927921730020606 0.945 0.79 0.54 0.76
J-c-o-ztfr 1D3 True F99 58903.24441606331 0.19697991061954473 8.610707234625714 0.09303004799690369 -0.24385108976060826 0.6251750300394446 0.5604351936069729 0.05419687915184652 8.768 4.754 0.0 0.0
J-c-ztfg 1D3 True F99 58903.27982852337 0.19208996511938908 8.062274486677623 0.04916758212890282 0.16029512431170198 1.0531738203125094 0.39496545921102333 0.030503672556137628 9.059 8.001 0.0 0.0
J-c-ztfg-ztfr 1D3 True F99 58903.18744969372 0.21454357733394083 8.125316490235189 0.045610647594950135 -0.5628309610260369 0.6388020884331262 0.33629319173002425 0.03382588910967393 30.542 7.892 0.0 0.0
J-c-ztfr 1D3 True F99 58903.27266653473 0.2034948655747549 8.50734709021132 0.09523855971008044 -0.10403625085211757 0.8265608978242461 0.5363694024983049 0.05196942820434503 15.795 10.429 0.0 0.0
J-o 1D3 True F99 58903.22182158539 0.19177703945672459 9.085231884382663 0.15732116418154343 -0.52312643017187 1.023655510637934 0.7742383793606678 0.07151622774834167 5.839 4.869 0.0 0.0
J-o-ztfg 1D3 True F99 58903.173436555546 0.21619045239762424 8.112667522263376 0.04840950413277468 -0.8331398223744197 0.6790797316582216 0.3220508364265458 0.0337119236746993 28.105 6.745 0.0 0.0
J-o-ztfg-ztfr 1D3 True F99 58903.15231966815 0.21837670649062768 8.15441936660315 0.04882956380250669 -0.7429462780734001 0.5399043005359343 0.30109290651373505 0.03647674924903914 30.821 5.715 0.0 0.0
J-o-ztfr 1D3 True F99 58903.06188351709 0.20281108261967898 8.735009554291366 0.10199202199753922 -0.3400217829174773 0.6885979942493311 0.5986235075382829 0.05581866650836386 3.09 2.596 0.0 0.0
J-o-ztfr 2D True F99 58902.516195415854 0.4701283368073286 7.686069216197248 0.13407505258744418 -0.14718335002885297 0.7409854306735658 -0.19685233970874125 0.0894163685523307 0.247 0.244 0.999 0.999
J-ztfg 1D3 True F99 58903.24094382017 0.18654593997602542 8.044138514336943 0.05426310329796155 -0.006144275786318933 1.318579857269165 0.39286762327466807 0.03034887866850619 12.389 10.94 0.0 0.0
J-ztfg-ztfr 1D3 True F99 58903.036558276755 0.2261586618439042 8.110303776288422 0.04724250779258061 -0.6971207477994303 0.6887779669001101 0.3043353498204611 0.03328650277139685 23.5 6.563 0.0 0.0
J-ztfg-ztfr 2D True F99 58902.21311151591 0.5501984175551367 7.969350054526208 0.0426749607382836 0.4135551597632994 0.848107337524258 -0.026510180607631925 0.03564321731379273 0.777 0.62 0.663 0.813
J-ztfr 1D3 True F99 58903.27469717318 0.19423027840245474 8.743352562419865 0.11275062278367778 -0.2139120881217083 0.9499318218429087 0.6479535519759179 0.05636716664298097 12.066 10.468 0.0 0.0
o  True F99 58902.58263326122 0.961537985863869 9.907456981379585 5.5585414951091705 -1.112183987321163 1.6809684445297182 1.3264693137450674 3.6273096859293537 0.316 0.315 0.961 0.961
o-ztfg  True F99 58902.283818604315 0.5862582457962923 7.980133617721976 0.04580929920053009 -0.33263272946052014 0.837155370982425 -0.003351239487924457 0.05626191865555252 0.262 0.261 0.997 0.997
o-ztfg-ztfr  True F19 58902.38249241044 0.5206381315589349 8.074963552764128 0.044832149730518266 -0.14022419502134523 0.6592906646921406 0.054067263788382225 0.04486266563636836 0.731 0.626 0.798 0.897
o-ztfg-ztfr  True F99 58902.3896953339 0.5057301154894729 7.986256577267371 0.04403826845410214 -0.13963911428513168 0.645016208101209 0.02970712297025339 0.04390877868711884 0.276 0.269 0.999 1.0
o-ztfr  True F99 58902.372125768496 0.708129949226189 7.13000009891668 0.9479010379786572 -0.03318030971399116 0.7910786753798515 -0.6338005770378504 0.7516299155422955 0.232 0.231 0.999 0.999
ztfg  True F99 58902.70029842542 2.2044143210827842 8.422362347230841 2.014170621906044 0.4878965366830914 1.1547858777824984 -2.2482497201235843 4.435012465499424 0.324 0.32 0.724 0.727
ztfg-ztfr  True F19 58902.12570986882 0.8217849625048826 8.083853444378182 0.046708727730358134 0.23283851830776378 0.9151511990414594 0.07826377309834004 0.053487071454405864 1.156 0.943 0.322 0.48
ztfg-ztfr  True F99 58902.127126967156 0.806007336046642 7.995104381402225 0.04588329942592482 0.23854169726571012 0.8983693511059302 0.05335734771123632 0.05224804982336005 0.155 0.153 0.996 0.996
ztfr  True F99 58901.55293630234 2.1595166227884857 4.152448209285273 6.294240658955314 0.6882766342364097 1.484661080701233 -3.1772380064326695 5.579625770699701 0.074 0.073 0.929 0.93