bps_used variant success reddening_law t0 e_t0 x0_mag e_x0_mag x1 e_x1 c e_c rchi2_data rchi2_data_model fitprob_data fitprob_data_model
c  True F99 59061.40428674128 1.6939053934981403 7.7495547737971275 0.9715198433924764 16.590559527665167 21.820668104472205 -1.3531751249926938 0.6294249672347954 -1 -1 -1 -1
c-o  True F99 59061.52419463704 0.345905488165088 7.6731644691687215 0.07581771778517445 6.7985193288039385 0.604028992861398 0.3767364789165978 0.05462198709819329 6.629 5.12 0.0 0.0
c-o-ztfg  True F99 59059.7408445067 0.3038498620994045 7.706573593102309 0.05518637267118869 7.606542374884547 0.587447358863977 0.38920768296821406 0.03922000086819343 9.51 7.576 0.0 0.0
c-o-ztfg-ztfr  True F99 59084.415561136295 0.756684192246253 8.250612342703004 0.13767339110814494 11.052511989097937 1.204873607943656 0.5649972366071783 0.08826428308957693 8.055 7.005 0.0 0.0
c-o-ztfr  True F99 59073.4003273078 0.6443755768216223 8.237999847649482 0.12927507661692686 10.12859196107635 0.7077759625383396 0.6551097680862854 0.10100045833298787 4.41 3.647 0.0 0.0
c-ztfg  True F99 59088.232468437345 0.17134460121744005 5.116074525546175 0.2252048617291417 -4.049009220538137 0.2739453717247614 -1.4212611863596072 0.6909046006114024 1.674 1.554 0.137 0.169
c-ztfg-ztfr  True F99 59118.39131938247 0.5060692377843069 8.839802475427195 0.09910456773217793 10.713793369292482 1.3492385955450918 0.7474421041284618 0.05989135860416622 2.625 2.537 0.0 0.0
c-ztfr  True F99 59118.225837471546 0.5777371393215076 7.418855683396235 1.2236182770710982 11.780457341915783 2.285751440411682 -0.4600870664484305 1.0866794526939714 1.772 1.638 0.026 0.047
J 1D3 False F99 59055.99619723695 -1.0 6.253275876614442 -1.0 0.013417083964238248 -1.0 -6.825461634748721e-05 13.402052637606936 None None None None
J-c 1D3 True F99 59055.830007478755 0.27991780061281835 7.867688329596785 0.08915751195307174 8.465319737519216 2.048688453421294 0.5046480831768194 0.04356515626514775 20.183 17.694 0.0 0.0
J-c-o 1D3 True F99 59061.53738595513 0.3538419473408772 7.578360033124673 0.06275465284209669 6.6973068566086695 0.6190822310870929 0.28584756943053813 0.03680949262025519 10.536 5.206 0.0 0.0
J-c-o 2D True F99 59061.53765115443 0.3541636065387947 7.574888799207253 0.06354493920397261 6.692550022416147 0.6197480432543799 0.2825321757918884 0.03807274141266136 8.506 5.265 0.0 0.0
J-c-o-ztfg 1D3 True F99 59056.52955866643 0.2499145357800033 7.771716093321842 0.047207008466355185 7.384876342854517 0.6435456308100157 0.4789476274682727 0.030849972028070955 15.519 11.576 0.0 0.0
J-c-o-ztfg-ztfr 1D3 False F99 59084.43156405687 0.7536859460146783 8.253020718872774 0.13782559840766678 11.097903194920445 1.2135900222064433 0.5651095547507041 0.08817419249769677 None None None None
J-c-o-ztfg-ztfr 2D False F99 59084.43158371561 0.753685377600446 8.253025241635632 0.1378261903160235 11.09793363346219 1.2135995926479293 0.5651121338159242 0.08817429620082985 None None None None
J-c-o-ztfr 1D3 True F99 59058.60715880018 0.0011694451185305182 7.702499783510091 0.08464829029516141 14.712073821715032 1.119444224839749 0.3889160452056763 0.0523309960926482 25.765 6.441 0.0 0.0
J-c-ztfg 1D3 True F99 59055.94376660115 0.2166398269871329 7.732877135298662 0.06373379171490619 6.561416840928047 1.134466628521153 0.46038071868817515 0.03655465169809886 12.745 12.164 0.0 0.0
J-c-ztfg-ztfr 1D3 False F99 59118.3964591372 0.5070726887435585 8.841930495685013 0.0992853640919628 10.758394388222513 1.3573438534786828 0.7472773894005658 0.059880564831917456 None None None None
J-c-ztfr 1D3 True F99 59118.15656784349 0.5948006489128832 6.869135736014203 1.1980892201236484 12.092831650184742 2.333666885587323 -0.9437646983878752 1.082194960304308 1.297 1.172 0.188 0.282
J-o 1D3 True F99 59062.27249415017 0.4172323721693428 7.356801644345239 0.09366971305586962 7.055610361932231 0.6818432065054176 0.1382973677885008 0.05879876797782995 6.478 4.759 0.0 0.0
J-o-ztfg 1D3 True F99 59056.81019337623 0.21218133974841402 7.633897535821442 0.05089885365346452 5.783466239894728 0.49129470099369604 0.4121565373002445 0.03331219722185374 14.876 12.366 0.0 0.0
J-o-ztfg-ztfr 1D3 True F99 59072.42927545944 0.7690858091830564 6.738684843558637 0.1182686854348641 9.503096159497936 0.7398008137265615 -0.46567794894299824 0.08490753017014017 3.543 3.119 0.0 0.0
J-o-ztfr 1D3 True F99 59072.08408374316 1.1415994365382027 6.58353982341751 0.9088160543460192 9.628956342273932 0.7728575416375775 -0.5900496789982739 0.717077070088911 4.233 3.686 0.0 0.0
J-o-ztfr 2D True F99 59072.08408375608 1.141599418383728 6.58353982341751 0.9088160496635685 9.628956342273932 0.7728575407256603 -0.5900496789982739 0.7170770664563219 4.233 3.686 0.0 0.0
J-ztfg 1D3 True F99 59073.111398101886 18.46375241197917 5.49311645103136 1.5211580668397224 -1.8363807746944587 7.875208057189796 0.08523468506009294 1.8075155473350473 0.035 0.035 0.852 0.852
J-ztfg-ztfr 1D3 False F99 59118.39646872786 0.5070718247580183 8.841935510802069 0.0992856404170421 10.758444173162921 1.3573510304023697 0.747279255352142 0.059880702746775205 None None None None
J-ztfg-ztfr 2D False F99 59118.3964581829 0.5070723715521482 8.841933851790888 0.0992855594150828 10.758421528689876 1.3573481579863043 0.7472792268875167 0.05988067776125201 None None None None
J-ztfr 1D3 True F99 59118.22584307757 0.5777376577035742 7.418826700689111 1.2236290802170755 11.78053641001698 2.2857830942101676 -0.4601148703569714 1.0866907431095048 1.772 1.638 0.026 0.047
o  True F99 59062.645633714914 0.4906625540569665 5.46273198310902 0.7277111062441092 9.955041165448426 1.432621149514763 -1.4474576193085418 0.6382240837582037 5.588 3.741 0.0 0.0
o-ztfg  True F99 59059.72117860733 0.3237682445344762 7.614637340369198 0.06191683779916545 7.685823368043187 0.6134085406303018 0.3319579921429005 0.04215516189695554 10.167 7.886 0.0 0.0
o-ztfg-ztfr  True F99 59077.81931109904 1.1794266688352695 6.899903299534893 0.12532077614416173 7.842184348596002 0.7773728506922147 -0.34428495206209925 0.08902374257865074 5.824 5.553 0.0 0.0
o-ztfr  True F99 59085.48469132758 0.5004382194959498 7.965619970314572 0.4263887250263819 11.151775021853883 1.3988462868452836 0.35327795065811274 0.32206808961476424 5.709 4.343 0.0 0.0
ztfg  True F99 59072.754377010686 12.602561595159438 6.175729284045851 6.053433406841569 -1.7287827642418119 4.9737654687338955 2.0278077361017726 12.89493665388296 -1 -1 -1 -1
ztfg-ztfr  True F99 59118.39131093561 0.5060703053015346 8.839799857073931 0.09910431319621722 10.713763241206875 1.3492309240727987 0.7474402868390811 0.05989134155851951 2.625 2.537 0.0 0.0
ztfr  True F99 59118.225848046895 0.5777357447316375 7.418836856979089 1.2236180716294933 11.780508048192164 2.28576683373588 -0.4601050032513276 1.0866803965081997 1.772 1.638 0.026 0.047