bps_used variant success reddening_law t0 e_t0 x0_mag e_x0_mag x1 e_x1 c e_c rchi2_data rchi2_data_model fitprob_data fitprob_data_model
c  True F99 58992.119288454036 2.3182356119904015 7.045828897749239 1.462228270557042 1.3531025230477902 2.7906619596819056 -0.5273699736570125 2.4309159862715517 0.0 0.0 1.0 1.0
c-o  True F19 58990.80225239025 0.33878586448786135 7.8257839916683904 0.07752851939719892 1.0961052148479975 0.4248332599537131 0.4932497834647154 0.05856496792040934 2.121 1.709 0.001 0.015
c-o  True F99 58990.802262173864 0.33879104458270914 7.825973604108883 0.07753082128633548 1.0963035401226957 0.4248624314725434 0.4912950353805582 0.05856926804082923 2.121 1.709 0.001 0.015
c-o-ztfg  True F19 58990.76618159137 0.2964583812015049 7.990699114865338 0.05332304212011181 1.0650510818420518 0.36903039790233294 0.5818619919897166 0.04188210352244769 2.199 1.72 0.0 0.008
c-o-ztfg  True F99 58990.75159174527 0.2750572608294907 7.934229690911716 0.05113123100875535 1.0556693835487607 0.3410638952121093 0.5696799310742487 0.0395342858725728 1.933 1.865 0.001 0.002
c-o-ztfg-ztfr  True F19 58990.80817094281 0.27310480999471887 7.947085716448906 0.052222067781857444 1.0728599627315 0.3309702823800292 0.6052328725072369 0.039655243555723065 2.072 1.535 0.0 0.021
c-o-ztfg-ztfr  True F99 58990.8233943855 0.2515695644182005 7.948017707152611 0.05000995208980679 1.0957469701572944 0.3049292741962315 0.6047602627055706 0.03750649305717251 2.079 1.834 0.0 0.002
c-o-ztfr  True F19 58990.85391609826 0.30630044298887305 7.89959286990997 0.07561058647914667 1.107812554879437 0.37115831196179333 0.545105201991898 0.05582782264725048 2.366 1.783 0.0 0.005
c-o-ztfr  True F99 58990.86127795142 0.27890871811256884 7.849171414198535 0.07111046706882183 1.1280696694432173 0.3379257540178024 0.5360420791179015 0.05195828158587817 2.208 1.993 0.0 0.001
c-ztfg  True F99 58991.11961593208 0.4515684488448684 8.066185869433367 0.10685638188096912 0.8009809556481131 0.5964221823047747 0.795286032067089 0.12864199204513682 0.75 0.74 0.629 0.638
c-ztfg-ztfr  True F19 58991.08980366851 0.4234554734051011 8.095079431946578 0.06834267659709334 0.8676009826252765 0.5220307283760715 0.763192724283262 0.060682154404686606 1.006 0.814 0.442 0.646
c-ztfg-ztfr  True F99 58991.10732163192 0.4007049432585758 8.033737511937776 0.06518350856001219 0.8642844211890374 0.4957694767535025 0.7439895663070079 0.05716622513280612 0.566 0.552 0.883 0.893
c-ztfr  True F99 58991.31570029679 0.5587096034522545 7.974502516818513 0.10250467404849345 0.7764335439661736 0.6765588761093307 0.7005164409390336 0.08685044353721964 0.392 0.381 0.908 0.914
J 1D3 False F99 58990.58040996318 1.0 12.655293443664036 1.0 334401.069386033 1.0 -1.0337767714756545 1.0 None None None None
J 2D False F99 58990.699096581826 1.0 14.186754614536579 1.0 525539.2914735819 1.0 -0.6812863975099944 1.0 None None None None
J dehvils True F99 58987.218924524845 0.6201472052320379 -10.008665039026457 4.739639236794968 -19.296184842006596 2.3123215878100334 -5.503680594422651 1.683441336150945 24.368 3.394 0.0 0.017
J-c 1D3 True F99 58989.224276064975 0.11214682916201146 7.851534678019565 0.06524512975457726 -1.2346028057601175 0.9185037537513265 0.5824848154795723 0.03407690377414985 6.764 6.6 0.0 0.0
J-c 2D True F99 58989.29212198613 0.11664676810583094 7.8387796721052325 0.06508782661177538 -1.2455771207235746 0.9130916871015182 0.5702856897654109 0.03431475888691032 6.357 6.22 0.0 0.0
J-c dehvils True F99 58988.143946660966 0.12849115954124393 7.803646675908798 0.06194311733707045 -2.8086524595493314 0.9657355443074417 0.5557945518721595 0.03331667920162867 26.407 21.567 0.0 0.0
J-c-o 1D3 True F19 58990.2755001285 0.27833318962108716 7.974485289447198 0.059311705773815 0.7449265047398218 0.3822613997205165 0.5859936487372284 0.037618342665110244 10.672 2.604 0.0 0.0
J-c-o 1D3 True F99 58990.27571342365 0.27840839490403974 7.974453794425036 0.05932707371067998 0.7451173274221191 0.38234046216158424 0.5859751628093766 0.037632048046616635 10.54 2.594 0.0 0.0
J-c-o 2D True F19 58990.29458468065 0.2772162175495694 7.894472713241296 0.059596994533868686 0.7712330391357651 0.38435549373884376 0.5533535680831037 0.03826305626891445 7.193 2.446 0.0 0.0
J-c-o 2D True F99 58990.29358535317 0.2770508423035485 7.954892657454222 0.059651987334457375 0.7693317205959981 0.3841095141490088 0.5690730613151934 0.038294453493509614 7.643 2.542 0.0 0.0
J-c-o dehvils True F19 58990.26177475363 0.2668978718749061 7.839329142535453 0.05718015044205542 0.7914886898572147 0.3867145110572662 0.505251487746001 0.036194433947959466 32.777 2.734 0.0 0.0
J-c-o dehvils True F99 58990.2606147335 0.26676255992069026 7.899864960639734 0.05723085238748102 0.7893721508223401 0.3864586418155355 0.5210965909713832 0.0362219211708211 34.833 2.832 0.0 0.0
J-c-o-ztfg 1D3 True F99 58989.46047432794 0.10475540489449148 7.953701986838297 0.04201999303754091 0.26963585237172205 0.2831590064635551 0.5942601312938794 0.02706637416666307 4.027 3.335 0.0 0.0
J-c-o-ztfg 2D True F99 58989.53086198488 0.10586647030107094 7.945619258603302 0.04194733710971426 0.30717478582291136 0.2837810628939819 0.5862839853608717 0.02712928691681875 3.435 3.183 0.0 0.0
J-c-o-ztfg dehvils True F99 58988.64524191117 0.09979163611979208 7.935838651540471 0.041919360113110385 -0.15623596803157658 0.290356201347227 0.5764640944627147 0.027020954895625275 9.281 7.988 0.0 0.0
J-c-o-ztfg-ztfr 1D3 True F99 58989.52098111096 0.09876315074583102 7.935176104956215 0.04031381994330385 0.280583202595143 0.2511939851996446 0.6023085461674315 0.02626942629904303 3.683 3.367 0.0 0.0
J-c-o-ztfg-ztfr 2D True F19 58990.513268652605 0.23836827722469517 7.929734956394537 0.0440065812624736 0.8563717762465248 0.31328098615537786 0.5924941180034331 0.029738226562773657 6.226 2.144 0.0 0.0
J-c-o-ztfg-ztfr 2D True F99 58990.51220365299 0.23836143503310372 7.989468734774602 0.0440419297180518 0.8549944971105219 0.313178594860309 0.607752880458744 0.029761993489412247 6.355 2.258 0.0 0.0
J-c-o-ztfr 1D3 True F99 58989.49252200661 0.10172983671061055 7.893504766582703 0.05056934421432315 0.23151960984293615 0.27068159689334115 0.5789442984946928 0.03183038929418841 4.277 3.68 0.0 0.0
J-c-o-ztfr 2D True F99 58989.56260743332 0.10297600160402176 7.880803500229703 0.050538865849816594 0.2693434394519924 0.2715646722040313 0.5685444113330123 0.03193795087328853 3.897 3.521 0.0 0.0
J-c-o-ztfr dehvils True F99 58988.70401695812 0.09754685488584498 7.8733028665453375 0.050307257451645215 -0.10525766155638921 0.2761244156543375 0.5614807358803436 0.03168516823855974 9.817 8.506 0.0 0.0
J-c-ztfg 1D3 True F99 58989.309111509894 0.10901771109586042 7.93402813219067 0.04779875098174064 -0.0832825450428975 0.5274695543068325 0.6091093798572981 0.02973578656749472 4.949 4.584 0.0 0.0
J-c-ztfg 2D True F99 58989.38168136796 0.11230975039746825 7.92575625096051 0.04777195759710877 -0.0677879606915541 0.5264895946910533 0.5985878074698692 0.029958283010283644 4.595 4.349 0.0 0.0
J-c-ztfg dehvils True F99 58988.30746505028 0.12019439370829955 7.906382838180483 0.045941150459653635 -0.8412660712461411 0.5236693367040282 0.5857564762846591 0.029329332396996054 17.662 15.011 0.0 0.0
J-c-ztfg-ztfr 1D3 True F99 58989.374950698635 0.10091495799365868 7.924928005084093 0.0427270088209832 -0.005569314500510243 0.38518251521857616 0.6320784375239583 0.027595383972364496 10.213 4.009 0.0 0.0
J-c-ztfg-ztfr 2D True F99 58989.44801596219 0.10390284828407735 7.917283951924934 0.04271154525999116 0.019946244033438393 0.3863249569303876 0.6233283669226103 0.02771992384613909 7.126 3.849 0.0 0.0
J-c-ztfg-ztfr dehvils True F99 58988.468149851426 0.09946416123885264 7.911382270944129 0.04195492916830057 -0.381030042139891 0.3797374363279633 0.619803538364178 0.027298411200534903 29.329 11.939 0.0 0.0
J-c-ztfr 1D3 True F99 58989.334816090304 0.10326507838121568 7.864221300937083 0.05271807757521367 -0.25541433597328006 0.47564457364288065 0.6026858693679227 0.031932001174013014 9.266 4.966 0.0 0.0
J-c-ztfr 2D True F99 58989.407868518814 0.10624606042852612 7.85258231552638 0.05274942729568666 -0.23375260872177173 0.47752977401252644 0.5916961893203558 0.03213091670541873 7.018 4.741 0.0 0.0
J-c-ztfr dehvils True F99 58988.39856256884 0.11464234172044488 7.851145268636131 0.05136970378516579 -0.6068144943839411 0.4733012672097635 0.5903043987535881 0.03149357623617918 31.062 15.918 0.0 0.0
J-o 1D3 True F99 58989.36796369836 0.1069106529608085 8.086592393455946 0.09816138304869966 0.3603036897073699 0.3399695318319545 0.6536848004276133 0.05113564104864162 3.769 3.701 0.0 0.0
J-o 2D True F99 58989.438523745834 0.11050069447190389 8.056807872533454 0.09860570033825371 0.4048135670056336 0.34076640984888185 0.6351365871144626 0.05158421025406392 3.624 3.554 0.0 0.0
J-o dehvils True F99 58988.50293273514 0.10113172566555884 8.037747560511004 0.09915387022114851 -0.15985307783565092 0.3513674662261859 0.6215296177678311 0.05171353018157288 10.778 9.54 0.0 0.0
J-o-ztfg 1D3 True F99 58989.40819614958 0.10725249311553166 8.019876397741376 0.05478436781324083 0.43631495206302773 0.30506582041767594 0.6199706977723836 0.031071263089050907 3.674 3.275 0.0 0.0
J-o-ztfg 2D True F99 58989.47893319118 0.11028719088628287 8.010432113162517 0.054549949710280383 0.4759781630043889 0.3062746458618862 0.611481024822327 0.031056042399702395 3.259 3.13 0.0 0.0
J-o-ztfg dehvils True F99 58988.56196790851 0.10056778078535378 7.9907779874305485 0.054722374999431736 -0.054196587692428175 0.3103122492403564 0.5976120669103013 0.03098986538545276 9.46 8.257 0.0 0.0
J-o-ztfg-ztfr 1D3 True F99 58989.4691169246 0.10231295145053962 7.9613424584340144 0.050169831063777405 0.3982358058502824 0.26490130247918986 0.6120139387334818 0.029633927940244935 3.729 3.422 0.0 0.0
J-o-ztfg-ztfr 2D True F99 58989.53838931504 0.10283787712232369 7.9525360874391104 0.049983802767360176 0.4342706958319899 0.2656205881054917 0.6041814392943367 0.029621521295883815 3.608 3.291 0.0 0.0
J-o-ztfg-ztfr dehvils True F99 58988.66393978937 0.09594948231373257 7.930573575117656 0.050079742124608785 0.006910162542940891 0.26565874671333317 0.5904881056218165 0.02944272665103889 9.427 7.94 0.0 0.0
J-o-ztfr 1D3 True F99 58989.4375463348 0.105653563935734 7.882166150112978 0.08384624315279474 0.3526916510952955 0.28506444642808726 0.5700383567823617 0.04698733585324752 4.718 3.788 0.0 0.0
J-o-ztfr 2D True F99 58989.50828045453 0.1076690657986235 7.8562521983038165 0.08431718070067325 0.3922688765542448 0.28599778883064747 0.5527913535534028 0.04745867305850467 4.205 3.626 0.0 0.0
J-o-ztfr dehvils True F99 58988.6247681814 0.1005266642114225 7.815915713344774 0.08542383786035872 -0.047059429129201746 0.2868855875330778 0.5297025205078456 0.04776370301997819 11.282 8.993 0.0 0.0
J-ztfg 1D3 True F99 58989.26567475416 0.11812359382321799 8.01719360094545 0.07198667180062242 0.6656616854674756 0.709977912100393 0.6278038512070263 0.0329132140054899 5.176 5.141 0.0 0.0
J-ztfg 2D True F99 58989.33866898014 0.12287510241105556 8.014180797216635 0.07215900349510058 0.7056493982674257 0.7154672339158163 0.6183771737747372 0.033123934977244494 4.906 4.851 0.0 0.0
J-ztfg dehvils True F99 58988.17340131108 0.12089615283754693 7.937085070729763 0.06602305690762637 -0.841635297689483 0.6217783255288979 0.5910535268271264 0.03148394534019037 22.62 19.603 0.0 0.0
J-ztfg-ztfr 1D3 True F99 58989.31101192747 0.10574786269533537 7.924143925027973 0.05467801111650381 0.2349605611200441 0.4335850493333247 0.6287066987956095 0.02959680080309814 11.871 4.312 0.0 0.0
J-ztfg-ztfr 2D True F99 58989.3837831747 0.10869942006604036 7.918343949051232 0.05458091538127334 0.27105207685903965 0.43623532264290094 0.6206149594816769 0.02967655284373291 8.16 4.163 0.0 0.0
J-ztfg-ztfr dehvils True F99 58988.336030380524 0.11041891882587695 7.879611138405441 0.05377857155762504 -0.4140502163933095 0.4125325454826037 0.60791833506485 0.028966882186147503 35.971 13.866 0.0 0.0
J-ztfr 1D3 True F99 58989.23568270459 0.11186920560560788 7.6583867282203055 0.09898715209125108 -0.14848269590760793 0.5402874151010522 0.508344232564281 0.048264597038916286 5.307 5.252 0.0 0.0
J-ztfr 2D True F99 58989.30627617669 0.1164732776081105 7.639984081300854 0.09906720039666465 -0.11259690342160734 0.5442794399900294 0.4938878356137008 0.04860071101889262 5.021 4.959 0.0 0.0
J-ztfr dehvils True F99 58988.20503642871 0.11409433264240583 7.5092680434113 0.10003363710181767 -1.1358044577411341 0.4853288917499185 0.4454927497052562 0.04828409943459802 23.101 20.002 0.0 0.0
o  True F99 58990.72656220994 0.36103259716085323 10.337098480649676 1.3090280677594268 0.8238800096118793 0.3860214086776982 1.9859421299747733 0.7396602845892543 2.049 1.993 0.005 0.006
o-ztfg  True F99 58990.63899386121 0.3102573462596816 8.016903354361466 0.0670609665794821 1.1800462931211433 0.37390271629413113 0.6092947500188115 0.04601438968892299 1.926 1.886 0.003 0.004
o-ztfg-ztfr  True F19 58990.76396794313 0.2995404323179698 8.05616450643836 0.06582373121535026 1.1533480276581372 0.35804432076594345 0.6444837990877721 0.04545987806583308 2.379 1.806 0.0 0.003
o-ztfg-ztfr  True F99 58990.781565529105 0.27423117606785397 7.996106704621553 0.06400386632554855 1.160905568926802 0.3274958471520159 0.6295246508153048 0.04384770190500554 2.285 2.037 0.0 0.0
o-ztfr  True F99 58990.631809164544 0.32522146902505167 6.857815896104775 0.4689221865818841 1.3096805452709357 0.406872547712478 -0.12382248811927517 0.3194030871887046 2.152 2.086 0.001 0.001
ztfg  True F99 58990.48696097825 1.148715176211058 8.561271242454094 1.9724838269108613 0.9515810511140386 1.3172433175512872 1.6965648718699815 3.519272898494991 1.329 1.322 0.265 0.267
ztfg-ztfr  True F19 58990.93164811644 0.5420887909149532 8.130992325580753 0.08021094821365476 1.1029494468133054 0.6369376903935766 0.7784157830025129 0.06326093424400642 0.992 0.816 0.44 0.588
ztfg-ztfr  True F99 58990.95272670919 0.5140779043570972 8.069137465234501 0.07759257625953482 1.0787113304529554 0.602634560017193 0.7596712772458005 0.06009859709458996 0.627 0.618 0.756 0.764
ztfr  True F99 58991.2125893788 1.2226976654383654 7.660931193446363 7.627349316957998 1.1124897865676604 2.040132201993163 0.4738399384531714 5.402007092769697 0.888 0.86 0.411 0.423