bps_used variant success reddening_law t0 e_t0 x0_mag e_x0_mag x1 e_x1 c e_c rchi2_data rchi2_data_model fitprob_data fitprob_data_model
c  False F99 58869.621612951836 0.07666736337293176 8.13100841641426 7.678662023357616 0.0 -1.0 0.0 9.312414207544029 None None None None
c-o  True F19 58820.40413060959 0.6424681112131307 6.918818257562291 1.645211534622657 -0.9146671176660035 0.7456734950662858 0.9849664623398473 0.9595362183712941 6.505 1.242 0.0 0.275
c-o  True F99 58820.341752128545 0.36153047629642143 6.845280493375268 0.9946770750588019 -0.9128609231635485 0.4578301897839288 0.9766515168148752 0.5798293280705248 0.667 0.645 0.701 0.719
c-o-ztfg  True F19 58820.2680083674 0.44405495466007183 6.252902162214773 0.1195742928232976 -0.7019735144865814 0.3315304913781986 0.5908629111034716 0.07176192726553049 4.792 1.107 0.0 0.351
c-o-ztfg  True F99 58820.15502867516 0.25293794913288176 6.144280135618018 0.09014833947495389 -0.6346094962148431 0.18706496267606862 0.5619459504260311 0.05585147738690666 0.553 0.53 0.867 0.884
c-o-ztfg-ztfr  True F19 58820.264884522665 0.448814939333559 6.142144197273939 0.111794284491034 -0.636802885695144 0.27940625209800063 0.5715140097077746 0.06800497324817145 0.736 0.37 0.759 0.989
c-o-ztfg-ztfr  True F99 58820.15787014721 0.25292012327012164 6.1344376730932275 0.0864632531515546 -0.5946574845253298 0.1691379477557016 0.563154395860771 0.054359863766606814 0.723 0.552 0.773 0.92
c-o-ztfr  True F19 58820.10169574614 0.49832209201851985 5.9840560181486895 0.40401771047946544 -0.5225258031514315 0.30040176139475033 0.42949243958325856 0.25228969361608433 4.588 1.122 0.0 0.337
c-o-ztfr  True F99 58820.022865647705 0.2897897915769923 5.852569158730528 0.3033123537713851 -0.46651440872923694 0.20316955774106676 0.38658090692576574 0.19097047542388226 0.625 0.578 0.823 0.861
c-ztfg  True F99 58818.32861595147 5.28180950262752 5.199664869433871 1.945997525505471 2.526629666664693 15.272916579472938 -4.3757080395294405 2.8801320413522893 -1 -1 -1 -1
c-ztfg-ztfr  True F19 58822.07206249958 1.9385716675804265 6.419600634109519 0.2307830835771266 -0.9661138515512686 0.49743217585980226 0.7039986099076208 0.12235195869911732 2.111 1.066 0.061 0.377
c-ztfg-ztfr  True F99 58822.259544927016 1.5643801921934322 6.323592762634337 0.18427394180011777 -0.9763139354244479 0.3997745677742398 0.6801382791912205 0.09671404014248597 0.086 0.083 0.995 0.995
c-ztfr  True F99 58821.902847800055 3.797898545308471 8.38113599750168 6.588679978548541 -1.0691278838224947 0.6173536551708747 2.041338256906304 4.292252335187869 0.025 0.025 0.874 0.874
J 1D3 True F99 58819.92476004189 0.8820105679224054 4.493407810930016 93.94255888555914 7.956114714032937 191.7708131049906 0.02594520361061653 31.76650931587281 -1 -1 -1 -1
J-c 1D3 True F99 58819.92475517822 0.8834275710882125 4.493396892226772 94.2311113449081 7.956147201729953 192.35995243065534 0.0259416363870546 31.864078042414704 -1 -1 -1 -1
J-c-o 1D3 True F99 58819.90432070164 0.16632602736756819 6.182167219354734 0.09297832776474498 -0.522825016919295 0.16957027533037045 0.5846459011250824 0.048615060512111466 0.862 0.744 0.559 0.669
J-c-o-ztfg 1D3 True F99 58819.925858545444 0.16429410334826547 6.158756468828944 0.06549489093702114 -0.5339727252523664 0.16496988749598868 0.5727070444820488 0.03525185553267308 0.944 0.612 0.506 0.846
J-c-o-ztfg-ztfr 1D3 True F19 58820.16010866603 0.404725851782172 6.120883437655193 0.08573116464145504 -0.6141719149518392 0.2754362393984545 0.5580180179999474 0.04919186005799632 0.895 0.326 0.589 0.997
J-c-o-ztfg-ztfr 1D3 True F99 58820.17052107114 0.4036379356461477 6.2398407197942 0.08585576223590777 -0.616190740525806 0.27529111783797794 0.5883234120636476 0.04924813775792738 3.585 0.814 0.0 0.693
J-c-o-ztfr 1D3 True F99 58819.9102404229 0.16655326482269178 6.128916799339974 0.08056353924295492 -0.47869299558581957 0.1505775400513562 0.5617290771275184 0.044539511747964264 1.381 0.69 0.153 0.787
J-c-ztfg 1D3 True F99 58819.78065161563 0.22174043210542704 5.984284551345334 0.27138307012710117 -1.169660246368586 1.0255097171885648 0.5201761561169764 0.09627075262587415 0.617 0.547 0.604 0.65
J-c-ztfg-ztfr 1D3 True F99 58819.79024114593 0.20581944946708167 6.13017900912327 0.08770365939411243 -0.46408180162646473 0.31144083799201544 0.5762188607353828 0.04088056580397961 0.887 0.494 0.526 0.861
J-c-ztfr 1D3 True F99 58819.783948567005 0.21164176933231935 6.107116015238148 0.10743973882500849 -0.3801965084505321 0.3204506434734528 0.5640187417432027 0.05063116066597926 0.57 0.549 0.685 0.7
J-o 1D3 True F99 58819.90249608565 0.16653557999093974 6.182312176731273 0.09296915923024938 -0.5230767136396368 0.1695944581739943 0.5845972602144791 0.04862755957272518 0.864 0.746 0.557 0.667
J-o-ztfg 1D3 True F99 58819.925861268086 0.1642940379054869 6.158756992940083 0.06549493412389426 -0.5339720954112133 0.16497001582018325 0.5727068819127986 0.035251872364465114 0.944 0.612 0.506 0.846
J-o-ztfg-ztfr 1D3 True F99 58819.92303247897 0.1635165333035471 6.139759496558943 0.06105343489836555 -0.5014749261479269 0.14882906163934492 0.5677327724833043 0.034142432736907945 0.924 0.606 0.549 0.898
J-o-ztfr 1D3 True F99 58819.912028076964 0.16634906724418538 6.128747378153385 0.08056723777749034 -0.47825393658687726 0.1505506064998024 0.5617729344056177 0.04452656602612983 1.38 0.689 0.153 0.788
J-ztfg 1D3 True F99 58819.78065437675 0.2217407030607248 5.984279779790277 0.27138214173020464 -1.1696775931806438 1.0255031250859428 0.5201743512737292 0.0962704238213066 0.617 0.547 0.604 0.65
J-ztfg-ztfr 1D3 True F99 58819.79200562195 0.2054838926904854 6.130862580168406 0.08771088418207286 -0.46356012801605717 0.31142023320708245 0.5766503588287495 0.040868639782736284 0.906 0.496 0.511 0.86
J-ztfr 1D3 True F99 58819.783945633375 0.21164201768931143 6.107118715412419 0.10743981949434622 -0.38018958768835753 0.32045116298728527 0.564019627378196 0.050631142127956594 0.57 0.549 0.685 0.7
o  True F99 58820.34176108798 0.3615279516950976 6.845308377733145 0.9946819373584411 -0.9128721458421717 0.45783057027527035 0.9766675760283249 0.5798314577902661 0.667 0.645 0.701 0.719
o-ztfg  True F99 58820.155024491476 0.2529386230329059 6.144282067797095 0.09014842803505606 -0.6346051040248665 0.18706505436446969 0.5619469474315522 0.05585152799036501 0.553 0.53 0.867 0.884
o-ztfg-ztfr  True F19 58820.26571282628 0.4481202056991689 6.257114377336979 0.11171812958455453 -0.6377162325077164 0.27909602174134956 0.5991678438454184 0.06794441243272926 3.391 1.038 0.0 0.412
o-ztfg-ztfr  True F99 58820.1578721368 0.25291982835495835 6.134438103423241 0.08646327239103797 -0.5946586389233334 0.16913788270630895 0.56315476054596 0.05435987482724548 0.723 0.552 0.773 0.92
o-ztfr  True F99 58820.0228677986 0.28978925861726496 5.852567449306056 0.30331161187712435 -0.46651642363047546 0.20316928308100018 0.3865801668473027 0.1909700179819465 0.625 0.578 0.823 0.861
ztfg  True F99 58819.761979231596 5.14867878153497 5.469852027682085 4.971343476447971 -1.6043258736313768 3.258361367808287 -0.19496238426501827 9.439699930985153 -1 -1 -1 -1
ztfg-ztfr  True F19 58822.07210346689 1.9385845816739753 6.419605573120926 0.23078538845339658 -0.9661165495539689 0.49743095119585146 0.7040002184433765 0.12235270183676895 2.111 1.066 0.061 0.377
ztfg-ztfr  True F99 58822.259564483495 1.5643994278281983 6.3235961328091115 0.18427585053599208 -0.9763111833552622 0.3997744452453813 0.6801393874236514 0.09671460869345694 0.086 0.083 0.995 0.995
ztfr  True F99 58821.90281405928 3.7987158918142274 8.381226715380347 6.590598729932458 -1.069126251027893 0.6173905431666732 2.0413968187717186 4.293495312974157 0.025 0.025 0.874 0.874