bps_used variant success reddening_law t0 e_t0 x0_mag e_x0_mag x1 e_x1 c e_c rchi2_data rchi2_data_model fitprob_data fitprob_data_model
c  True F99 58661.2148986086 3.958698656915922 16.341804745100802 32.05867625725214 -4.679470043617991 1.7372629393165184 7.953184384206499 27.22005503995062 0.233 0.233 0.629 0.629
c-o  True F99 58658.74978362318 1.0658602776375097 8.357375668247 0.1921309511450122 -2.2574185489835754 0.9066111728600184 0.1305075419110883 0.15339353249815485 0.347 0.346 0.994 0.994
c-o-ztfg  True F99 58658.84734824645 0.47315820611861487 8.154521906410352 0.05028661938883614 -1.4512159727613536 0.5609205427497976 -0.05696688713350585 0.06266869914490363 0.405 0.4 0.997 0.997
c-o-ztfg-ztfr  True F99 58658.486481757085 0.4195800028271938 8.14335968188881 0.04864663859704649 -1.666613909837913 0.5149725366382274 -0.09190628248887975 0.047180016333823016 0.455 0.448 0.998 0.998
c-o-ztfr  True F99 58657.92660226049 0.6328191885350949 8.283933900623342 0.1840099612924386 -2.6221778380875715 0.7044659165359385 0.05620465053988359 0.14734234174601582 0.361 0.357 0.999 0.999
c-ztfg  True F99 58659.15176994416 0.5663906642253098 8.150817512845027 0.04976482932517516 -1.1587030551736084 0.6688586511926837 -0.41402311484391563 0.25605240772471866 0.246 0.244 0.992 0.992
c-ztfg-ztfr  True F99 58658.46743585376 0.48242929815665175 8.144312525312674 0.05020996721196946 -1.4965825684810894 0.6125403515193848 -0.11822758030289429 0.052934912128315 0.469 0.464 0.978 0.98
c-ztfr  True F99 58657.61168499322 0.9872091792403095 8.193436247711226 0.18732297593519 -2.8781054058873803 1.2768744250348578 -0.01964673078856706 0.1572491438633187 0.286 0.283 0.985 0.985
J 1D3 True F99 58659.45001785299 8.094207219207904 7.94962766893198 33.64201737289594 -24.567988777419963 27.144278602402576 0.2479749954979164 11.5897327994373 -1 -1 -1 -1
J-c 1D3 True F99 58657.43385562759 1.1765092760315887 8.154081530627398 0.15335206072249488 -3.974253251518103 2.3480347692244457 -0.00417164143732238 0.059308175789074394 1.037 0.952 0.375 0.414
J-c-o 1D3 True F99 58657.88901716142 0.7081852429548358 8.159752852198995 0.10178667862343956 -2.5209759736319652 0.8772083210904644 -0.041012077975427386 0.05972798173063288 0.549 0.465 0.942 0.976
J-c-o-ztfg 1D3 True F99 58658.54222184735 0.4368671115974647 8.145144071382681 0.047058742556962734 -1.517995223640078 0.5529962828760162 -0.07293308390888653 0.03493498518132921 0.548 0.527 0.977 0.983
J-c-o-ztfg-ztfr 1D3 True F99 58658.42972842025 0.3980990356611915 8.143231444683058 0.04463275875828929 -1.6795053702388907 0.5132467894220699 -0.09014142688483076 0.03517686465346076 0.553 0.46 0.989 0.998
J-c-o-ztfr 1D3 True F99 58657.7487364347 0.5307395426478332 8.181184590084051 0.08477909886868801 -2.6280317312830235 0.702220798665295 -0.02982258478970356 0.057832790068991724 0.437 0.384 0.996 0.999
J-c-ztfg 1D3 True F99 58658.49498206263 0.5160642235520101 8.163094740016984 0.05140944070472646 -1.2153668710804129 0.6903019782998044 -0.07887757547143798 0.038955094026361076 0.734 0.71 0.731 0.755
J-c-ztfg-ztfr 1D3 True F99 58658.41312033025 0.4572040470181175 8.153883074784888 0.04699409532641757 -1.4962531669568166 0.6154026374603991 -0.0969351009449522 0.03722815472326338 0.697 0.497 0.854 0.978
J-c-ztfr 1D3 True F99 58657.65378432753 0.7357694014534765 8.185789902881162 0.09179472901899423 -2.916804848804495 1.2251941539916904 -0.027207604870007816 0.06035088661861792 0.454 0.327 0.949 0.988
J-o 1D3 True F99 58658.40662328998 0.8892200273481384 7.99667940257895 0.18536366473397536 -2.1620443248431123 0.9691334683628892 -0.13546189468837816 0.10727144338330058 0.666 0.453 0.821 0.963
J-o-ztfg 1D3 True F99 58658.65622736953 0.44221009762718605 8.125160076588894 0.05021302265974433 -1.4744713033441168 0.5629367021398393 -0.08064601466365628 0.03510237228290895 0.538 0.507 0.967 0.978
J-o-ztfg-ztfr 1D3 True F99 58658.51191708465 0.4081311591853468 8.129951843964088 0.04702376267548724 -1.6327237505866146 0.5230992501459767 -0.0982774138492247 0.0358507513162926 0.565 0.455 0.981 0.997
J-o-ztfr 1D3 True F99 58657.79624635206 0.5699910845007543 8.164377577239982 0.10883398280996903 -2.536446903860288 0.7357645419220946 -0.04231073978236253 0.07320313524433605 0.48 0.408 0.987 0.996
J-ztfg 1D3 True F99 58658.58776127732 0.5321776031086025 8.14574070328609 0.05603045762197355 -1.1459629097732804 0.7172280161604498 -0.08359811389420867 0.039126007164633 0.825 0.794 0.58 0.608
J-ztfg-ztfr 1D3 True F99 58658.493835325775 0.4711423236382201 8.142354797545712 0.050081633296898104 -1.4324684821033413 0.6343656914128669 -0.10455625530073451 0.03827230254213195 0.768 0.502 0.741 0.959
J-ztfr 1D3 True F99 58657.34219129965 0.8394775495394431 8.228980028295526 0.11820808540007693 -2.6307631949830528 1.406349309275657 0.007820472197769643 0.07180223174254663 0.51 0.487 0.868 0.885
o  True F99 58658.88451964968 1.1039955311388105 11.944054096037155 3.4249487008276853 -2.4343848924745948 0.9726888982365283 2.482502206491401 2.0767804548956494 0.297 0.296 0.99 0.99
o-ztfg  True F99 58659.01608110128 0.47108657241610524 8.134207682475884 0.052713899970113845 -1.4161096881713569 0.5707367221344541 -0.05186733980063213 0.06095069193843748 0.314 0.313 0.999 0.999
o-ztfg-ztfr  True F99 58658.57865264744 0.4262610268560909 8.12988623078714 0.0507403763031628 -1.6196980895130408 0.5251100214696183 -0.09998634709213775 0.04734653390791514 0.445 0.439 0.997 0.997
o-ztfr  True F99 58658.043061126824 0.6302095392836362 8.988320296065968 0.5810395814194572 -2.6323951864341155 0.7205121100141074 0.5938701340022264 0.43773998786426666 0.325 0.323 0.999 0.999
ztfg  True F99 58661.05085887842 1.2831821254770028 10.14779322245468 1.158763265749928 0.313859172982611 1.2950103897057907 -4.0246616637734425 0.9584958105635484 0.096 0.096 0.993 0.993
ztfg-ztfr  True F99 58658.55823748895 0.4911733313885179 8.133589575301688 0.052911489603493324 -1.4383175682408174 0.6314463372798615 -0.12361147352591025 0.052968185126003334 0.465 0.461 0.958 0.96
ztfr  True F99 58657.78501099805 1.0343190052829874 11.534201453013047 4.74899183678378 -3.300853858055623 1.7640431187096668 2.551019959515137 3.4909821224895268 0.243 0.239 0.962 0.964