bps_used variant success reddening_law calibration DM e_DM st e_st Tmax e_Tmax dm15 e_dm15 EBVhost e_EBVhost rchi2_data rchi2_data_model fitprob_data fitprob_data_model
c-o  True O94 0 37.60348453987981 0.8148925607484352 1.1387771223348377 0.844530771154862 59462.66528309038 8.326914507732003 None None 0.5155909503563055 0.4462723738681906 4.479 4.47 0.0 0.0
c-o  True F19 6 37.87575750136843 0.6835419349149776 1.268581630074465 0.4595407997451215 59467.45199551139 7.337250681132585 None None 0.6206744057573341 0.5352198396208433 5.23 5.216 0.0 0.0
c-o-ztfg  True F19 6 36.64521314451353 0.14271205659906047 0.5141592359249435 0.04164523376050528 59454.93537600834 0.4110927022744695 None None 0.34123211501340406 0.07266893367093455 0.416 0.41 0.994 0.994
c-o-ztfg-ztfr  True O94 0 36.39863591790704 0.12005434319228814 0.5041239129651277 0.042763988244245245 59454.73313821661 0.4298658096069598 None None 0.19766869549770705 0.09449447814078409 0.423 0.418 0.997 0.998
c-o-ztfg-ztfr  True F19 6 36.56185039227344 0.13491910908098237 0.5082307912901975 0.03920525351154284 59454.98633568422 0.40379663158267065 None None 0.37657163326170406 0.06973393542666674 0.393 0.387 0.999 0.999
c-o-ztfr  True F19 6 36.765349163466155 0.12474014903826791 0.46984852235202834 0.042291306420534955 59454.37995971815 0.5025973115544243 None None 0.11215182642565506 0.10920073880257264 0.304 0.3 0.998 0.999
c-ztfg-ztfr  True F19 6 36.52753302201678 0.14532141214399352 0.5156655594571736 0.04805079993643257 59455.43469906549 0.41230710892505185 None None 0.3970049471164647 0.07285758462786236 0.363 0.359 0.981 0.982
J-c-o 1D3 True O94 0 36.80179837408097 0.13725017810809378 0.4682267657170351 0.054288576070571394 59453.928500126334 0.773718350163182 None None -0.18560975563406348 0.1864948744111585 0.43 0.422 0.976 0.978
J-c-o 1D3 True F19 6 36.65219265996395 0.11070917541792698 0.4493336824103415 0.04456515238384161 59454.21125045582 0.5627347173319541 None None 0.1755318080925368 0.0898040173010877 0.367 0.363 0.987 0.988
J-c-o 2D True F19 6 36.721146620994766 0.11075755627492483 0.4476333140985282 0.04489231767279417 59454.077042914505 0.5603988553436942 None None 0.11256439044202765 0.09448481966081551 0.308 0.304 0.995 0.995
J-c-o-ztfg 1D3 True F19 6 36.667557997208284 0.12588034126467745 0.5032510624567025 0.03754524220720184 59455.08592014595 0.4080046879491398 None None 0.31243442338732236 0.06780221051713688 0.417 0.409 0.996 0.997
J-c-o-ztfg 2D True F19 6 36.671048815114 0.12880283525844732 0.5171661135542439 0.03853098602297748 59454.993322028444 0.40545353000642265 None None 0.3248926314210811 0.06876424543498871 0.39 0.384 0.998 0.998
J-c-o-ztfg-ztfr 1D3 True O94 0 36.55502679811908 0.12202463531375496 0.5533586428640425 0.04559330671016324 59454.85929605597 0.4842753516576862 None None 0.2139648846273337 0.11052752510144734 0.849 0.822 0.714 0.754
J-c-o-ztfg-ztfr 1D3 True O94 1 36.53425666591009 0.12571594793655078 0.5491043048496762 0.04679190237146319 59454.8185764826 0.4841430203560643 None None 0.19310220880274978 0.11030078857833313 0.86 0.833 0.697 0.738
J-c-o-ztfg-ztfr 1D3 True O94 2 36.48273808777428 0.111006810062065 0.5096602613568965 0.042269139400928975 59454.77776789868 0.43997864297596057 None None 0.14666486380075078 0.10066253750716693 0.543 0.532 0.982 0.985
J-c-o-ztfg-ztfr 1D3 True O94 3 36.54030538937834 0.1264409044797037 0.5566475199891232 0.04640262216331115 59454.89471388488 0.4833919007889902 None None 0.21373189682657895 0.10588976409010252 0.858 0.83 0.7 0.742
J-c-o-ztfg-ztfr 1D3 True O94 4 36.53948868508571 0.12625049174810418 0.5506499578682778 0.046596828631454604 59454.83528697891 0.4833308422707161 None None 0.20075628895393535 0.10752115373011957 0.852 0.825 0.71 0.75
J-c-o-ztfg-ztfr 1D3 True O94 5 36.40490967201627 0.11507668141214006 0.5032613345556098 0.04399384868594085 59454.66047576648 0.45123209242856216 None None 0.14655826007137615 0.10349385560085689 0.637 0.624 0.941 0.949
J-c-o-ztfg-ztfr 1D3 True F19 6 36.62821483693943 0.12354746581209354 0.5023936985821565 0.036975641899497626 59455.078230518775 0.4031743221467292 None None 0.32376402494370515 0.06738298756026244 0.428 0.418 0.998 0.998
J-c-o-ztfg-ztfr 1D3 True O94 6 36.60996534104323 0.126619016221149 0.5002685689445799 0.03833674666569563 59455.090746775866 0.41838048924861193 None None 0.33614268592505314 0.0695875584606082 0.399 0.39 0.999 0.999
J-c-o-ztfg-ztfr 1D3 True O94 7 36.687630423426874 0.12807894613875084 0.5310683828889252 0.04189183900381736 59455.09021676375 0.45926124487515096 None None 0.32707768360890943 0.07620245953560748 0.673 0.655 0.923 0.936
J-c-o-ztfg-ztfr 1D3 True O94 8 36.81688965273266 0.12952903053552411 0.5096881070536698 0.03715346532307856 59455.1071175256 0.41863635788396664 None None 0.37949667728305797 0.07087526410917844 0.404 0.394 0.999 0.999
J-c-o-ztfg-ztfr 1D3 True O94 9 36.70695397321526 0.12747066136325422 0.5341668722387914 0.04158696462619601 59455.10579823035 0.4597071054468589 None None 0.32949239956705134 0.07690913778028435 0.675 0.656 0.922 0.935
J-c-o-ztfg-ztfr 1D3 True O94 10 36.671726314054155 0.19693822369943093 None None 59456.08245576428 0.7370099751684412 1.115125564925141 0.1293291883352108 0.71584237887624 0.08358854800547887 1.59 1.553 0.01 0.014
J-c-o-ztfg-ztfr 1D3 True O94 11 36.663239147272726 0.19569053972719155 None None 59456.04870604082 0.739880629753733 1.115022954441542 0.13040960109526056 0.7045675336145729 0.08338023186505528 1.614 1.576 0.008 0.012
J-c-o-ztfg-ztfr 1D3 True O94 12 36.68270194015573 0.19598379847813086 None None 59456.021693793205 0.7424952081221177 1.1153406699289385 0.13079225450632403 0.7066812618652996 0.0836072963477247 1.629 1.589 0.007 0.01
J-c-o-ztfg-ztfr 1D3 True O94 13 36.57215922124288 0.19232716678233014 None None 59455.93910837403 0.7512585353098596 1.1158578143212936 0.13283608676140216 0.6715307587903022 0.08347090413078558 1.66 1.619 0.005 0.008
J-c-o-ztfg-ztfr 1D3 True O94 14 36.641176098539766 0.19448535298269098 None None 59456.02297657858 0.7428000397114057 1.1150799803511995 0.13021764810490621 0.6979670299473854 0.08429402129993904 1.612 1.574 0.008 0.012
J-c-o-ztfg-ztfr 1D3 True O94 15 36.591072518825264 0.19088083437362635 None None 59455.869490703095 0.7561508877550545 1.115805508560335 0.13434778542308867 0.6561096151370474 0.08314305926723949 1.708 1.663 0.003 0.005
J-c-o-ztfg-ztfr 2D True F19 6 36.631323256388704 0.1254114732760573 0.5107224610888538 0.037684561087876406 59455.05521252197 0.40390434620988225 None None 0.3316825919494667 0.06824520137583293 0.427 0.419 0.998 0.998
J-c-o-ztfr 1D3 True F19 6 36.66574223435181 0.11034819521649566 0.465315468567476 0.04039619614258692 59454.54744543029 0.4876221666947149 None None 0.2006443348278083 0.08222029844129454 0.33 0.325 0.999 0.999
J-c-o-ztfr 2D True F19 6 36.72529388716579 0.11025248508197528 0.468497773628273 0.04052668078885987 59454.4521155925 0.48143997776021563 None None 0.1488825926018976 0.08653664773691565 0.287 0.283 1.0 1.0
J-c-ztfg-ztfr 1D3 True F19 6 36.64199941643393 0.12854615849772144 0.49689052908316983 0.04521846819214383 59455.42252492927 0.4383883567264564 None None 0.3101161476170589 0.0724641233394469 0.561 0.545 0.915 0.925
J-c-ztfg-ztfr 2D True F19 6 36.64647219346681 0.13203406795285977 0.5178895375639389 0.048621900456512955 59455.40748851855 0.4402861609682053 None None 0.3245098188487679 0.07511609082961189 0.554 0.543 0.919 0.926
J-o-ztfg-ztfr 1D3 True F19 6 36.562614253892185 0.1308010361541651 0.5013028710312941 0.03576232517185925 59454.85621328919 0.3935020583652012 None None 0.387300608727391 0.06603817668227091 0.334 0.324 1.0 1.0
J-o-ztfg-ztfr 2D True F19 6 36.57006060396211 0.13202782083662382 0.5103553292594158 0.036688421930186406 59454.889657073414 0.3967292709939401 None None 0.3905796620485497 0.06702105116226849 0.336 0.329 1.0 1.0
J-o-ztfr 1D3 True O94 0 36.89682606383556 0.13610298774519602 0.4617253985240173 0.04364662499550084 59454.27061906943 0.5476604191955734 None None -0.2948896770050175 0.15488382187043384 0.279 0.275 0.999 0.999
J-ztfg-ztfr 1D3 True O94 0 36.6286019480996 0.1254067813244865 0.5530543941697532 0.049896924837374595 59455.016677972686 0.4805440739820789 None None 0.1596563672890446 0.12283819450734472 0.734 0.692 0.731 0.773
J-ztfg-ztfr 1D3 True F19 6 36.578068097118354 0.1391030910025368 0.5019934204700714 0.04407627624060575 59454.99345488994 0.43091692716188706 None None 0.3859612330325324 0.07154578726613471 0.45 0.431 0.951 0.959
J-ztfg-ztfr 2D True F19 6 36.581514691191025 0.1425883320270684 0.523111265109873 0.047774813743994435 59454.996839041654 0.4348980974617234 None None 0.400011177408299 0.0741881846278079 0.454 0.441 0.949 0.955
o-ztfg-ztfr  True F19 6 36.49059665489478 0.13977880301452245 0.4997526482391424 0.03645023540230052 59454.93582531871 0.3896515553054391 None None 0.42868778552765746 0.0671568522152254 0.259 0.255 1.0 1.0
ztfg-ztfr  True O94 0 36.48614731646681 0.11238163102695414 0.5090315000025161 0.044389067931856326 59455.052671561396 0.3943506284400911 None None 0.1540596770513105 0.09478701110894051 0.23 0.225 0.993 0.994
ztfg-ztfr  True F19 6 36.477051900053276 0.15247326066443595 0.509044724123104 0.0443900172251445 59455.053209643855 0.3943518410652115 None None 0.45540160806092905 0.0690081392842641 0.23 0.225 0.993 0.994