bps_used variant success reddening_law t0 e_t0 x0_mag e_x0_mag x1 e_x1 c e_c rchi2_data rchi2_data_model fitprob_data fitprob_data_model
c  True F99 59453.74717759155 0.7610188913858197 7.907317293610398 1.696252913047336 1.4410227442856356 1.0619722604112438 0.5467477532770951 2.067664899068037 0.153 0.14 0.858 0.869
c-o  True F19 59453.52831667765 0.1772662087866236 6.5554584592471805 0.060110937523387045 0.869935574716187 0.2052691632963052 0.03457907955717317 0.04518748474361891 15.487 4.39 0.0 0.0
c-o  True F99 59453.55117012205 0.14000664857407427 7.389737065596979 0.053416354224494006 0.9329266516215475 0.1741671038294966 -0.0395033892134147 0.04092284922063958 0.987 0.928 0.485 0.577
c-o-ztfg  True F19 59453.56055259896 0.12931552657584897 6.586320039615777 0.031121780544397168 0.9685625106730256 0.15346015191790754 0.05316281407656737 0.026993922413022044 12.917 4.339 0.0 0.0
c-o-ztfg  True F99 59453.581230483105 0.10571264753843138 7.417296391564694 0.02937931207513205 1.0027980679508457 0.1339579404842625 -0.021652189479975464 0.025531891863374585 0.605 0.573 0.991 0.995
c-o-ztfg-ztfr  True F19 59453.54149214679 0.11329074110141861 6.307259913091908 0.028625127665762636 0.888331797764103 0.11710339957679626 -0.004685096331456034 0.023304569249128614 0.637 0.397 0.996 1.0
c-o-ztfg-ztfr  True F99 59453.54177051737 0.09107281391402038 6.308870462102702 0.02696736347688242 0.9001801583922961 0.10081272635657595 -0.0160319467619644 0.022079631385248714 0.62 0.562 0.998 1.0
c-o-ztfr  True F19 59453.52449710877 0.1382045151768784 6.5553655512372 0.05633193450530926 0.8177249517378782 0.133996723310268 0.045591623124531994 0.04213484991103564 12.097 3.557 0.0 0.0
c-o-ztfr  True F99 59453.51696186171 0.10825682008745921 7.38330515576032 0.04986410340455871 0.8416982027729658 0.11393354857455629 -0.032359109251428354 0.03774442277097996 0.804 0.722 0.858 0.945
c-ztfg  True F99 59453.63361453333 0.13737007895354636 7.445300964706538 0.045699314391401125 1.133743991755979 0.21066353043421118 0.0060577902120014845 0.07628809367608194 0.184 0.179 1.0 1.0
c-ztfg-ztfr  True F19 59453.532886982146 0.13071570790118534 6.593996968932078 0.030987088040521794 0.9089949377969567 0.13982056691250735 0.07918835949297467 0.02867605977603968 11.661 4.414 0.0 0.0
c-ztfg-ztfr  True F99 59453.53818218381 0.10674356575929124 7.4187400288265835 0.02933730244101606 0.8936122570066235 0.12220523479000764 0.0010231122514780876 0.027332086703733105 0.378 0.365 1.0 1.0
c-ztfr  True F99 59453.49663874591 0.13791144927112015 7.406538647354979 0.058119375652087135 0.7986094437316239 0.14630873486596147 -0.003140983780452424 0.0480900175007613 0.521 0.499 0.987 0.991
J 1D3 False F99 59450.56805795155 2.265513645507872 7.420547590648375 86.11214479493873 -16.938461518629307 57.52243981073951 0.08580389191605592 29.249783928139184 None None None None
J-c 1D3 True F99 59452.16333869535 0.23603276961488798 5.975382349593941 0.07987315261104283 -1.0154309600825677 0.3942610609707758 -0.16291198328045198 0.04085352761380972 7.074 6.472 0.0 0.0
J-c-o 1D3 True F99 59453.15497241478 0.12561951126325258 6.254635797821626 0.04411877970961727 0.6691017703064337 0.16605550201886438 -0.051324131290079684 0.029782919763251595 2.638 2.436 0.0 0.0
J-c-o-ztfg 1D3 True F99 59453.33498293525 0.09857876475095423 6.29616206987791 0.02701036572745372 0.8680805801579857 0.13032045098713843 -0.030780231984520397 0.020847110340642714 1.619 1.494 0.002 0.009
J-c-o-ztfg-ztfr 1D3 True F19 59453.51081455825 0.11194190407775034 6.29388715238742 0.027161613069219562 0.8873564606167192 0.11726543742613416 -0.018958013905858294 0.020950767279728527 1.358 0.465 0.015 1.0
J-c-o-ztfg-ztfr 1D3 True F99 59453.50745371041 0.11193318821619379 6.569834220527219 0.02723455190463997 0.8841421650158934 0.11718301806692658 0.04933933287633464 0.021014343717222602 10.995 3.442 0.0 0.0
J-c-o-ztfg-ztfr 1D3 True O94 59453.50738472771 0.1118103514436319 6.569813143800968 0.027209069493961915 0.8841086157238179 0.11706663833833045 0.04934001072142974 0.020978658177422893 12.07 3.727 0.0 0.0
J-c-o-ztfr 1D3 True F99 59453.26697015978 0.10056329280700549 6.267565878727636 0.04036123286705211 0.760303985835465 0.1124258837316051 -0.03930207294805191 0.028339638684065034 1.722 1.544 0.0 0.004
J-c-ztfg 1D3 True F99 59453.259552103234 0.12104865150171698 6.29576379711229 0.031828588730369235 0.8584894570746131 0.19037140327187901 -0.027761063869380112 0.027786803550520434 2.103 1.915 0.0 0.002
J-c-ztfg-ztfr 1D3 True F99 59453.30010193991 0.09851156578598909 6.29645804996514 0.026487705388379544 0.8270108301863035 0.12056494203603971 -0.015256245431907695 0.021323794826479888 1.392 1.241 0.024 0.099
J-c-ztfr 1D3 True F99 59453.140546019335 0.12203838645704307 6.262900123796854 0.042983649986518546 0.6866023548078952 0.14468984861184775 -0.0328327788343857 0.030454956975540695 2.154 1.907 0.0 0.001
J-o 1D3 True F99 59452.94578251263 0.15530612728968596 6.216694176555405 0.08736792290989391 0.7044114320655264 0.18257370363793993 -0.07887687694135283 0.05257134738264844 2.918 2.696 0.0 0.0
J-o-ztfg 1D3 True F99 59453.252576111794 0.11194358875426218 6.294693324335659 0.029053384557190233 0.8782536789685483 0.13715040841099585 -0.033712490537705586 0.02122544505139775 1.724 1.595 0.001 0.004
J-o-ztfg-ztfr 1D3 True F99 59453.30112701087 0.09790452782968795 6.292094356494305 0.027298224353963032 0.8523633179255439 0.10393873299725945 -0.025947786320400377 0.019855607100244164 1.361 1.223 0.017 0.084
J-o-ztfr 1D3 True F99 59453.13975799622 0.12371611572659352 6.200805064666369 0.07273428866325796 0.8045902854434943 0.11918516552959642 -0.08096382497585487 0.04764350299228427 1.829 1.638 0.0 0.002
J-ztfg 1D3 True F99 59453.078001950984 0.14358006671493706 6.299624383969905 0.03441386077689956 0.9719309560840784 0.21759111488480473 -0.0366349920025921 0.0284374768769006 2.308 2.108 0.0 0.001
J-ztfg-ztfr 1D3 True F99 59453.17915081036 0.11924176655626477 6.292009198459574 0.0286353747054953 0.87241634476113 0.13028948151455133 -0.01773043891315757 0.021671495144331185 1.486 1.302 0.012 0.067
J-ztfr 1D3 True F99 59452.67824983932 0.19557505565734806 6.162499268737743 0.07467451759213785 0.9027740377913618 0.17172635622048293 -0.10324923025575095 0.047831295813115744 2.0 1.854 0.001 0.004
o  True F99 59453.34853304578 0.21830683052612085 2.0955123925128563 3.991652643804923 2.0258165895600277 0.33176784485361277 -4.045017623909187 3.305291662298761 0.747 0.685 0.8 0.866
o-ztfg  True F99 59453.567941073874 0.12228296828006463 7.416584877129445 0.03142954128250585 0.9754496978000915 0.1396879225557485 -0.022382971092042278 0.025927442035798248 0.649 0.616 0.973 0.984
o-ztfg-ztfr  True F19 59453.545251597 0.12899963652090557 6.580506213656 0.03095136469013035 0.8638371621179586 0.12169243790950375 0.06156359169114717 0.024164953619162426 10.62 3.28 0.0 0.0
o-ztfg-ztfr  True F99 59453.54071436181 0.10494336260057689 7.408173208530457 0.029554455851154158 0.8814592109403158 0.10446677316892024 -0.016138144197901362 0.02309963989786421 0.648 0.585 0.993 0.999
o-ztfr  True F99 59453.47462190635 0.13872946428191568 6.987032094725439 0.29767627310887806 0.8816556887048942 0.1292841852127144 -0.31059924842039166 0.21186067781814513 0.784 0.732 0.87 0.925
ztfg  True F99 59453.34035779307 0.5974460820959419 7.7337860324762735 0.8700770411300767 0.7630073462707704 0.7663210473756827 0.8279557747643947 2.0688902785096244 0.175 0.172 1.0 1.0
ztfg-ztfr  True F19 59453.534524957104 0.15894692492852416 6.590804078036129 0.032839164802146284 0.8821345167368032 0.14938594275539505 0.07820885671588881 0.028976088599723344 10.373 3.721 0.0 0.0
ztfg-ztfr  True F99 59453.54132150211 0.13434095343229288 7.415716942813817 0.03138410464024935 0.8651197289708739 0.1305971227701043 -0.0001213820831563553 0.027695840547677826 0.39 0.377 1.0 1.0
ztfr  True F99 59453.595602434354 0.24133053358937923 8.896037355352739 2.2224202911593216 0.6002905393433213 0.25933928899189396 1.068026459008302 1.5666326946409588 0.542 0.522 0.969 0.976