bps_used variant success reddening_law t0 e_t0 x0_mag e_x0_mag x1 e_x1 c e_c rchi2_data rchi2_data_model fitprob_data fitprob_data_model
c  True F99 59320.52111730931 1.3903702563754479 10.179480568289545 2.3653717818006355 -1.367265186092451 1.288783079947041 1.6111725813122368 2.6074699567161104 0.13 0.128 0.943 0.944
c-o  True F19 59321.89802146483 0.7009867890658112 7.759916011096754 0.08686816051037445 -0.31433893354083303 0.6720381157067131 -0.3617764323088973 0.10306588477591691 0.715 0.662 0.823 0.874
c-o  True F99 59321.89071224295 0.6882256589976844 8.768750320346658 0.08446976503877195 -0.3201785268026274 0.6580937637857607 -0.38565643854487897 0.10119023516576829 0.475 0.474 0.979 0.98
c-o-ztfg  True F19 59321.891157738595 0.2419906359079829 7.9484227292549 0.04042760184665827 -0.02857932040868576 0.2757595543652672 -0.1925667514702641 0.05390061059349388 0.948 0.835 0.567 0.767
c-o-ztfg  True F99 59321.899040373835 0.23396616855503105 8.955575418119771 0.03969547684597022 -0.035415643531448514 0.2675826499644245 -0.21691093994207927 0.052984402332484866 0.624 0.598 0.973 0.982
c-o-ztfg-ztfr  True F19 59321.85260158615 0.20777923289297479 7.868553215929348 0.03879101094939429 -0.07667053876427503 0.24386595760249638 -0.10613775312747889 0.033995228216183865 0.622 0.559 0.993 0.999
c-o-ztfg-ztfr  True F99 59321.85541790692 0.19990209591660948 7.869029260823948 0.0380121084595832 -0.0813603617444693 0.23594380894738443 -0.10932990923047128 0.03328317273480627 0.622 0.584 0.993 0.997
c-o-ztfr  True F19 59321.73612894146 0.3501432064763226 7.841754082293733 0.07557918991442981 -0.3073574297138718 0.4028520077896962 -0.17309899675062654 0.06501190298375797 0.975 0.776 0.519 0.861
c-o-ztfr  True F99 59321.729343898536 0.3363894315160849 8.851599939691532 0.07291181268548277 -0.3088850228823008 0.38892028298990844 -0.1965561686258701 0.0628377710717052 0.636 0.591 0.973 0.987
c-ztfg  True F99 59321.96914596093 0.243263260029936 9.030109639340393 0.05201223319230069 0.034683219354065264 0.2882772095627999 0.093977119154807 0.11819147503477019 0.386 0.383 0.998 0.998
c-ztfg-ztfr  True F19 59321.92756253257 0.21121896409594101 7.985565909898346 0.04059125841575059 0.02598573553206614 0.255729240037451 -0.0326215619328884 0.036950230474530325 0.778 0.638 0.87 0.977
c-ztfg-ztfr  True F99 59321.93197293959 0.20317977950746513 8.992396247193609 0.03969541100097175 0.018206749027114756 0.24707140794387283 -0.058756421473769124 0.036086710435007635 0.356 0.348 1.0 1.0
c-ztfr  True F99 59321.89589311674 0.35824939037689457 8.906530298981256 0.07865791013242908 -0.07196169216617995 0.43284647224844824 -0.1277685754568485 0.06913369593364752 0.278 0.276 1.0 1.0
J 1D3 False F99 59320.145566554136 3.063555195299176 7.478162124411672 32.95556681359345 -26.0147479390535 116.14502506498708 -0.16214699670704819 14.323983487811239 None None None None
J-c 1D3 True F99 59320.264859352596 0.25249190632739976 7.86609801178927 0.06622944282973087 -1.3700862642236553 0.5609543517476181 -0.05047498122412346 0.04049138946464117 1.048 1.034 0.392 0.401
J-c-o 1D3 True F99 59320.20268926565 0.2520062927244119 7.893796577223336 0.06449665483843839 -1.4954431530573196 0.460095622486245 -0.07080043626201954 0.04195081513292572 0.999 0.867 0.462 0.65
J-c-o-ztfg 1D3 True F99 59321.167677581914 0.20170245033210418 7.892212966245123 0.0380004751361367 -0.2665624137113878 0.26072214516250186 -0.09632915635113906 0.031578912517410844 1.379 1.252 0.045 0.118
J-c-o-ztfg-ztfr 1D3 True F19 59321.646991995614 0.1981833977594307 7.875570228057743 0.03663626218203898 -0.14859674766714062 0.24054927528661416 -0.09175808541701064 0.028394384897626548 1.111 0.686 0.247 0.979
J-c-o-ztfg-ztfr 1D3 True F99 59321.64557076016 0.19823955838159804 7.969863052313881 0.03671193442014986 -0.14937075182906295 0.24066652675519273 -0.0679724308944703 0.02847029709403764 1.451 0.902 0.008 0.704
J-c-o-ztfg-ztfr 1D3 True O94 59321.645348090125 0.19821197317404593 7.96986438778943 0.036706156289400146 -0.1494754350231251 0.24064592921189815 -0.06795723228367952 0.028460658402340435 1.481 0.92 0.006 0.665
J-c-o-ztfr 1D3 True F99 59320.75034988777 0.2125392994052528 7.863676976512524 0.05768185170055892 -0.9507800778629572 0.32417978337635894 -0.07732799083342759 0.041016803985967236 0.944 0.884 0.584 0.699
J-c-ztfg 1D3 True F99 59321.15417715452 0.19495381803257555 7.891839637081916 0.0386641687929263 -0.20148017074927177 0.27260457196913135 -0.049079974124368916 0.03270752502712261 1.382 1.352 0.086 0.101
J-c-ztfg-ztfr 1D3 True F99 59321.31930936141 0.17433535591917645 7.884359275986883 0.035698188280514964 -0.2371739407091667 0.23384360603418697 -0.06023271785338553 0.02737585450698014 0.914 0.899 0.65 0.68
J-c-ztfr 1D3 True F99 59320.794903625916 0.21397087721892769 7.863606154540381 0.05752626886035415 -0.8449612314540658 0.35065325377622714 -0.059369542162656504 0.04041721550733715 0.815 0.803 0.752 0.768
J-o 1D3 True F99 59320.12720250249 0.26420283099372033 8.24975033730859 0.17129748245828033 -1.7254220696254414 0.8077863269480572 0.0882928605106158 0.07853284046363383 0.458 0.456 0.971 0.972
J-o-ztfg 1D3 True F99 59321.125275461935 0.22114443321049818 7.921874433416807 0.04490309947934865 -0.14584464687814647 0.29822048440324356 -0.0905856632201083 0.032469226182882976 1.552 1.377 0.016 0.061
J-o-ztfg-ztfr 1D3 True F99 59321.27388186793 0.18481786792819363 7.894358700584588 0.03972554501590148 -0.2557226275270866 0.24502234034124615 -0.07873979102693224 0.028094441923930152 1.089 1.03 0.294 0.411
J-o-ztfr 1D3 True F99 59320.6666922702 0.21896741385939034 7.904563738119519 0.08968003008730535 -0.9637274947319718 0.38007195507194613 -0.052696330287348735 0.05757729117222869 1.002 0.947 0.467 0.568
J-ztfg 1D3 True F99 59321.071698347165 0.21089788267326978 7.911208253368608 0.04665570906900402 -0.06596258611827624 0.31749098661097425 -0.046514284048893594 0.03332655049221815 1.709 1.679 0.025 0.029
J-ztfg-ztfr 1D3 True F99 59321.28522179554 0.18379716330919837 7.897531180753108 0.04030322072912839 -0.1816953283988556 0.2555319386700653 -0.05542212457480195 0.028345793656958867 1.002 0.985 0.468 0.499
J-ztfr 1D3 True F99 59320.70139049497 0.22177500732499728 7.872785872061314 0.09050878477601906 -0.8187143024282661 0.4281455919213651 -0.05609889319596695 0.056801458515774714 0.926 0.912 0.563 0.582
o  True F99 59322.37207910424 1.654179551450373 9.282667341310123 2.59716926693043 -1.8159744231024932 1.1884280574327406 0.020777526983580187 1.8291557003711794 0.414 0.412 0.966 0.966
o-ztfg  True F99 59322.102303331565 0.2716360367567089 8.996131998348503 0.0458212269422449 0.07549459916184406 0.30792194276354273 -0.24333804902935346 0.05753938765044278 0.466 0.464 0.997 0.997
o-ztfg-ztfr  True F19 59321.91385242934 0.22684886348139519 7.983771203391106 0.043889011526100516 -0.038099576523460396 0.2655080390308344 -0.07368387808554025 0.035598920664199535 0.997 0.793 0.481 0.872
o-ztfg-ztfr  True F99 59321.91730457696 0.21811214148250868 8.992044110875888 0.043151335001386994 -0.03711108669323826 0.257456506984177 -0.09837829566723702 0.034915899811261725 0.637 0.596 0.986 0.994
o-ztfr  True F99 59321.622290668616 0.36250092824066793 6.1072662576128565 1.273881046848979 -0.23067433461564563 0.4597725341327682 -2.424571437161851 1.0854873466957882 0.382 0.378 1.0 1.0
ztfg  True F99 59322.41738036892 0.6977205494853785 9.060656512865231 0.3027312315885279 0.5496411985593092 0.7500839801867856 -1.0694950305244926 1.940779623579349 0.442 0.439 0.976 0.977
ztfg-ztfr  True F19 59321.99074515626 0.23109072495565663 8.007272325168923 0.04596664365235146 0.07947183990740851 0.28063126396495575 -0.023015279760602043 0.03853336901586915 0.761 0.601 0.866 0.98
ztfg-ztfr  True F99 59321.995466578664 0.22210619997790562 9.015072673701933 0.045151145409222854 0.07564310855245227 0.27168112649788456 -0.04852443731662758 0.037737191091963954 0.331 0.328 1.0 1.0
ztfr  True F99 59321.83612051284 0.41283202404341923 8.04101689223399 2.7921024288181093 -0.05967402401973113 0.5305944742614495 -0.8182296133992709 2.2568525264260932 0.28 0.278 0.999 0.999