bps_used variant success reddening_law t0 e_t0 x0_mag e_x0_mag x1 e_x1 c e_c rchi2_data rchi2_data_model fitprob_data fitprob_data_model
c  True F99 59515.91829925617 3.382372030002722 7.987859395540045 5.084572724768548 -4.252179627255936 7.1661057043997545 0.10320981857804101 7.389049727839906 -1 -1 -1 -1
c-o  True F19 59515.011343634105 0.6662436822262566 7.347970583160047 0.1093012185615148 -1.1776157967722747 1.2709628476206134 0.14613128314799118 0.08544613681638108 11.004 8.537 0.0 0.0
c-o  True F99 59515.03959445055 0.6395919252796047 7.982610202114562 0.10393331778897227 -1.1768231091634993 1.218437135202578 0.016382715254924185 0.08135095835306426 0.512 0.508 0.897 0.9
c-o-ztfg  True F19 59514.78477529942 0.37363750920555794 7.327293507959922 0.06363116221799257 -0.5419851147435434 0.5276292487215039 0.12073097327062252 0.05649794658411208 12.21 9.595 0.0 0.0
c-o-ztfg  True F99 59514.804630877086 0.3631361001585784 7.96354450959836 0.06157186931461097 -0.5369062036267539 0.511401064116706 -0.007726347450927465 0.05454269763550681 0.402 0.398 0.99 0.991
c-o-ztfg-ztfr  True F19 59515.009066724895 0.3049272365527391 6.885531353380715 0.056566436532096365 -0.3385280934083329 0.4459105967626888 0.034169498211539445 0.04351257223747984 0.35 0.319 1.0 1.0
c-o-ztfg-ztfr  True F99 59515.01859051134 0.29202367932306 6.889371533387941 0.054692213231005704 -0.33208416133559376 0.42403824700074866 0.018437828633240477 0.042010545096136734 0.349 0.344 1.0 1.0
c-o-ztfr  True F19 59515.283753012714 0.416859575622802 7.393694192025439 0.0937183544838767 -0.19292627587731598 0.6626426893831532 0.17246671567469604 0.07169307651509707 10.079 7.563 0.0 0.0
c-o-ztfr  True F99 59515.273497838854 0.3964651591463199 8.026039389820937 0.08962353344400137 -0.18710246398922029 0.6186007551982429 0.04052151884026212 0.0687528996828762 0.368 0.366 0.996 0.996
c-ztfg  True F99 59514.73180458036 0.40429461977451586 7.9526623827972935 0.0926313963035105 -0.4381650857825444 0.5622363103712553 -0.04036273473079631 0.14938547582463868 0.249 0.245 0.973 0.974
c-ztfg-ztfr  True F19 59514.97793004004 0.3303912896535325 7.360581180256533 0.057855072687956394 -0.2858296076036177 0.4769236125983483 0.15553419230680002 0.04977192074207795 16.086 12.268 0.0 0.0
c-ztfg-ztfr  True F99 59514.993170683585 0.3156977690874731 7.995237982908517 0.05563027231824312 -0.28404131517372333 0.4549539039039518 0.024469382669445726 0.047819158395871315 0.252 0.247 0.999 0.999
c-ztfr  True F99 59515.30944433797 0.48059436117654636 8.032279502018019 0.0950683102383429 -0.03264433540560009 0.7784154872490618 0.042145397481571326 0.08663584901429992 0.224 0.221 0.991 0.992
J 1D3 False F99 59515.28446268954 6.108229964109547 24.67609554138992 78.15555388481368 343.6247379323647 13609.62775866181 5.100484098183276 33.93535919861938 None None None None
J-c 1D3 True F99 59513.39260127017 0.4532578965944359 6.887588757462273 0.09347323282533702 1.6084523802361654 2.303569155389282 -0.017797572995629084 0.04798497086899885 2.366 2.336 0.094 0.097
J-c-o 1D3 True F99 59513.86054491603 0.3536581755423559 6.882436550859905 0.07028424361823896 -1.1542015198764366 0.9898039691036249 0.031241942686167545 0.04462393717597546 1.157 1.099 0.302 0.352
J-c-o-ztfg 1D3 True F99 59514.25917905691 0.2743054598244859 6.850180314579889 0.04924279068466343 -0.6635646423064625 0.45566670509678014 -0.006275528460164456 0.03527260757894033 0.849 0.832 0.665 0.687
J-c-o-ztfg-ztfr 1D3 True F19 59514.64561650012 0.25982433958696627 6.872672322882395 0.04923803932439204 -0.5348705320979814 0.41148284693740494 0.03618191289219141 0.033986340369358346 0.853 0.585 0.704 0.97
J-c-o-ztfg-ztfr 1D3 True F99 59514.64249509241 0.2599927876348085 7.348560423216853 0.04963529160099031 -0.5258090897938005 0.41225911732014897 0.15757289607745428 0.03432107307962175 9.967 7.348 0.0 0.0
J-c-o-ztfg-ztfr 1D3 True O94 59514.64212830428 0.25975078962789583 7.348597233335422 0.04959373419793654 -0.5260324624663095 0.4119106916119571 0.15761755656395088 0.03427151912928835 10.775 7.936 0.0 0.0
J-c-o-ztfr 1D3 True F99 59514.473790990276 0.2818992204706323 6.872049330164591 0.06459368878579995 -0.8247100232667097 0.5220102434514199 0.018828332478735343 0.04275174535820802 0.943 0.925 0.542 0.568
J-c-ztfg 1D3 True F99 59514.1218519315 0.29186660823720895 6.854271096220357 0.05103916146647151 -0.5361460469198026 0.4998635009092735 0.0010322884733901065 0.038665770699742766 1.104 1.091 0.354 0.365
J-c-ztfg-ztfr 1D3 True F99 59514.481039231985 0.24357280857593586 6.861123542534094 0.047272694791750156 -0.6129470279179694 0.4034978958990382 0.01409641534388694 0.0331592710699844 0.874 0.861 0.622 0.639
J-c-ztfr 1D3 True F99 59514.36500121444 0.30198900857711447 6.865643513486582 0.06566035477946906 -0.8363963169952549 0.5895853258654241 0.021922832227633204 0.043158263329146844 1.326 1.298 0.196 0.211
J-o 1D3 True F99 59513.76816498044 0.3782992208057597 6.8848609094298645 0.13652758822996938 -2.0056682447165715 1.1597618342974587 0.01622672279293856 0.07316760623715236 1.139 1.126 0.325 0.335
J-o-ztfg 1D3 True F99 59514.21990500811 0.2787440301661683 6.8355343336807595 0.05816146794592255 -0.7530824277443919 0.4758227890395273 -0.012329614164490126 0.036894947512095023 0.923 0.905 0.553 0.577
J-o-ztfg-ztfr 1D3 True F99 59514.516502353064 0.23747973249791096 6.8439066031013525 0.05451335014066401 -0.7005047313246868 0.39491627876532154 0.0005802014548591441 0.03437188504454962 0.798 0.784 0.77 0.788
J-o-ztfr 1D3 True F99 59514.35520178308 0.2841937247296286 6.929018135777303 0.1040699915254454 -0.9444246494204465 0.5422842190461858 0.06643738252958711 0.06108187627754704 1.089 1.058 0.351 0.387
J-ztfg 1D3 True F99 59514.07845137219 0.29365787710370617 6.833758909842565 0.06334157466784737 -0.6780344939144919 0.5392984380639805 -0.0036690326139677157 0.03885158562664528 1.389 1.378 0.205 0.209
J-ztfg-ztfr 1D3 True F99 59514.36279948363 0.23981052078129203 6.853741889880541 0.05626680884469069 -0.7749976017307678 0.41899418285387313 0.03228733376500958 0.03463457884026567 1.034 1.0 0.416 0.454
J-ztfr 1D3 True F99 59514.2597214382 0.32154486177050684 6.792800892348579 0.11702459536064051 -1.0770859656168326 0.6421101284776363 -0.01284354304967112 0.06458076305331742 1.593 1.573 0.111 0.117
o  True F99 59514.947900604995 0.9200237830470777 8.634261452139082 2.754296646731896 -1.3746158772115513 1.5093390966220441 0.43749454256478304 1.7521819569030912 0.635 0.63 0.749 0.753
o-ztfg  True F99 59514.76572855387 0.3759939481350618 7.949171513334355 0.07065724517249085 -0.6051214346784097 0.5409442913265892 -0.013908841404239779 0.05628152959128614 0.43 0.428 0.976 0.976
o-ztfg-ztfr  True F19 59514.98825367142 0.3168998979249325 7.340928009947778 0.06679764177509248 -0.3825104977661011 0.4747832668211322 0.14087565737733265 0.04680374484404593 9.578 7.213 0.0 0.0
o-ztfg-ztfr  True F99 59514.99876210001 0.3038020893494903 7.976774605767718 0.06471315478883888 -0.3773162474792582 0.4518637827819238 0.01116698701328515 0.04524918365700613 0.359 0.355 0.999 0.999
o-ztfr  True F99 59515.28202056431 0.5115256138907188 7.9741705149385655 0.6272886468432576 -0.1542628728397764 0.7704054519719048 0.0034798381444319402 0.43050133281000247 0.396 0.394 0.989 0.989
ztfg  True F99 59514.990751857666 1.1952923816393521 7.775082404622363 0.31418656859026817 -0.16977435537735175 1.2170260575913057 -1.0032709536429594 3.4748895973537497 0.265 0.263 0.9 0.902
ztfg-ztfr  True F19 59514.949087079454 0.346557005356012 7.346807090513783 0.06821276900529438 -0.347561733636224 0.5180287381661958 0.15054654754475516 0.05121467007872995 14.276 10.705 0.0 0.0
ztfg-ztfr  True F99 59514.964353388816 0.33224932723567885 7.982258501676942 0.06609819079886256 -0.3421024574742333 0.4958773746585224 0.019708814387661477 0.04930066240637194 0.253 0.25 0.998 0.998
ztfr  True F99 59515.57793470295 0.923491147326477 10.48042712324563 9.61893987753132 0.15726147930431805 0.8581388567814295 1.7769129597172606 6.645835611280604 0.219 0.216 0.971 0.972