bps_used variant success reddening_law t0 e_t0 x0_mag e_x0_mag x1 e_x1 c e_c rchi2_data rchi2_data_model fitprob_data fitprob_data_model
c  True F99 58544.12803632327 8.668277282621558 6.490499622171029 6.5231529117209535 -1.586559285789321 4.030938083720721 -0.7232601232730971 9.397568273297276 -1 -1 -1 -1
c-o  True F19 58557.798374707934 0.5848193130945964 7.308898994928082 0.18421782668458372 1.7241654608884347 0.6931122059698132 -0.10777735834855871 0.12173210077723312 1.061 0.882 0.385 0.607
c-o  True F99 58557.82982337658 0.5471266322205623 8.301549647811381 0.1757662784099923 1.7970905474511067 0.6587839410169416 -0.13354051349225377 0.1167140937759161 0.576 0.57 0.926 0.93
c-o-ztfg  True F19 58557.67425408808 0.2947590173642828 7.4202572418909725 0.07580454973945917 1.256831980126224 0.46466363541841554 -0.0023889373296370623 0.04996371268157831 1.318 1.115 0.125 0.309
c-o-ztfg  True F99 58557.68682305882 0.27847433081726286 8.405275944714816 0.0740209619419972 1.3141607481385318 0.45228698307057635 -0.034114240789513375 0.04860617308118491 0.639 0.622 0.925 0.936
c-o-ztfg-ztfr  True F19 58557.67491650388 0.2922867005856553 7.291850824271409 0.06989537835758844 1.2318809203352232 0.40993356657482943 -0.03995348554021733 0.046015628093118564 0.56 0.498 0.98 0.993
c-o-ztfg-ztfr  True F99 58557.6797037908 0.27531191150171314 7.297754777536355 0.06804903743882809 1.265871682024353 0.3967356428650186 -0.04304310509671608 0.04469988995428817 0.56 0.546 0.981 0.984
c-o-ztfr  True F19 58557.74898710921 0.5762673120410658 7.270399812158994 0.1713992578929422 1.5188931158525127 0.547237959867317 -0.13360108673211424 0.11750801002208015 1.029 0.85 0.422 0.679
c-o-ztfr  True F99 58557.75769826874 0.5401728348044712 8.254367067960452 0.16460210826461621 1.5508166928101426 0.5221764672542728 -0.164242677167549 0.11308247047903526 0.505 0.498 0.981 0.983
c-ztfg  True F99 58557.30501551689 0.34295585997484646 8.372532427274344 0.09429195393965062 0.469495506478567 0.6085892395674858 0.19145838450584374 0.12613417199055127 0.267 0.266 0.976 0.977
c-ztfg-ztfr  True F19 58557.6054146783 0.34121658570106345 7.3891199855222744 0.08084143249363741 1.0028680378987862 0.4974376868295099 -0.011027146107080738 0.05955079891764293 1.749 1.477 0.04 0.11
c-ztfg-ztfr  True F99 58557.60741258062 0.3203139678965704 8.365970813050543 0.07894036578163266 1.001427380964215 0.4823582831246857 -0.04601017761709482 0.05763524700328824 0.553 0.53 0.902 0.918
c-ztfr  True F99 58559.916525620356 2.469020194782995 8.373426920227892 0.29407680160040106 0.8381796729085328 1.0417258142314822 -0.08284703011175693 0.21391657509803733 0.222 0.22 0.953 0.954
J 1D3 False F99 58559.25092043176 -1.0 3.4175782749577577 6.355247571447543 -4.194329511504862 -1.0 -1.4098474053384096 -1.0 None None None None
J-c 1D3 True F99 58558.25279815117 0.6745986106491942 7.760308999915008 0.9378423477993693 6.554820889753085 11.23040691175962 0.04892817529912348 0.22858040827636555 0.391 0.379 0.759 0.768
J-c-o 1D3 True F99 58558.163997800395 0.36556078829817407 7.297366833043893 0.09833875012012838 1.986822018144116 0.609401627313191 -0.06954396789008163 0.05039638558819452 0.54 0.532 0.96 0.963
J-c-o-ztfg 1D3 True F99 58557.8171196793 0.2523267713633225 7.306715279390623 0.06582069047117259 1.3640061217601827 0.43931180445610457 -0.04201695717372996 0.033980433710789036 0.636 0.616 0.938 0.95
J-c-o-ztfg-ztfr 1D3 True F19 58557.74606434488 0.27856509731112544 7.289815426063185 0.06279752224963953 1.2462252027065241 0.4018032501342696 -0.04591145707295429 0.03495531770052201 0.565 0.481 0.984 0.996
J-c-o-ztfg-ztfr 1D3 True F99 58557.74670054961 0.2789142302380865 7.416739268095196 0.06292248694296189 1.2524028735985346 0.4020894389510266 -0.013194104522134036 0.03506528031530542 1.136 0.935 0.264 0.581
J-c-o-ztfg-ztfr 1D3 True O94 58557.746796879626 0.27886049285057757 7.4167644164876 0.06290754457502847 1.2525863079576829 0.40203056652597485 -0.013191524960563729 0.03505029652467888 1.194 0.978 0.197 0.506
J-c-o-ztfr 1D3 True F99 58558.15711517402 0.3657178109658525 7.281804250772263 0.08697314521167228 1.7231426329618262 0.49354997244348336 -0.07524900935174011 0.04937497169725923 0.503 0.491 0.987 0.989
J-c-ztfg 1D3 True F99 58557.77508229681 0.2904465868475702 7.255928791437343 0.08777990352017816 0.9750210729585438 0.5992633114111571 -0.05118788928700438 0.037749139987796373 0.793 0.729 0.647 0.711
J-c-ztfg-ztfr 1D3 True F99 58557.806886375256 0.28692315164188514 7.272404741129219 0.07053319261361557 1.0731573074549288 0.47360782191835366 -0.05423338026118035 0.03582730652431698 0.565 0.545 0.919 0.932
J-c-ztfr 1D3 True F99 58558.60021959143 0.5374345196746134 7.230988636869608 0.11132673834890763 1.029614511216134 0.767335729482535 -0.0949577232307135 0.054038838811059677 0.576 0.538 0.835 0.864
J-o 1D3 True F99 58558.13030909644 0.39087451523910033 7.310072115239686 0.11870702402617193 1.882143045394701 0.659572373431944 -0.06066718629697548 0.06483199622555579 0.582 0.575 0.916 0.92
J-o-ztfg 1D3 True F99 58557.723051263005 0.261640287454426 7.310032912098611 0.06705927051346239 1.2134321702949449 0.44770486255041475 -0.04095132822200447 0.03463122782103087 0.569 0.56 0.961 0.965
J-o-ztfg-ztfr 1D3 True F99 58557.72336371975 0.2586062722199103 7.306790522531514 0.06100800532411724 1.1842272248876093 0.3925388534137329 -0.04242489099368316 0.03351474966501192 0.494 0.487 0.993 0.993
J-o-ztfr 1D3 True F99 58558.087400154174 0.3880413528724562 7.313379668996829 0.09973840964998931 1.580022818595486 0.5243515816417771 -0.05328385563543513 0.0591602329567984 0.506 0.499 0.978 0.98
J-ztfg 1D3 True F99 58557.66739805917 0.3017020594980501 7.2574296582737485 0.08955992859313198 0.7816335322953851 0.6053603526874393 -0.057445558959656653 0.0387371738333189 0.532 0.527 0.811 0.815
J-ztfg-ztfr 1D3 True F99 58557.699581397945 0.2962232360281867 7.273695951255974 0.07164219417174478 0.8969570298548876 0.4795534665094293 -0.05466244089445429 0.03645084557313573 0.375 0.371 0.978 0.979
J-ztfr 1D3 True F99 58558.50243817273 0.5566292071893659 7.277631411781212 0.12460323368207092 0.6132791629167089 0.8188615478031289 -0.06213756104282288 0.0634914042794481 0.421 0.42 0.866 0.866
o  True F99 58557.56712820286 0.6485879254081527 3.4975262403138903 3.3307170914922923 2.876948616754611 0.903854803488925 -3.970268558468832 2.897356936556105 0.486 0.479 0.942 0.945
o-ztfg  True F99 58557.5116093373 0.2851324453092754 8.409626516918228 0.07516895292348261 1.1867041267358909 0.46259985943748405 -0.03515001090919183 0.049688146041422354 0.581 0.573 0.944 0.948
o-ztfg-ztfr  True F19 58557.506633443656 0.29495772490599725 7.4229591418367855 0.0709832869547039 1.1228598295721068 0.4161191568103574 -0.00598393680505881 0.04687020892865582 1.183 0.965 0.229 0.519
o-ztfg-ztfr  True F99 58557.511090136046 0.27884847964173204 8.406542649129976 0.06902192969891512 1.164254444819585 0.4028540038090968 -0.03776166875700258 0.04547160645041114 0.498 0.491 0.989 0.99
o-ztfr  True F99 58557.77180894712 0.5438517040203401 8.30474621829353 0.6356725216963656 1.504509486519721 0.549854183788999 -0.12656719179443904 0.4641840869857653 0.536 0.528 0.958 0.961
ztfg  True F99 58557.31965998235 0.7985292476130468 8.361939742171586 0.36396391420678287 0.4484649697310441 1.2224736353134154 0.16214915359162763 2.0618966024638143 0.247 0.245 0.912 0.913
ztfg-ztfr  True F19 58557.45393204939 0.3478156330728891 7.375147267934086 0.0816740860815396 0.762817526160106 0.5028513458566861 -0.029006306644844042 0.061277885520114705 1.659 1.319 0.084 0.213
ztfg-ztfr  True F99 58557.45300382227 0.3268364191561694 8.352801513004511 0.07983136682314942 0.7622004993317135 0.487925005355508 -0.06295150747941117 0.05939105542080143 0.232 0.23 0.993 0.993
ztfr  True F99 58560.67565273767 2.3513936313275705 8.911834788921201 9.29865423147029 -0.0572905936670899 1.5244804466070423 0.33977594927322397 7.021887905124574 0.627 0.626 0.597 0.598