bps_used variant success reddening_law t0 e_t0 x0_mag e_x0_mag x1 e_x1 c e_c rchi2_data rchi2_data_model fitprob_data fitprob_data_model
c  True F99 59137.50971035767 0.7560979929953052 11.786864628623656 11.360119440656632 -2.6752599720974883 1.5300837579144881 4.537697439704335 9.842686100338863 0.966 0.962 0.326 0.327
c-o  True F19 59139.04785189076 0.5021038731322225 7.612737907390175 0.07866880818934949 -0.3392463098098859 0.6203926475574171 0.06686142435463116 0.06836933315508627 2.119 1.61 0.006 0.058
c-o  True F99 59139.0570983715 0.47069964116479873 7.4371443887515944 0.07529699453338434 -0.3468032653650381 0.5887106745999806 0.01889655224328331 0.06496194639900724 0.38 0.378 0.987 0.988
c-o-ztfg  True F19 59139.10856542249 0.3625506464404022 7.6433807277738275 0.04372943727600073 -0.11076963240004825 0.39736197279888513 0.08402914385520097 0.04294480838135222 1.986 1.554 0.001 0.027
c-o-ztfg  True F99 59139.116740390156 0.3472522445778286 7.468263096807528 0.04261927954251214 -0.1194508917644312 0.3849207178275047 0.036588968001312755 0.041256197750850834 0.334 0.332 1.0 1.0
c-o-ztfg-ztfr  True F19 59139.04809348931 0.2878718637445062 7.46758919658559 0.04155320580944074 -0.11435485204749193 0.3021692060060557 0.047296924161478626 0.0353586608195767 0.3 0.279 1.0 1.0
c-o-ztfg-ztfr  True F99 59139.04642286533 0.27179505301311613 7.468761452568721 0.04056869951099797 -0.11596450723268356 0.2898769053287162 0.04097508966466291 0.03434014484176065 0.3 0.296 1.0 1.0
c-o-ztfr  True F19 59139.009395898844 0.34085003712911627 7.617061251444493 0.07654719158285238 -0.20607432069714995 0.3706529421644565 0.07177999853150885 0.06139712446069423 2.05 1.421 0.0 0.055
c-o-ztfr  True F99 59139.007420818365 0.3174903894649718 7.440789652047251 0.07337347369528696 -0.20293919860094012 0.35191263773832554 0.022145308627282402 0.05874284117350939 0.31 0.307 1.0 1.0
c-ztfg  True F99 59138.89425040291 0.4983285781166203 7.489548925816141 0.06756635723100642 0.022509489429923923 0.5265149838731044 0.08111096961014863 0.1251964181472326 0.385 0.383 0.983 0.984
c-ztfg-ztfr  True F19 59138.93032011589 0.34452909179910857 7.64846521463412 0.04360885099801158 -0.0684111963859968 0.34544968923650704 0.09683969285662755 0.04053855476037402 2.395 1.75 0.0 0.005
c-ztfg-ztfr  True F99 59138.929989598226 0.32557642709056533 7.4729438745383305 0.042545756311036804 -0.06470871136684253 0.33227991695963555 0.047240707955775105 0.039410114652280205 0.306 0.302 1.0 1.0
c-ztfr  True F99 59138.82372663525 0.40753308800818283 7.445374156707215 0.07909131988375437 -0.18338436274425052 0.4271259075074964 0.02873447909575492 0.0678387371553282 0.329 0.326 0.996 0.997
J 1D3 True F99 59138.421824921475 0.46216833867281276 7.04642454671776 69.53649973183428 -2.103898061634566 16.047230478928665 -0.02642395289822766 24.484087360550376 -1 -1 -1 -1
J-c 1D3 True F99 59138.41303085666 0.29808725177832696 7.459036963566464 0.08037060346886638 -1.6410859626291296 2.03674664916273 0.1151215537706837 0.043173995331373186 0.318 0.317 0.866 0.867
J-c-o 1D3 True F99 59138.57194456521 0.2523199199429216 7.5050982585652495 0.06096553771403429 -0.6813877183608041 0.5285606575735429 0.10135790645226878 0.041748277316018885 0.633 0.532 0.885 0.95
J-c-o-ztfg 1D3 True F99 59138.67982202604 0.22716465504877384 7.493659362185756 0.03919396273248121 -0.2196257026516939 0.3783367753451763 0.08646638184607636 0.03066720248019714 0.574 0.479 0.976 0.995
J-c-o-ztfg-ztfr 1D3 True F19 59138.842952845305 0.2437467729919287 7.490438021713875 0.039087660195646426 -0.15344243558697085 0.29849944209689205 0.07717663426794988 0.030614869595170152 0.511 0.343 0.998 1.0
J-c-o-ztfg-ztfr 1D3 True F99 59138.83972573317 0.2439568298165694 7.669222018783267 0.03923935092413812 -0.15590283901054017 0.2983888046401522 0.12227179401186937 0.030749098698860867 1.947 1.329 0.0 0.06
J-c-o-ztfg-ztfr 1D3 True O94 59138.839527543205 0.24384382273959695 7.669250086462842 0.039228224225698154 -0.15599619364388081 0.29832008110825514 0.12229274076428458 0.030732080232359286 2.097 1.423 0.0 0.026
J-c-o-ztfr 1D3 True F99 59138.66639240517 0.21666006758542902 7.526580289446516 0.058671812219692164 -0.35273932278880543 0.3331401381101958 0.10259317625289491 0.04192890737278954 0.5 0.426 0.995 0.999
J-c-ztfg 1D3 True F99 59138.55227078429 0.2563269389116102 7.503639783862429 0.0418716245488941 0.067307469310616 0.5275044135242839 0.11880194832902895 0.0355726536731995 0.362 0.359 0.994 0.994
J-c-ztfg-ztfr 1D3 True F99 59138.610311152195 0.22295733755822272 7.502536063599606 0.03856580060519818 -0.08552965772590622 0.32844281012817694 0.08969893577848859 0.030695718779348242 0.475 0.393 0.996 1.0
J-c-ztfr 1D3 True F99 59138.52981508644 0.24508254652396363 7.524556391364757 0.05890680076031833 -0.27644691018514833 0.4091399189073683 0.10784050928383185 0.04285372277394161 0.483 0.407 0.977 0.992
J-o 1D3 True F99 59138.657237304025 0.25227883222455266 7.683571143211898 0.12448896378623889 -0.5021853702286778 0.569055405445563 0.19086415360079445 0.06776810239209152 0.428 0.425 0.967 0.968
J-o-ztfg 1D3 True F99 59138.70543997147 0.23240242596026303 7.506371852940594 0.046462964567951695 -0.14789791718710837 0.392263441911013 0.09102803052532263 0.03196108012780514 0.602 0.492 0.951 0.989
J-o-ztfg-ztfr 1D3 True F99 59138.74616340856 0.20570834800141802 7.513695903014147 0.04383274698283016 -0.1358318559598719 0.2905047437415828 0.08787244192925991 0.03122811775495893 0.494 0.406 0.998 1.0
J-o-ztfr 1D3 True F99 59138.732512792616 0.21537657084050119 7.64531218582024 0.09029321264019734 -0.2808230380816449 0.343228598072365 0.1738777476366673 0.05820028500216463 0.359 0.348 1.0 1.0
J-ztfg 1D3 True F99 59138.582040048655 0.26046398595718 7.503818496004225 0.050708739266934345 0.1488101868459195 0.5577406953027403 0.12100573067309414 0.035541177257636614 0.341 0.34 0.986 0.986
J-ztfg-ztfr 1D3 True F99 59138.6317760916 0.22751804702526326 7.515917007619947 0.04454446536836929 -0.028237940956016727 0.33744387555223804 0.0956572654166005 0.03237981664106816 0.474 0.386 0.993 0.999
J-ztfr 1D3 True F99 59138.598099609044 0.2446764867158865 7.631256003672024 0.09201717145847543 -0.17816694929283358 0.4277673906725685 0.16894530582909936 0.05833448559677088 0.302 0.298 0.997 0.997
o  True F99 59139.231283788526 0.6119860934774369 7.070348742703139 2.3718063801647524 -0.10452634532125749 0.7288745500362365 -0.23847325005215014 1.6502944677809495 0.337 0.335 0.978 0.978
o-ztfg  True F99 59139.22402310254 0.3682340350595956 7.482783831514038 0.04931336596055475 -0.03111807328460265 0.4004769469280829 0.04174830310716053 0.04224645106626953 0.294 0.293 1.0 1.0
o-ztfg-ztfr  True F19 59139.10807092133 0.29730936883269377 7.653856571003692 0.047893008870717076 -0.06954889811113443 0.30870141688568986 0.09472607476820229 0.03783178731763976 1.782 1.259 0.001 0.121
o-ztfg-ztfr  True F99 59139.105546368184 0.28097764125926294 7.479371141093643 0.04701044340629928 -0.06994090505820676 0.2960152890537432 0.046534722299147936 0.03695078190348645 0.277 0.274 1.0 1.0
o-ztfr  True F99 59139.07431311734 0.33583583254268395 7.299335551550275 0.4681125732142064 -0.12810109434569156 0.3653966972977788 -0.08194762808672913 0.3414876810474584 0.282 0.278 1.0 1.0
ztfg  True F99 59139.82824149931 0.8680588315888824 7.591183294887562 0.7058139176914027 1.0741942161624993 0.8695682689806602 -2.4917011690626096 2.3588780795999815 0.238 0.237 0.993 0.993
ztfg-ztfr  True F19 59139.00425721565 0.3602006509442589 7.658581446051861 0.04966828723583579 -0.013375147581807172 0.3553226091588059 0.10154963782362006 0.04232923167311286 2.165 1.532 0.0 0.038
ztfg-ztfr  True F99 59139.00156456171 0.3406842531464573 7.4840280193841044 0.04874436469749933 -0.009146651238667907 0.34155610258364183 0.052600537162386066 0.0413445622806675 0.274 0.272 1.0 1.0
ztfr  True F99 59138.572432921326 0.5101394661470133 -0.4482765109811824 4.593485711865352 0.03170994371392337 0.46698501302146034 -6.5048315684832385 4.111093643093239 0.236 0.232 0.998 0.998