bps_used variant success reddening_law calibration Tmax e_Tmax DM e_DM st e_st EBVhost e_EBVhost rchi2_data rchi2_data_model fitprob_data fitprob_data_model
c-o  True O94 0 59117.65859042239 0.37169451269281 35.46817250303959 0.08892772562241844 1.0560020687003815 0.03495727519992177 0.12494384131813135 0.06312288852285722 0.688 0.622 0.857 0.912
c-o  True F19 6 59117.65046406013 0.3779264465016698 35.46200456544726 0.08777903774320577 1.0545571141852574 0.03584315646670946 0.09983937778355387 0.06406615875550231 0.708 0.641 0.836 0.898
c-o  True F99 6 59117.65101676808 0.3774507344059419 35.520874342352634 0.08520335234612304 1.0541171695230729 0.03576539152692278 0.07541953270347561 0.06323957272128573 0.702 0.635 1.0 1.0
c-o-ztfg  True F19 6 59117.094830951435 0.35532044952734054 35.38885899371769 0.0864354391568793 1.0451295138621177 0.03319833739416196 0.13585240207166094 0.06096218985592234 0.827 0.753 0.819 0.914
c-o-ztfg-ztfr  True O94 0 59117.18283628237 0.3559251604088215 35.32927950348383 0.095229295566132 1.0731965946462005 0.03313042816157096 0.20121836015807057 0.06100730165739049 0.95 0.839 0.614 0.863
c-o-ztfg-ztfr  True F19 6 59117.19549677262 0.35393910657051575 35.37575411616834 0.0888737840188224 1.067317736552641 0.032650930565406334 0.15547957853782812 0.060832035608995215 0.905 0.799 0.728 0.919
c-o-ztfr  True F19 6 59117.678420440345 0.3742122753218097 35.42172032875524 0.08992871888468543 1.0664093874068377 0.034315571839000865 0.1268528033938645 0.06438973243803653 0.969 0.854 0.54 0.771
c-ztfg-ztfr  True F19 6 59117.17473894965 0.35324984103941603 35.296287632842784 0.09486194207504997 1.0603216972032055 0.032860621046029936 0.19225414986329234 0.06094569078996012 0.65 0.588 0.99 0.998
J-c-o 1D3 True F19 6 59117.78607970676 0.37077901329762547 35.30387827335194 0.09345181747265349 1.0197209534231515 0.03472661335262133 0.1906954308072471 0.063391454975837 2.136 1.755 0.0 0.007
J-c-o dehvils True O94 0 59117.75482729956 0.3820293923427687 35.29514506255264 0.0991056321057858 1.0375663018541705 0.03609859568608297 0.23253328246564234 0.06301788038058644 2.831 2.258 0.0 0.0
J-c-o dehvils True F19 6 59117.755431002675 0.37704972843549517 35.290174739885664 0.0941388308033533 1.0154897104972573 0.03550464884491798 0.198097761994038 0.06373792173498427 2.544 2.087 0.0 0.001
J-c-o-ztfg 1D3 True F19 6 59117.441062158236 0.35662470347664865 35.284591822848924 0.08959862004479505 0.9980866402684034 0.032626519666792 0.1668084976041696 0.0608411138857168 1.522 1.306 0.005 0.053
J-c-o-ztfg-ztfr 1D3 True F19 6 59117.498809096985 0.35238890656703126 35.2946012135818 0.09050772001152523 1.0248679794624314 0.03157862938736712 0.17757845097523853 0.06070188161953313 1.36 1.136 0.011 0.171
J-c-o-ztfr 1D3 True F19 6 59117.791138336215 0.3578159533416786 35.30735833816875 0.09199148264187458 1.0376695695519975 0.0320245299810384 0.19184668512064854 0.062160702001726284 1.409 1.138 0.019 0.213
J-c-ztfg-ztfr 1D3 True F19 6 59117.35782026657 0.35026359163979254 35.25397451316305 0.09297661545575006 1.0289736423895233 0.031400287127899947 0.19440712628965792 0.060531867329962304 1.039 0.747 0.387 0.951
J-o-ztfg-ztfr 1D3 True F19 6 59117.688817486975 0.35092818178016777 35.301308251706665 0.09130664656103737 1.0270021446002786 0.031395680944100265 0.1835530209243379 0.06063550199127849 1.166 0.959 0.135 0.592
J-ztfg-ztfr 1D3 True F19 6 59117.53369543578 0.3483850726242744 35.26231874649924 0.09333736128982904 1.029919459739762 0.031008846808230826 0.1970483463435647 0.06036783114260144 0.739 0.495 0.949 1.0
o-ztfg-ztfr  True F19 6 59117.40506834901 0.35458875747852964 35.40811025934611 0.08911937263272604 1.0792664472973443 0.0330245192945408 0.15453977861771037 0.060882086905869014 0.898 0.778 0.737 0.935
ztfg-ztfr  True O94 0 59117.33994837599 0.35006613888472105 35.23510805981521 0.10224541724617815 1.0595485033240268 0.032137678526999766 0.2443405181059227 0.06074863404341126 0.427 0.378 1.0 1.0
ztfg-ztfr  True F19 6 59117.34137975297 0.349605230175898 35.298681861178714 0.09440485204045306 1.059422527348314 0.032039405791386616 0.19540569512461578 0.060655241341376426 0.426 0.378 1.0 1.0