bps_used variant success reddening_law t0 e_t0 x0_mag e_x0_mag x1 e_x1 c e_c rchi2_data rchi2_data_model fitprob_data fitprob_data_model
c  True F99 59140.95277919819 5.533822766776647 11.23565842337589 10.576281910779855 -5.073326686538399 11.838242990160396 1.9626566994533856 11.287935576957668 -1 -1 -1 -1
c-o  True F99 59143.15256083154 0.9974699266595111 9.588125140425024 0.2161579437383409 -2.2137496784737962 1.4172394396790113 -0.10878365509174531 0.16859168170627062 0.378 0.378 0.999 0.999
c-o-ztfg  True F99 59143.17321042679 0.7116195323058097 9.804321761141273 0.061954213388016856 -0.8712598406564671 1.0970066755262178 0.008261827246871564 0.07243739695408463 0.429 0.428 0.999 0.999
c-o-ztfg-ztfr  True F99 59142.69680600452 0.5394187647021363 9.797258354201645 0.05998633908904173 -1.433746814410233 0.9816464033673552 -0.04592904317013195 0.059273804027280136 0.446 0.442 1.0 1.0
c-o-ztfr  True F99 59142.35032002416 0.557572646748563 9.648984440393125 0.20850986350930786 -2.975954082184292 1.1310122233116917 -0.11504156333493928 0.16024765045774114 0.393 0.39 1.0 1.0
c-ztfg  True F99 59143.373010091316 0.9803093002037536 9.878338663914612 0.09167798187222738 0.2851098385133871 1.48411970028779 0.1503137405090409 0.285511028654385 0.252 0.251 0.986 0.987
c-ztfg-ztfr  True F99 59142.668585300096 0.6685059578500233 9.821985708805933 0.06587796558249395 -0.6357339405588771 1.270176312203825 -0.09280277304732701 0.07190901391030981 0.325 0.323 0.996 0.996
c-ztfr  True F99 59141.90773008196 0.692870495815394 9.628457342033691 0.22398243404205448 -3.093396105359877 2.057988516408083 -0.18119315364644736 0.1729389595233173 0.101 0.101 1.0 1.0
J 1D3 True F99 59142.87346214676 3.6630462818833047 9.849734904353184 71.57743432740975 4.152990343977366 60.595008149445206 0.005628876484208499 25.328352384418373 -1 -1 -1 -1
J-c 1D3 True F99 59142.77968153022 1.3849994411577204 8.621211480788343 0.2978083589515272 -1.3764190470182958 4.253591831114584 -0.031726886606031623 0.11397582646900292 0.037 0.036 0.991 0.991
J-c-o 1D3 True F99 59143.05172923382 0.7652210720102618 8.536052582084118 0.159702807045622 -2.292070001107316 1.2567232642620554 -0.064906561531317 0.09846217925362505 0.346 0.345 1.0 1.0
J-c-o-ztfg 1D3 True F99 59143.13572572282 0.6177172568727729 8.701637782812305 0.059922140842436675 -0.9002519824927935 1.0102057736976684 -2.4989182793487172e-05 0.05239967892465746 0.398 0.397 1.0 1.0
J-c-o-ztfg-ztfr 1D3 True F99 59142.70729623108 0.5093667574165975 8.705159294031386 0.058876200059461654 -1.456928485063583 0.9485334513285872 -0.028819808027338585 0.04994247669105279 0.426 0.422 1.0 1.0
J-c-o-ztfr 1D3 True F99 59142.37815525059 0.5288844761222166 8.651650909267516 0.1554273892959913 -2.9284727041353493 1.1098868776862636 -0.02946905572362918 0.10316896510453226 0.381 0.377 1.0 1.0
J-c-ztfg 1D3 True F99 59143.193939850884 0.7480413235124453 8.74910081221309 0.06985994731468201 0.1462723432453924 1.2974582734982807 0.005617774598824803 0.0659415434064721 0.212 0.21 0.997 0.997
J-c-ztfg-ztfr 1D3 True F99 59142.66036206884 0.6095906216316833 8.737254449710063 0.0655843310534195 -0.7457726000248958 1.222744122364068 -0.04660606766685853 0.05682720355089193 0.341 0.334 0.997 0.998
J-c-ztfr 1D3 True F99 59141.96532562857 0.640771025496151 8.701930515079056 0.19039256765334026 -3.04521900749591 2.047526928439605 -0.01951052200766363 0.11177939246497896 0.221 0.213 0.998 0.998
J-o 1D3 True F99 59143.24571307123 0.8167663329514084 8.577827260134985 0.25231517503064277 -2.2877363446296908 1.2699114721764606 -0.041768524173819654 0.14062159336749333 0.382 0.382 0.998 0.998
J-o-ztfg 1D3 True F99 59143.22950297517 0.6434504201161357 8.707288979787673 0.06156115623114852 -0.8456888814367369 1.0247331503783008 -0.0006172516472933908 0.05279425774076732 0.429 0.428 0.999 0.999
J-o-ztfg-ztfr 1D3 True F99 59142.76914777705 0.5143188777369788 8.712549730035308 0.060466417958378725 -1.4258147035712785 0.9524775802623694 -0.02675123816852401 0.050312572321195397 0.452 0.448 0.999 0.999
J-o-ztfr 1D3 True F99 59142.50043393434 0.5750697924391288 8.7744445549381 0.19462055328554098 -2.890347413332833 1.150531442428911 0.04585913183746343 0.12100326759433472 0.394 0.391 1.0 1.0
J-ztfg 1D3 True F99 59143.28414243144 0.7650166445515177 8.75579964436237 0.07185697525447432 0.23869954143978478 1.315577636895223 0.0018661759999651412 0.06761839419293789 0.272 0.271 0.965 0.965
J-ztfg-ztfr 1D3 True F99 59142.731201520866 0.6275637018415359 8.745770588507323 0.06743726392843252 -0.6780322819187486 1.2444309980070292 -0.046208167579792465 0.057283213733004844 0.39 0.381 0.985 0.987
J-ztfr 1D3 True F99 59142.06702717001 0.712846860435792 8.861831246051747 0.2409679624875837 -2.9457968252868607 2.3146768152891535 0.07175900467771526 0.1294840711300906 0.166 0.165 0.995 0.995
o  True F99 59142.86635367623 1.4064296140228563 5.537313974757285 7.278764392279374 -2.216989167909464 1.436073735883681 -3.2212951441557642 6.118526525785855 0.41 0.409 0.995 0.995
o-ztfg  True F99 59143.308639217736 0.7840133838681862 9.809292528005164 0.06347836865803884 -0.7673245159057731 1.1471760571179308 0.004616971409141266 0.07349461451460741 0.467 0.466 0.996 0.996
o-ztfg-ztfr  True F99 59142.76513850779 0.5490471191764803 9.804471850520995 0.06154950588185613 -1.3929522301746857 0.9885725014599257 -0.04431931642318618 0.05976008411233054 0.475 0.472 0.998 0.998
o-ztfr  True F99 59142.50329559706 0.6113344708721996 10.628729954536404 0.8244636972825611 -2.9565128841421933 1.1424428652198881 0.590993767865466 0.5800444481640372 0.401 0.399 0.999 0.999
ztfg  True F99 59143.035819836165 1.1702810156022136 10.663206344374467 3.037335200007827 -0.25036474085323684 2.0035529662626548 2.3960271086087133 6.224907509459267 0.43 0.427 0.787 0.789
ztfg-ztfr  True F99 59142.75740920314 0.6919108213546901 9.830397442421148 0.0676305226481248 -0.5420939639379825 1.2937942905240352 -0.09489624527103144 0.07263639414817898 0.375 0.373 0.978 0.978
ztfr  True F99 59141.536795396045 0.9996381873340309 5.070972570164387 7.653113838195542 -2.7517675779560777 2.0703361130595312 -3.928993845920245 6.708090485391993 0.116 0.115 0.989 0.989