bps_used variant success reddening_law calibration DM e_DM st e_st Tmax e_Tmax dm15 e_dm15 EBVhost e_EBVhost rchi2_data rchi2_data_model fitprob_data fitprob_data_model
c-o  True O94 0 37.33100595782282 0.1390492251658981 1.0887052240922694 0.07670481371651715 59047.996767125675 0.6510887211696732 None None 0.16981174285692888 0.07866341947727956 0.399 0.396 0.992 0.992
c-o  True F19 6 37.33661059429962 0.15609152489094236 1.0811694466226611 0.08945395668206961 59047.998503352566 0.7377710482585046 None None 0.1522684752118082 0.08278081051890582 0.399 0.397 0.992 0.992
c-o  True F99 6 37.413653850420786 0.1467196066418409 1.0904424598840292 0.08912168570314319 59047.986871400644 0.7365297547343423 None None 0.1217735847020441 0.07865420504830553 0.398 0.396 1.0 1.0
c-o-ztfg  True F19 6 37.25374232719451 0.10410391641710348 1.0068419583584507 0.040157499687938254 59048.53340022134 0.3968721318443524 None None 0.13623451057332184 0.0653809477513189 0.405 0.402 0.999 0.999
c-o-ztfg-ztfr  True O94 0 37.14396026693183 0.10637991236211425 1.0153881269189815 0.038912455276039926 59048.53187651731 0.3992794656975929 None None 0.22135963212562765 0.06347214344753901 0.389 0.386 1.0 1.0
c-o-ztfg-ztfr  True F19 6 37.21020804247163 0.0969839241031152 1.0167953699820937 0.037674962809866853 59048.52696782802 0.3905043486386514 None None 0.1635030741999666 0.06310413726297844 0.385 0.382 1.0 1.0
c-o-ztfr  True F19 6 37.21151777651604 0.11036694213329716 1.049942772418609 0.04677367422689928 59048.184732402275 0.49538329474139225 None None 0.1904893540881327 0.07341020156155124 0.414 0.411 0.998 0.998
c-ztfg-ztfr  True F19 6 37.16752209936987 0.10336053831683618 1.021450104337094 0.04044070683523141 59048.6140777213 0.40190689053131773 None None 0.1869505621512444 0.06443222632442532 0.401 0.398 0.998 0.998
J-c-o 1D3 True O94 0 37.29535894778033 0.10661860725888425 1.2055085021542982 0.055079267130989436 59047.071030166524 0.7775727568242039 None None 0.1959944198473029 0.06839578952131509 0.493 0.469 0.982 0.987
J-c-o 1D3 True F19 6 37.16661252863937 0.10501792515748731 1.0438940282906268 0.05360867724125061 59047.83404290974 0.574146309978941 None None 0.2193763222758411 0.07016394454730185 0.672 0.631 0.884 0.916
J-c-o dehvils True O94 0 37.50628097605999 0.12609262667162663 1.1040869218232674 0.08054444058013896 59047.88830536245 0.6253558690681813 None None 0.07686162430631391 0.0732998689186754 0.528 0.513 0.971 0.976
J-c-o dehvils True F19 6 37.518868756833406 0.09721108880040474 1.204147080503123 0.05070676677304163 59047.44921320037 0.751906714642616 None None 0.1080638163213307 0.07323048950259176 0.44 0.424 0.991 0.993
J-c-o-ztfg 1D3 True F19 6 37.15722824658642 0.09980933382798518 1.0025253349694367 0.04072407886755115 59048.46552387365 0.41070856177322534 None None 0.18189784661889943 0.06330286332418297 0.569 0.538 0.985 0.991
J-c-o-ztfg-ztfr 1D3 True O94 0 37.13498557985937 0.10468132758497868 1.0257432815531304 0.03917365019869087 59048.487082258405 0.3990228808188404 None None 0.23048070389994302 0.062158327007885726 0.499 0.475 0.998 0.999
J-c-o-ztfg-ztfr 1D3 True O94 1 37.12396608865245 0.10337187539635571 1.026032056826374 0.03904367752182508 59048.48352987958 0.39805957490579424 None None 0.2173554192889821 0.06195382098989828 0.49 0.466 0.999 0.999
J-c-o-ztfg-ztfr 1D3 True O94 2 37.15291878354116 0.10343016480136442 1.0246133099080323 0.03873405651569406 59048.49093222228 0.39685175725875405 None None 0.22568581443730776 0.06205688229784804 0.482 0.459 0.999 0.999
J-c-o-ztfg-ztfr 1D3 True O94 3 37.114502775960666 0.10281748649588451 1.0273831709509695 0.03909698391085326 59048.47657921578 0.39812927469765164 None None 0.21153321778406267 0.06198210541816108 0.486 0.462 0.999 0.999
J-c-o-ztfg-ztfr 1D3 True O94 4 37.113799444342796 0.10265075216144082 1.0267090231463925 0.038997119127789893 59048.479468309815 0.3976536996848898 None None 0.21063122545998933 0.061953359813813856 0.484 0.46 0.999 0.999
J-c-o-ztfg-ztfr 1D3 True O94 5 37.13799415554561 0.10153989793956855 1.0251668767175501 0.03857697287986288 59048.48590576658 0.3959021216700438 None None 0.20798948710575377 0.06188421509052307 0.471 0.449 0.999 1.0
J-c-o-ztfg-ztfr 1D3 True F19 6 37.157384080042114 0.09835155767607191 1.021592730658473 0.038521955643656125 59048.44278119014 0.3998488256583977 None None 0.19650229944070385 0.0625635388377889 0.505 0.481 0.998 0.999
J-c-o-ztfg-ztfr 1D3 True F99 6 37.184470173661545 0.09737696020259627 1.001848746105152 0.03991432063249178 59048.50787951628 0.41811725520464216 None None 0.1750562283218429 0.06360541252384268 0.622 0.588 0.98 0.989
J-c-o-ztfg-ztfr 1D3 True O94 6 37.151809790124325 0.09979636299787471 1.018615167489075 0.039824124451038195 59048.46214592115 0.4107054966716426 None None 0.19805963533188614 0.06322998349431312 0.523 0.499 0.997 0.998
J-c-o-ztfg-ztfr 1D3 True O94 7 37.14251485054613 0.0970928334188476 1.0136071626685617 0.03818781464688845 59048.488239785875 0.3993694647684117 None None 0.18238496491028156 0.06270055579824166 0.51 0.484 0.998 0.999
J-c-o-ztfg-ztfr 1D3 True O94 8 37.2092013854153 0.0974980181850189 1.0048480506384379 0.03824307487903729 59048.51132975251 0.40295429189980253 None None 0.19007765661349782 0.06342607870676521 0.562 0.532 0.993 0.997
J-c-o-ztfg-ztfr 1D3 True O94 9 37.15375165438407 0.09730519441874108 1.0117141436479844 0.03824931542945495 59048.4909079311 0.40054095829580677 None None 0.1846027233133906 0.06284740280853347 0.524 0.497 0.997 0.998
J-c-o-ztfg-ztfr 1D3 True O94 10 37.167222847701666 0.10665826726108152 None None 59048.561047789866 0.3988411459630811 0.968556071793748 0.06687845849421416 0.23585178316771427 0.06264217149042563 0.53 0.507 0.997 0.998
J-c-o-ztfg-ztfr 1D3 True O94 11 37.16982148869283 0.10605217052970525 None None 59048.561455058276 0.39811372902303527 0.9690158935984844 0.0667508029408967 0.23166270358155702 0.06254074277864742 0.524 0.502 0.997 0.998
J-c-o-ztfg-ztfr 1D3 True O94 12 37.17698270007609 0.10553864062707026 None None 59048.56612588471 0.3972248529658265 0.9717186359700076 0.06647945386447639 0.23359662889045527 0.06248956083769209 0.524 0.501 0.997 0.998
J-c-o-ztfg-ztfr 1D3 True O94 13 37.13965237251191 0.10458749786821028 None None 59048.54678771711 0.39841335276393974 0.9675649300759731 0.06678528103638638 0.21077323832824477 0.06225759430187924 0.519 0.496 0.997 0.999
J-c-o-ztfg-ztfr 1D3 True O94 14 37.15546038983084 0.1050507413888242 None None 59048.55484745288 0.3980390664728162 0.9682985229290753 0.06674455673622075 0.21971795389698517 0.06242204734489727 0.519 0.497 0.997 0.998
J-c-o-ztfg-ztfr 1D3 True O94 15 37.14878835023531 0.10311296394743868 None None 59048.55851361914 0.395560651505814 0.9733496372168554 0.06602797437958698 0.20915346830354056 0.06211862682091893 0.51 0.488 0.998 0.999
J-c-o-ztfg-ztfr dehvils True O94 0 37.26878412338577 0.10221102732980836 1.020186813306247 0.043356309702304946 59048.52298746885 0.42555071862409494 None None 0.1613347823454793 0.06388932827609489 0.631 0.613 0.977 0.983
J-c-o-ztfr 1D3 True F19 6 37.175831245779214 0.10086940275201829 1.0697516964717484 0.04683594373552493 59047.895078046226 0.5107694287901875 None None 0.22587918498382945 0.06800916737778667 0.526 0.5 0.99 0.993
J-c-ztfg-ztfr 1D3 True F19 6 37.13606526620271 0.10366427172064609 1.0406202528162865 0.04288226429219327 59048.49431446963 0.4132406723498858 None None 0.21834345475579386 0.06324674819253888 0.533 0.503 0.984 0.99
J-o-ztfg-ztfr 1D3 True F19 6 37.15381801863027 0.09678919739852845 1.0050011868568471 0.03745711048957626 59048.48054770179 0.39535263434378076 None None 0.1842018063441972 0.062320206270177356 0.436 0.406 0.999 1.0
J-o-ztfr 1D3 True O94 0 37.21027348468961 0.10936605807307676 1.1893029268520283 0.05089485302100618 59047.213699284075 0.7517355653211352 None None 0.2550748954564635 0.07319757528725296 0.333 0.317 1.0 1.0
J-ztfg-ztfr 1D3 True O94 0 37.06597694803919 0.10864431942457382 1.0033747930250836 0.03837401938780453 59048.54026873766 0.39536920055892727 None None 0.251024026929664 0.06176836513247233 0.363 0.32 0.998 0.999
J-ztfg-ztfr 1D3 True F19 6 37.11992518491017 0.0987676636350113 0.9996267307043628 0.03779072561503977 59048.549456305715 0.39350855183979777 None None 0.19428850173786447 0.062206889305994884 0.37 0.325 0.998 0.999
J-ztfg-ztfr dehvils True O94 0 37.239969159684954 0.10313995399123532 0.9697034084902451 0.04423630397784945 59048.646214107626 0.4462889362607316 None None 0.14562850041140707 0.06545223375836297 0.718 0.693 0.839 0.864
o-ztfg-ztfr  True F19 6 37.19809003195491 0.09437500317948104 0.9985655623633573 0.03608397071505104 59048.56392375991 0.3823926184450533 None None 0.15016342249498452 0.06253205840406073 0.295 0.292 1.0 1.0
ztfg-ztfr  True O94 0 37.07007141901727 0.10461793891026777 0.9800710768644447 0.03372378771186276 59048.67666258437 0.36579639224326715 None None 0.23467511386134862 0.061661854479329 0.146 0.144 1.0 1.0
ztfg-ztfr  True F19 6 37.1404811114683 0.09447037480650552 0.9800370110574275 0.033547290726377646 59048.67737622003 0.3645509536158864 None None 0.1679348340993179 0.06168687623798301 0.146 0.144 1.0 1.0