bps_used variant success reddening_law t0 e_t0 x0_mag e_x0_mag x1 e_x1 c e_c rchi2_data rchi2_data_model fitprob_data fitprob_data_model
c  True F99 58624.614889066186 4.218905684197942 7.991617745551569 0.40508992191056553 3.210626079668349 9.869359340408671 -1.0642656613573007 1.3047370410141454 -1 -1 -1 -1
c-o  True F19 58627.621968091014 0.5098204510438463 7.5938718925453905 0.14186503753674817 -0.3500598723173196 0.5254308573491603 0.09146974055081522 0.10012933012935239 1.671 1.385 0.03 0.117
c-o  True F99 58627.604187597724 0.47412304137955574 8.531435188691546 0.1343465558559027 -0.32518216104602793 0.5016241835054086 0.04517270189210144 0.09513222064086502 0.775 0.772 0.747 0.75
c-o-ztfg  True F19 58627.65869238897 0.40255619197453635 7.635454714208733 0.0641165208908958 -0.31589925080112974 0.3749788128094721 0.12086987959795653 0.05009148512571054 1.868 1.508 0.003 0.039
c-o-ztfg  True F99 58627.638922434606 0.37505828445702266 8.574052875580882 0.062290588703258154 -0.298688341562207 0.35967156343573825 0.0756217245588114 0.048491294738406306 0.581 0.578 0.965 0.966
c-o-ztfg-ztfr  True F19 58627.79764981144 0.3094111469249203 7.503404034705523 0.055333490464141426 -0.1240938475577578 0.28514638576772944 0.11313234668103489 0.040882891771567266 0.506 0.47 0.996 0.998
c-o-ztfg-ztfr  True F99 58627.787309731124 0.2824791169142297 7.504709959333703 0.05351451141220767 -0.1134272556711908 0.2707315866335332 0.1070316745682666 0.03955470028813934 0.506 0.495 0.996 0.997
c-o-ztfr  True F19 58627.85331540653 0.3445184431213769 7.646629595796155 0.11838827099302938 -0.04980637752995029 0.33068862802297466 0.13488618766808508 0.08574890863575801 1.731 1.328 0.006 0.101
c-o-ztfr  True F99 58627.83879497567 0.31429822276015207 8.583296890079291 0.1123506927781915 -0.04013701632401058 0.3132417478217892 0.08822819774952606 0.08154432154294268 0.598 0.586 0.965 0.97
c-ztfg  True F99 58627.35737103967 1.5274461597403626 8.581679878691224 0.09234537787866931 -0.18290693889861948 0.8464750145585181 0.12110195762605042 0.1346063490587653 0.199 0.198 0.994 0.994
c-ztfg-ztfr  True F19 58627.747846835155 0.42437910290335523 7.677178099154649 0.05967318816967204 -0.08451581166007599 0.34320299832554624 0.1748935613542139 0.047252096443394453 2.326 1.722 0.001 0.021
c-ztfg-ztfr  True F99 58627.76434278422 0.37632289662577667 7.5169969021781835 0.05745836670374494 -0.08883689712858164 0.3226924303593135 0.1302935555984332 0.04562234512735526 0.206 0.204 1.0 1.0
c-ztfr  True F99 58627.88014147326 0.4252361368972141 8.641524865427066 0.12690968634749936 0.028777667269718338 0.38724980973426554 0.1421374084306351 0.09818885669607079 0.235 0.232 0.997 0.997
J 1D3 True F99 58623.87040922973 11.494583937650459 -17.89544529146478 60.503913976694 -4.297110919201399 2.8229024146582824 -9.646724307598955 22.407915208766592 -1 -1 -1 -1
J-c 1D3 True F99 58624.013820541644 0.977759866808475 6.482002267560275 0.23408101032392142 -3.7558276406288553 0.5870103314477567 -0.3844546663692192 0.05853068199738344 1.431 1.398 0.221 0.232
J-c-o 1D3 True F99 58626.99648474235 0.325949441989107 7.123690559401288 0.0754371994506523 -1.3126086645918313 0.43128794282864624 -0.17699549040782722 0.039839038658713716 1.713 1.358 0.018 0.117
J-c-o 2D True F99 58628.240098767856 0.2581840927695214 7.485198107720544 0.07421181286283102 0.03504776428839313 0.4560751098982685 0.06395015119625701 0.0423489748758687 0.849 0.818 0.671 0.712
J-c-o-ztfg 1D3 True F99 58626.60479124736 0.25821719946635263 7.24389048051972 0.04727743537794602 -1.0032038291568275 0.3194632650327208 -0.14103841568811146 0.027066931349557188 3.443 1.969 0.0 0.001
J-c-o-ztfg-ztfr 1D3 True F99 58627.219675712055 0.23619192075473044 7.3452483855247825 0.04167026596425395 -0.25074410593760044 0.274589121436762 -0.044980958630044005 0.02535054625725292 3.965 1.188 0.0 0.183
J-c-o-ztfg-ztfr 2D True F19 58627.81027915643 0.2900921307340586 7.483543562392281 0.04725023633340129 -0.11837803969787115 0.28614965325326175 0.08954495603971183 0.030391466443166062 0.839 0.481 0.767 0.999
J-c-o-ztfg-ztfr 2D True F99 58627.819618799964 0.2897645429249281 7.649105059760473 0.047338733394441154 -0.11794192085508531 0.2859795290994519 0.1318990818596945 0.030483930968409137 1.852 1.292 0.001 0.093
J-c-o-ztfr 1D3 True F99 58626.96751940521 0.2431334217194445 7.044899185688599 0.06011871448846978 -0.7890039816110863 0.30832371296628497 -0.23222776135754997 0.03594539010582033 2.819 1.897 0.0 0.001
J-c-ztfg 1D3 True F99 58626.88860680633 0.3801670289501706 7.303821624366492 0.05749329663598071 -0.7449963083720843 0.4374221808774832 -0.18633423430551957 0.03056120061088441 2.363 2.231 0.004 0.007
J-c-ztfg-ztfr 1D3 True F99 58626.828495066555 0.26944634680236473 7.281196309693245 0.04577603332162498 -0.5007579409643393 0.3130991604731514 -0.1070991480096304 0.0259265378994209 6.995 2.827 0.0 0.0
J-c-ztfr 1D3 True F99 58626.83510176734 0.31358718313263517 7.037707574898095 0.06863811311353543 -0.8880526093354708 0.386022303872182 -0.2410364834192411 0.037135211738779164 4.524 3.083 0.0 0.0
J-o 1D3 True F99 58626.678096519354 0.34960065721437994 6.818190306235452 0.107019148961861 -0.8831927645046633 0.5269950039263275 -0.3654345990025569 0.05971895046863541 1.57 1.546 0.058 0.065
J-o-ztfg 1D3 True F99 58626.27977172505 0.29364148896173387 7.264022066648135 0.04965734595714182 -0.6200113312902813 0.37164265491608406 -0.1389146932391992 0.027635193894505045 3.202 1.881 0.0 0.004
J-o-ztfg-ztfr 1D3 True F99 58626.743120690575 0.22964995877111005 7.278528943532861 0.04250331438937002 -0.365979871400286 0.28097164610724523 -0.0952521776057383 0.025295618101299173 5.447 2.002 0.0 0.0
J-o-ztfr 1D3 True F99 58627.54437856643 0.24902905321848362 6.970912413403738 0.08021563388169436 -0.1255907135653448 0.31823217798841213 -0.2752934363780063 0.04947521515116421 0.72 0.713 0.872 0.88
J-o-ztfr 2D True F99 58628.20085552349 0.22788199714141116 7.403491616970529 0.08549263279478048 0.14185031892680275 0.3127685420414312 0.02400368557207926 0.0521117810645933 0.66 0.652 0.925 0.931
J-ztfg 1D3 True F99 58622.82341880957 1.8494089105550133 7.31449669169144 0.09338063583800517 2.105937244896622 1.408604305979663 -0.09527838438549724 0.07092767142346772 0.516 0.509 0.846 0.851
J-ztfg-ztfr 1D3 True F99 58627.10976169779 0.30998875418636124 7.356931675694843 0.04765616039160551 -0.051308417532749714 0.3493853034109155 -0.054942537722860965 0.026687900679816023 5.983 1.715 0.0 0.024
J-ztfg-ztfr 2D True F99 58628.237956345765 0.23908531530363492 7.515417810843007 0.04773249105753671 -0.002655348908130377 0.33990425730605067 0.0938366495810716 0.029426035860710933 0.76 0.452 0.765 0.982
J-ztfr 1D3 True F99 58626.99385519148 0.31229403814449797 6.8270006243564545 0.08901411299459824 -0.19832687426826212 0.40650292794249465 -0.37320533740961925 0.05206289207619087 1.859 1.814 0.04 0.046
o  True F99 58627.395741658416 0.596617773438042 4.599149419127778 3.8994473790671984 0.2289728818377179 0.7287911603647739 -2.9112523628260107 3.1859547287095737 0.832 0.829 0.65 0.653
o-ztfg  True F99 58627.6196070553 0.3839968529818953 8.576459130849965 0.06431698380358306 -0.3140404030635374 0.37781404081520664 0.07569353695473163 0.04908635251377882 0.641 0.639 0.914 0.916
o-ztfg-ztfr  True F19 58627.80234611628 0.31221310980632355 7.667193044316846 0.0574350686933574 -0.11730993049895831 0.2932307967885557 0.1529691295834985 0.04166898073815536 1.853 1.413 0.001 0.049
o-ztfg-ztfr  True F99 58627.792159236575 0.2853711654874621 8.606672320122389 0.05570446504595941 -0.1051414375794711 0.2780956704875099 0.10812793764947266 0.040395820159811184 0.542 0.529 0.99 0.992
o-ztfr  True F99 58627.76889531238 0.32857544075815653 8.063443412586127 0.5230223910902866 -0.005345465646320092 0.3305780933511448 -0.286732602996999 0.3813071846861038 0.603 0.6 0.951 0.953
ztfg  True F99 58625.20514689309 2.145472347288959 20.37495682602542 10.33277830374246 0.7540823760321633 1.2759254475862052 18.4560212117703 12.803137147028028 0.073 0.072 0.996 0.996
ztfg-ztfr  True F19 58627.75882440139 0.42805723239136684 7.678177391226799 0.06148127156458052 -0.06908417658037429 0.35607186820792386 0.17524737506170213 0.047534358690079735 2.413 1.751 0.001 0.028
ztfg-ztfr  True F99 58627.77454052823 0.3798895315695999 8.618262255545961 0.05942895227692575 -0.07375672720083012 0.33419378071644434 0.13074727255860208 0.045979759951557 0.213 0.211 1.0 1.0
ztfr  True F99 58627.987182471246 0.4361303149522799 12.179694647845306 5.8165638861429345 -0.20654968447990024 0.5465816360573866 2.6788201333050994 4.0050582420319865 0.218 0.215 0.988 0.988