bps_used variant success reddening_law t0 e_t0 x0_mag e_x0_mag x1 e_x1 c e_c rchi2_data rchi2_data_model fitprob_data fitprob_data_model
c  True F99 59158.71901453127 2.235336433205675 11.182891045802592 4.5866262808285185 -1.688589292811824 0.8217359155517252 3.46677539107972 4.246597347150542 0.213 0.211 0.983 0.983
c-o  True F19 59163.91221498799 0.5840755365639813 7.25515667314267 0.09649046859004652 0.599033750804044 0.4168176326218636 -0.2158666047479793 0.078877063426405 0.966 0.881 0.514 0.642
c-o  True F99 59163.94032261291 0.5552057618883034 8.316709631041693 0.0920271045696118 0.5774146884762184 0.3984513045805853 -0.22520293503701183 0.0752553737099906 0.894 0.888 0.623 0.631
c-o-ztfg  True F19 59164.578750159795 0.256179448137198 7.394484305297672 0.03589801478571041 0.6449182145594157 0.30558252214303866 -0.10182741781010551 0.03485577839966201 0.778 0.699 0.856 0.935
c-o-ztfg  True F99 59164.57135403563 0.2485366238239857 8.452453214537737 0.03509928455152231 0.6374624446455852 0.29612056118772767 -0.11461916091862848 0.03375634242592953 0.675 0.66 0.952 0.96
c-o-ztfg-ztfr  True F19 59164.403288311776 0.22165559888780786 7.350035036449892 0.033545677003484986 0.6397098865233153 0.24618624740263526 -0.1081866569896004 0.02895242807218023 0.563 0.515 0.998 1.0
c-o-ztfg-ztfr  True F99 59164.39574052927 0.21432392232026004 7.349335086856359 0.03276146961592855 0.6300697552297851 0.2369708963279717 -0.11086652399664351 0.028161033953105073 0.563 0.548 0.998 0.999
c-o-ztfr  True F19 59163.84403595327 0.36672806280754083 7.259387117706455 0.0801553563852212 0.6361099649557717 0.29531132635315666 -0.20152564236159043 0.06249819602239322 0.686 0.606 0.948 0.984
c-o-ztfr  True F99 59163.85890001998 0.3509946539839862 8.3200179973784 0.07641162040775731 0.6205439342522656 0.281866455387352 -0.21175097923594755 0.05967915727715686 0.607 0.596 0.984 0.987
c-ztfg  True F99 59164.77648525036 0.33964976456162016 8.489261642961106 0.03918664832236265 0.7861216966606804 0.39734437170232056 -0.03174062725598291 0.09303089125272496 0.377 0.374 0.998 0.998
c-ztfg-ztfr  True F19 59164.562347208586 0.24750733144849074 7.40946512153168 0.034782216915994736 0.7783131469579754 0.2705054378797902 -0.07916120230378315 0.03432349095750273 0.516 0.452 0.997 0.999
c-ztfg-ztfr  True F99 59164.55652982932 0.2394678133429447 8.467835991531675 0.03398693111604562 0.7709567306132435 0.26050823749135227 -0.09101443284081259 0.03332652979254349 0.393 0.385 1.0 1.0
c-ztfr  True F99 59163.8122221431 0.4560477103166396 8.37199459557521 0.08451370577166592 0.9277229890442549 0.32767517658044276 -0.16805784934959778 0.06947287649718509 0.288 0.286 1.0 1.0
J 1D3 False F99 59159.34405836682 -1 8.289177180159719 50.75468589636499 0.011924139094964759 -1 0.00014323536704282996 20.558044782154646 None None None None
J-c 1D3 True F99 59155.36877942971 4.5840046418837295 6.735904360403741 0.38088033673942845 0.11533568116484245 1.280943608120266 -0.036564371017748495 0.12328687910082912 0.347 0.346 0.959 0.96
J-c-o 1D3 True F99 59164.018839693264 0.47130309285009603 7.231829664250292 0.07539934556934652 0.5768552416861825 0.3980463567451675 -0.21093073104866963 0.0569681423758887 0.839 0.832 0.713 0.723
J-c-o-ztfg 1D3 True F99 59164.54035635821 0.24508688629318437 7.345306505993063 0.03397355922551348 0.6355287914013472 0.2965782361721525 -0.12752919463042758 0.03029128336540167 0.668 0.651 0.959 0.968
J-c-o-ztfg-ztfr 1D3 True F19 59164.37987942955 0.2199236115832267 7.34344321966607 0.032575596050475816 0.6372036738275385 0.24646783790762908 -0.11709104033562116 0.027084683212379907 0.564 0.513 0.998 1.0
J-c-o-ztfg-ztfr 1D3 True F99 59164.37991595919 0.21994181148269462 7.385063759806126 0.03259693294695891 0.6368637366273076 0.24646095458444375 -0.10700108900898908 0.02710866696244197 0.648 0.575 0.988 0.998
J-c-o-ztfg-ztfr 1D3 True O94 59164.37991043103 0.21993241358812934 7.385062567125502 0.032594640607707434 0.6368614406095943 0.24644960805568666 -0.10700332527982814 0.02710505547681699 0.657 0.581 0.985 0.997
J-c-o-ztfr 1D3 True F99 59163.880976226625 0.3298449555108855 7.227324083156058 0.06737894232955995 0.6221936000207242 0.28146693881465656 -0.20541342394458875 0.05099899840932582 0.584 0.573 0.99 0.992
J-c-ztfg 1D3 True F99 59164.92370210655 0.3159619480263711 7.372133304680945 0.03606587511945818 0.9921432590615333 0.3687652514697369 -0.13475035151002568 0.051530311279269075 0.434 0.417 0.995 0.997
J-c-ztfg-ztfr 1D3 True F99 59164.53738767085 0.2384001229959041 7.357892840028811 0.0326463016268247 0.774914612824177 0.2614155633292991 -0.10770683701830083 0.029936327218875607 0.418 0.402 1.0 1.0
J-c-ztfr 1D3 True F99 59163.787206284396 0.42922680981325156 7.26496177697009 0.07047294839955463 0.925574294221069 0.32782228668460867 -0.1743713687285519 0.05482183613247609 0.27 0.268 1.0 1.0
J-o 1D3 True F99 59163.586795622556 0.5491186877601998 7.300263357611779 0.20652622107041937 -0.5927560780761729 0.5648640653202607 -0.14306544621799389 0.13503310563878412 0.772 0.767 0.736 0.741
J-o-ztfg 1D3 True F99 59164.32291489911 0.26195902741900806 7.326541632778898 0.03692727779748874 0.09103218617506922 0.3544504493574519 -0.13841978855245432 0.031203479736045484 0.667 0.661 0.937 0.941
J-o-ztfg-ztfr 1D3 True F99 59164.278823197536 0.22122487122124596 7.338326208189417 0.03408284956481138 0.33014265213261446 0.2649548682620093 -0.11956650431237173 0.027104163054104787 0.578 0.564 0.995 0.996
J-o-ztfr 1D3 True F99 59163.812058575866 0.3395161710237336 7.1852914623994195 0.1612423131578231 0.32134412331057005 0.32871230841654614 -0.22764349787606147 0.1174416837073525 0.576 0.563 0.982 0.985
J-ztfg 1D3 True F99 59164.737126656444 0.3450528500157374 7.359276019050547 0.04152463721172541 0.6309361697559691 0.4754794118058637 -0.17362305080443036 0.06464277706169885 0.333 0.331 0.994 0.994
J-ztfg-ztfr 1D3 True F99 59164.41390703802 0.2526059024328226 7.353894455346323 0.03521730349775746 0.5567642540030071 0.3012249746603564 -0.10830667633901661 0.030522988962037534 0.373 0.361 1.0 1.0
J-ztfr 1D3 True F99 59163.734223651314 0.4583058534207876 7.239647719779085 0.15663515879028136 0.6728767835920582 0.401756784081817 -0.18553293634260648 0.11665193234127351 0.161 0.16 1.0 1.0
o  True F99 59163.492231905824 0.5445094924953843 10.666866768164851 2.0793728438298102 -1.126310856133995 0.7092069024319815 1.354712682234928 1.2958487937518999 0.808 0.803 0.678 0.684
o-ztfg  True F99 59164.35354260757 0.2680343049146558 8.431467465842275 0.03803567651368583 0.10894998021134222 0.3562363879106761 -0.1297498685093808 0.034766381784118505 0.693 0.689 0.91 0.914
o-ztfg-ztfr  True F19 59164.30748242097 0.23099219447061892 7.386330339839147 0.035900836280813586 0.349554694988335 0.2756581702659866 -0.09915224686878088 0.0297351508434861 0.681 0.597 0.964 0.991
o-ztfg-ztfr  True F99 59164.30294596478 0.22346188797663005 8.444737870768833 0.03514473995283334 0.33954366453516094 0.2650251113303069 -0.11143405210237405 0.02899463113825686 0.581 0.571 0.994 0.995
o-ztfr  True F99 59163.69574892585 0.3613115108436498 7.819260731783437 0.5111206397902593 0.36789687552854666 0.33508022783198715 -0.5810416037210517 0.39022027289041267 0.564 0.561 0.982 0.983
ztfg  True F99 59164.27488938893 0.7412180022273722 8.98788340431362 1.7071697503755785 -0.020420133159623613 1.1352378690688854 1.8001248754476293 4.106289382129882 0.357 0.354 0.986 0.986
ztfg-ztfr  True F19 59164.44488542446 0.2622238378463843 7.404479585917514 0.03731211927015911 0.5716534424059913 0.31215003269859776 -0.08129133966686646 0.03481379397345147 0.481 0.413 0.995 0.999
ztfg-ztfr  True F99 59164.43869011494 0.2541049500538445 8.463346068829523 0.036548093333006286 0.5656704768519192 0.3005560361862292 -0.09286778221612049 0.033889332489060245 0.345 0.343 1.0 1.0
ztfr  True F99 59163.75119289396 0.4615602399764146 9.62070524058457 4.657812230404468 0.5384967227718096 0.6466862929946734 0.7960545092189146 3.5072293417501603 0.174 0.173 1.0 1.0