bps_used variant success reddening_law t0 e_t0 x0_mag e_x0_mag x1 e_x1 c e_c rchi2_data rchi2_data_model fitprob_data fitprob_data_model
c  False F99 59018.77291660795 -1.0 7.853651387779571 -1.0 1.2458151137939917 -1.0 -0.45836278267887587 -1.0 None None None None
c-o  True F19 59020.243790374865 0.6666848339676941 8.152016326626192 0.11887037773409184 -0.21453189557057362 0.7753246625469011 -0.02516804659646945 0.09933695996678558 0.695 0.664 0.873 0.901
c-o  True F99 59020.2297253184 0.6497431748629411 8.064447759572847 0.11688806614495942 -0.2247493817487085 0.7624371782148078 -0.04963370892788306 0.09745111513873218 0.571 0.57 0.96 0.961
c-o-ztfg  True F19 59020.23543805347 0.4296246275891263 8.113256278948661 0.046043174270258724 -0.4766111135915543 0.6010686118899338 -0.047194837833760744 0.04705961865975946 0.699 0.645 0.905 0.945
c-o-ztfg  True F99 59020.23018223542 0.4216275706704828 8.027328947809544 0.04546376442863718 -0.480205327881605 0.5923148571679577 -0.07058250298093656 0.04618082277091173 0.463 0.461 0.997 0.997
c-o-ztfg-ztfr  True F19 59020.25474069713 0.3989551246208274 8.02359205086942 0.045545581676384575 -0.5876180943346653 0.5565040678533085 -0.05485989417863231 0.04344943545752746 0.45 0.435 0.998 0.999
c-o-ztfg-ztfr  True F99 59020.24937651762 0.39085318295377464 8.024777042329273 0.044987288825224736 -0.5936603298801593 0.5467159861920702 -0.057730424087146376 0.04268978228207162 0.45 0.447 0.998 0.999
c-o-ztfr  True F19 59020.30553523205 0.5722693567392226 8.154750125340517 0.11647889904834917 -0.4189394695843607 0.6942759973184545 -0.0045785391359602435 0.0955517975239671 0.692 0.658 0.891 0.92
c-o-ztfr  True F99 59020.29479339415 0.5569738246883329 8.067244527415811 0.11443680968131785 -0.4320251843475887 0.680727029486467 -0.029004823154089955 0.09370453137000687 0.55 0.546 0.976 0.977
c-ztfg  True F99 59020.34271794201 0.5598244250017529 8.013588865659493 0.05285162131769014 -0.7014818181013358 0.8456170233255388 -0.12082064049821269 0.16237232030134655 0.082 0.082 1.0 1.0
c-ztfg-ztfr  True F19 59020.29883071097 0.4939948159190794 8.108890255884985 0.050508183467494756 -0.8023708068208006 0.7459273668491826 -0.010317443515755392 0.0644958006061534 0.769 0.65 0.671 0.787
c-ztfg-ztfr  True F99 59020.302800758654 0.48657223544750394 8.023287722628531 0.04978724328420145 -0.8009860392706982 0.7319093588730842 -0.03347730486090239 0.06297725245517653 0.113 0.11 1.0 1.0
c-ztfr  True F99 59020.93844261449 1.1045524103277822 8.161052748350734 0.15947498988680053 -0.289038554710469 1.2148614064822096 0.08780211119712414 0.1534405638108387 0.019 0.019 0.997 0.997
J 1D3 True F99 59018.01927477664 2.189931047710727 11.227038473283246 9.750863108179256 -11.560593052184643 9.405128745104498 1.2370319303102462 3.580225875474724 1.107 0.903 0.293 0.342
J-c 1D3 True F99 59018.170225749986 1.3382215678134033 7.97376086852327 0.11701030301612576 0.5072813112706452 1.8751342709517937 -0.10642991426383418 0.06639270603979654 0.509 0.508 0.769 0.77
J-c-o 1D3 True F99 59019.753458471016 0.5678479779217651 7.988916417605561 0.08339549433531196 -0.34322036393739097 0.748460384031332 -0.11446478082319866 0.05807577568165463 0.63 0.625 0.946 0.948
J-c-o-ztfg 1D3 True F99 59020.01922237819 0.39692909861614445 8.010783097004687 0.04262100498278568 -0.5438731508640419 0.5864801895766634 -0.097368608967559 0.03579248826491433 0.54 0.531 0.992 0.993
J-c-o-ztfg-ztfr 1D3 True F19 59020.07593173201 0.37699265759337797 8.005337892712639 0.04218760521937277 -0.6585633594737377 0.5501017751280968 -0.08167428098290001 0.03469443560059997 0.548 0.477 0.992 0.998
J-c-o-ztfg-ztfr 1D3 True F99 59020.07931280769 0.37706535099422633 8.093384073010508 0.04226902510554637 -0.6592739016533415 0.5500914949163037 -0.05951307137862609 0.03479285025487493 0.736 0.641 0.897 0.966
J-c-o-ztfg-ztfr 1D3 True O94 59020.07920892414 0.37703567317521264 8.093375181006925 0.04226486585896534 -0.659330085437577 0.5500620732434637 -0.05952316343413878 0.03478627006168281 0.753 0.656 0.878 0.958
J-c-o-ztfr 1D3 True F99 59019.857584490084 0.4895560282066346 7.972475442014115 0.07873848275231755 -0.6099725712863653 0.6657593674193794 -0.11069358809923772 0.056548048575486995 0.628 0.62 0.955 0.959
J-c-ztfg 1D3 True F99 59020.10676480238 0.5140399299043793 8.005861710852315 0.04695855048707669 -0.8154605705924104 0.8352526321370679 -0.12642489080008407 0.05014379376661679 0.383 0.381 0.976 0.976
J-c-ztfg-ztfr 1D3 True F99 59019.97820497271 0.434890466889965 7.993703633287394 0.04406706962944407 -0.9872746929288472 0.708884709226594 -0.09524992540265953 0.039944161637988654 0.454 0.431 0.968 0.975
J-c-ztfr 1D3 True F99 59019.41622173444 0.6961094590971475 7.945388600007249 0.0888361479175149 -1.2022142743907518 1.0925903299040203 -0.11897493259334704 0.06354589647208658 0.71 0.682 0.683 0.708
J-o 1D3 True F99 59019.84128292005 0.6124588731906196 7.892544991249225 0.1651560482363569 -0.4921135349370598 0.816760196432134 -0.16708985327945752 0.10302551576418803 0.697 0.695 0.877 0.878
J-o-ztfg 1D3 True F99 59020.00269938363 0.40131257005107446 8.003512103991987 0.04626764161701723 -0.6556470249004744 0.6195954101630406 -0.0982128658571888 0.0360487149029469 0.593 0.584 0.973 0.976
J-o-ztfg-ztfr 1D3 True F99 59020.01374451455 0.3696889497852531 7.993834649895469 0.044473402217628265 -0.795825195766384 0.5637444836904325 -0.09058293960220255 0.03439695891133904 0.586 0.571 0.98 0.984
J-o-ztfr 1D3 True F99 59020.00803263603 0.5417311288710343 7.843919653859389 0.14492546308628113 -0.6811692146674485 0.7240558943405847 -0.1886732658651027 0.0975271586091374 0.658 0.656 0.923 0.925
J-ztfg 1D3 True F99 59020.04918921453 0.5070047311608185 7.995109084864327 0.053014298639374687 -1.1539102052698256 0.9441840401701428 -0.12684835643459838 0.05050329289458496 0.492 0.489 0.881 0.883
J-ztfg-ztfr 1D3 True F99 59019.93324566602 0.4399324971110368 7.97954647473728 0.04786098481592588 -1.2594968327954454 0.7704690440603159 -0.0961768182093437 0.03987056149050102 0.544 0.513 0.887 0.908
J-ztfr 1D3 True F99 59019.28737736849 1.0403886024854472 7.811510896978312 0.18299538603717316 -2.167938649602605 1.6217324120289531 -0.17384303758574782 0.12290570004900166 0.94 0.853 0.44 0.491
o  True F99 59020.28356017753 0.684973431350002 9.364726432843069 2.798007981124924 -0.5947261386400977 0.9660110935858508 0.8587780948489869 1.8807401939005681 0.663 0.662 0.879 0.88
o-ztfg  True F99 59020.22267561608 0.4286004107485138 8.018676115490708 0.04873422689208636 -0.5758722869652269 0.6274999735806894 -0.0718299103481058 0.0460649033352307 0.515 0.514 0.987 0.987
o-ztfg-ztfr  True F19 59020.25037252787 0.4079192693134222 8.100324799955448 0.04848308612619472 -0.6750529226462889 0.586010904988409 -0.03728313228399861 0.04357499731452572 0.717 0.663 0.884 0.93
o-ztfg-ztfr  True F99 59020.24511746908 0.39955212466117895 8.0144027967502 0.047855287230958415 -0.6799099945040152 0.5748525408249939 -0.060763307730285085 0.0427986301334873 0.491 0.489 0.994 0.994
o-ztfr  True F99 59020.302853096764 0.6189162858771001 7.658628379951542 0.832593080235921 -0.40250861151663325 0.8181808595388105 -0.33344026479949834 0.6337441343728221 0.62 0.618 0.929 0.93
ztfg  True F99 59020.26071697954 0.8415443780132519 8.004208280135835 0.10674739730986116 -1.0315972274685223 1.3245762373925556 -0.04714199503617141 2.2433096332787463 0.065 0.065 0.992 0.992
ztfg-ztfr  True F19 59020.30667908191 0.5180259809440193 8.092072066321503 0.05347125975459522 -1.0033311584286762 0.8275035262716444 -0.007239014170619603 0.06466644190368384 0.875 0.728 0.526 0.648
ztfg-ztfr  True F99 59020.310682846386 0.5114438521365716 8.006590250578345 0.052668352703675446 -0.9957159889696182 0.8094310423024469 -0.0307871288686717 0.06300882458946691 0.06 0.059 1.0 1.0
ztfr  True F99 59021.08406757501 2.2952834825757704 8.048675975640343 17.16627876449691 -0.13568207450641348 2.6712314383956755 -0.001198313049634814 13.589500143201484 -1 -1 -1 -1