bps_used variant success reddening_law t0 e_t0 x0_mag e_x0_mag x1 e_x1 c e_c rchi2_data rchi2_data_model fitprob_data fitprob_data_model
c  True F99 59321.06235952088 0.7033335767329674 8.533310920533573 0.668849965840587 2.6007591444667426 1.0175343897890943 -3.3223496530225374 2.0340861323984987 0.781 0.767 0.584 0.596
c-o  True F19 59318.629911022 0.42348330743381835 7.54843595066588 0.07867381558753249 -0.6503108509515669 0.3834444686870696 -0.21499665839804466 0.07567822729355456 1.219 1.096 0.19 0.327
c-o  True F99 59318.61544011169 0.40541677432080664 8.593238328272772 0.074792874657014 -0.6182636005176211 0.37057308918521775 -0.22761834160383088 0.07257782739241002 1.056 1.048 0.382 0.394
c-o-ztfg  True F19 59318.61579495219 0.1932216758105552 7.58765887852366 0.030351064188371163 -0.10703340382087567 0.22107594712536333 -0.2080970337158649 0.03809029194414338 1.017 0.866 0.44 0.734
c-o-ztfg  True F99 59318.61560016338 0.18391198367484782 8.62937050967961 0.029563374140780887 -0.09455236837585247 0.21129508697516947 -0.22207980059979232 0.03703921039082263 0.746 0.74 0.906 0.911
c-o-ztfg-ztfr  True F19 59318.50919619181 0.1693684356985856 7.548385568050311 0.029615840061376138 -0.10207396534372427 0.1953549062358352 -0.12984783013574014 0.028313472743719887 0.918 0.786 0.668 0.902
c-o-ztfg-ztfr  True F99 59318.50682816708 0.1608244994145541 7.5510568548161 0.02882165185649137 -0.09005648723664839 0.1868878497623231 -0.12990171849490872 0.02747946018324772 0.917 0.832 0.671 0.837
c-o-ztfr  True F19 59318.334183736966 0.2639443842020919 7.649227349684658 0.0648484736475795 -0.36266034038079464 0.27898275818652607 -0.07160666164234006 0.05421745219667843 1.368 1.119 0.044 0.262
c-o-ztfr  True F99 59318.3253715256 0.24872965116335938 8.69351738643744 0.06149689403995309 -0.3444108564891881 0.2674584340800551 -0.08493683761989476 0.051533042509535006 1.173 1.068 0.19 0.345
c-ztfg  True F99 59318.60927390712 0.19396811652876592 8.640436226018572 0.03477564279908274 0.10698824049467873 0.2392576144828761 -0.2405914161069674 0.09453541477028934 0.486 0.479 0.985 0.987
c-ztfg-ztfr  True F19 59318.575597445946 0.17636406050976247 7.634149645487183 0.031335585639510895 0.031946292515069925 0.21422812831159999 -0.058487633438252265 0.03297361518551687 0.876 0.64 0.704 0.97
c-ztfg-ztfr  True F99 59318.57196589628 0.16743982509450378 8.676655865756352 0.030472821471490483 0.043184115370690196 0.2047314562453252 -0.07360886174588073 0.03195193474605375 0.503 0.468 0.998 0.999
c-ztfr  True F99 59318.39951175295 0.2699328125249521 8.77197969976988 0.06847952812341374 -0.09945131775221762 0.32326318727154346 0.013707519304312089 0.05983085365352257 0.632 0.622 0.921 0.927
J 1D3 False F99 59316.9350406991 -1 41.23879482340266 133.61114920705754 -16.26951047004237 -1 11.40753343989633 45.25381619791556 None None None None
J-c 1D3 True F99 59318.207319464185 0.39598055230960244 7.642101358642192 0.06254590308466791 -0.3982820378341708 0.5558091745871622 -0.02936680626972867 0.04383568495740444 1.193 1.174 0.294 0.307
J-c-o 1D3 True F99 59317.987286965916 0.30065705073609966 7.623902746912588 0.05466856236109402 -0.8364128357777398 0.35487562568338005 -0.07826866956148237 0.041335727204603954 1.199 1.131 0.2 0.277
J-c-o-ztfg 1D3 True F99 59318.43195109964 0.17667855008555478 7.561787514474064 0.02916114025211346 -0.17659111096768346 0.21005077250099502 -0.13985219973239404 0.02943094432753836 1.092 0.953 0.301 0.571
J-c-o-ztfg-ztfr 1D3 True F19 59318.445243264636 0.16417640516714516 7.561469457562002 0.029026470224600327 -0.13023517917269534 0.1943762539775214 -0.10772072204895586 0.025512892920509726 0.973 0.796 0.542 0.894
J-c-o-ztfg-ztfr 1D3 True F99 59318.44352290391 0.16419531594925074 7.622087240496612 0.029057301493591318 -0.1315019930285761 0.19437486848548213 -0.09275550507569623 0.02555062011210325 1.226 0.929 0.095 0.648
J-c-o-ztfg-ztfr 1D3 True O94 59318.44346327004 0.16418176607317855 7.622091546693233 0.02905378994739556 -0.13149617995547985 0.19436405063239204 -0.09274726852547222 0.025544746070009172 1.243 0.938 0.081 0.626
J-c-o-ztfr 1D3 True F99 59318.21574160528 0.21456915346132677 7.626943608803215 0.05009403581730089 -0.3828815148697507 0.2624097002196133 -0.05256325862006446 0.03728470191195005 1.123 1.024 0.252 0.426
J-c-ztfg 1D3 True F99 59318.54417184603 0.18779216334369853 7.582063477885056 0.03066788545069724 0.015844415765556688 0.23716258355885486 -0.06809598171666677 0.03691675953479591 0.683 0.606 0.895 0.949
J-c-ztfg-ztfr 1D3 True F99 59318.522044211364 0.1607930505705077 7.583734345156066 0.029139108488157307 0.02311965638652485 0.20359217037667096 -0.060715842961015384 0.02623240837366318 0.509 0.465 0.998 0.999
J-c-ztfr 1D3 True F99 59318.39218376587 0.23541444343234225 7.65156366799669 0.05199423552731641 -0.08478975412683398 0.32059786759508313 -0.009811992585288216 0.037782839372080275 0.601 0.582 0.952 0.961
J-o 1D3 True F99 59318.532069343 0.4637270647982774 7.916330387419242 0.1487402400834059 -1.1852557653561746 0.46810259954968814 0.08947854532105527 0.08490292572594538 0.878 0.875 0.63 0.634
J-o-ztfg 1D3 True F99 59318.38410767126 0.196077129616795 7.552404184862677 0.032486976661603224 -0.17846594900309942 0.22578016515185292 -0.14042332413093028 0.029269159391802305 1.07 0.92 0.35 0.62
J-o-ztfg-ztfr 1D3 True F99 59318.3695660297 0.1656279459892284 7.55007146928714 0.031129933261302194 -0.1212657403040229 0.19581160377912865 -0.11111980421256143 0.024836150503244878 0.899 0.789 0.697 0.884
J-o-ztfr 1D3 True F99 59318.16756564399 0.25023525972484795 7.610438964793156 0.10023394069528194 -0.39176674847650905 0.2962133176830352 -0.06326490018107334 0.0677081429775113 1.136 1.019 0.252 0.437
J-ztfg 1D3 True F99 59318.4972257666 0.205873502643153 7.561202993559407 0.03443059507175061 0.0548824493515172 0.2601063668762513 -0.051524975574602894 0.03605155308978292 0.136 0.135 1.0 1.0
J-ztfg-ztfr 1D3 True F99 59318.46872154915 0.1733135986886395 7.5637480669572845 0.03229859521504946 0.0488011500562774 0.2171263347762081 -0.06739480060156035 0.02650872836246894 0.215 0.203 1.0 1.0
J-ztfr 1D3 True F99 59318.34631756437 0.28678788322424986 7.608022486945067 0.10110064100004054 0.028498173683146298 0.3920932442099297 -0.040848355993120804 0.06607265911914563 0.286 0.282 0.999 0.999
o  True F99 59319.28015639089 0.7520437150363432 10.569706380581986 1.7845851174801683 -1.567760250414481 0.6171247095944156 1.1243737962171891 1.1546231457209486 0.903 0.9 0.584 0.588
o-ztfg  True F99 59318.61806481256 0.21053381559781698 8.62891501175854 0.03245085536284955 -0.09194978447705138 0.2279031443935572 -0.22009734943497805 0.037169358689445285 0.675 0.672 0.939 0.941
o-ztfg-ztfr  True F19 59318.45582473313 0.18370009310932559 7.593905676021421 0.032337926151491524 -0.0943915904001541 0.2061339045110123 -0.12150361493088702 0.028577997523119732 1.087 0.858 0.303 0.77
o-ztfg-ztfr  True F99 59318.453349736694 0.173998035230799 8.635134259832483 0.03162677082990588 -0.08767018871482699 0.19707129288519246 -0.1365120739563356 0.027779827617789292 0.843 0.763 0.797 0.909
o-ztfr  True F99 59318.423075957326 0.2843584769687332 6.28833008954764 1.0116529637504 -0.07405630255529075 0.33249812623378155 -1.97578250745352 0.8325869748377119 0.739 0.733 0.884 0.89
ztfg  True F99 59318.37757957824 0.5941336843238014 8.73728143468663 0.3301195718543107 -0.14762196839000952 0.7461472245053443 0.44412548533904883 1.6349365038169263 0.111 0.109 1.0 1.0
ztfg-ztfr  True F19 59318.52439623921 0.19216889909415955 7.6174795525990655 0.034088964511115476 0.06527976373108811 0.2287078916852231 -0.06213174869059691 0.03285739524651452 0.541 0.372 0.987 1.0
ztfg-ztfr  True F99 59318.51942481396 0.1818643077953957 8.65850637554301 0.03332648028198576 0.06757658584625931 0.21836534483358036 -0.07813691554866985 0.031875627629794366 0.195 0.192 1.0 1.0
ztfr  True F99 59318.40282486747 0.3328522984383394 6.673964950246226 3.532271462992738 0.18279167387374423 0.4526895727765011 -1.6660145257854815 2.9056340025840974 0.296 0.292 0.996 0.996