bps_used variant success reddening_law t0 e_t0 x0_mag e_x0_mag x1 e_x1 c e_c rchi2_data rchi2_data_model fitprob_data fitprob_data_model
c  False F99 58833.91533737708 16.800224428797037 5.612548828125 8.899698991964549 0.0 49.25445828331987 0.0 11.814267241238564 None None None None
c-o  True F19 58836.55816667492 2.1484469142126437 5.013526878445861 1.8542547739489625 4.894806965206702 3.6453263952533552 -1.713734143297319 1.4845545751416866 1.332 0.913 0.222 0.505
c-o  True F99 58836.540109296475 1.980318590434576 4.871450809083366 1.7481137623341483 5.003898463104656 3.3465975589371832 -1.748759521304534 1.399007105131592 0.398 0.389 0.922 0.927
c-o-ztfg  True F19 58834.2864242826 2.6597479572737117 7.3995417981976646 0.08908668985534747 1.612513839440554 3.0724648640677477 0.06646596475735225 0.07987490828136083 2.753 2.191 0.002 0.016
c-o-ztfg  True F99 58834.25925923759 2.5995260091659564 7.238083105902136 0.08688945741170155 1.6307854043397394 2.9727346064220925 0.02066083501371531 0.07763128775682887 0.453 0.45 0.921 0.922
c-o-ztfg-ztfr  True F19 58836.67314945751 1.4104481346059172 7.296189098026095 0.06160892204587621 4.279994008979859 1.706157737149249 0.05534970508774762 0.050462231009454135 0.338 0.287 0.982 0.991
c-o-ztfg-ztfr  True F99 58836.57137604468 1.3809376127075492 7.295587350958254 0.059638467626553414 4.198390798045949 1.6286941074623018 0.0487649825156958 0.04698151649116414 0.338 0.331 0.982 0.984
c-o-ztfr  True F19 58836.232127419426 1.6877684677138265 7.5801003435790495 0.6979913665341838 3.551079748890367 2.0671901830576886 0.19030333924104045 0.50682946034076 1.774 1.232 0.068 0.27
c-o-ztfr  True F99 58836.17697190421 1.590885164805304 7.395432955063673 0.6260026570228046 3.5703262745429525 1.936628192375737 0.12761633688334845 0.4559153618482743 0.395 0.389 0.938 0.941
c-ztfg  True F99 58833.22320307985 1.4798777066868276 8.311667268879209 2.8303527562184483 0.026078730561690033 5.2521654698747895 2.7825000038001004 5.256577141544189 -1 -1 -1 -1
c-ztfg-ztfr  True F19 58833.97369414386 1.2922972873916672 7.371520420860728 0.08554263761477306 -0.032178034990532456 4.132022122803005 0.054719380415328686 0.06105505185605466 7.572 5.89 0.0 0.001
c-ztfg-ztfr  True F99 58833.970436523974 1.230617167713939 7.209750948982302 0.08248120300837385 -0.09508299942212081 3.9986140938088823 0.01062438797213177 0.05809269516556995 0.247 0.245 0.864 0.865
c-ztfr  True F99 58836.1847338058 2.921999362636528 7.236096850028294 27.185866860680445 2.941008679656351 4.030867399084585 0.01252189871090147 20.777175528197592 -1 -1 -1 -1
J 1D3 True F99 58833.28006439323 4.06491118611211 -120.19687514184403 322.55243830163334 -7.95478495328955 11.457865883300244 -48.67575135474031 125.58977233802793 -1 -1 -1 -1
J-c 1D3 True F99 58832.88166597315 0.9719669250541839 5.9674835779445115 5.325255771805097 0.7938101082490696 13.283626607268879 -0.5243496954106499 1.8128111742138324 0.076 0.075 0.783 0.784
J-c-o 1D3 True F99 58833.2309388735 0.7702507264412672 6.98189153325518 0.15586711075577592 0.6708729872748975 1.3254757777326487 -0.16560447191251762 0.08814595098807591 0.419 0.417 0.957 0.958
J-c-o 2D True F99 58833.43171840691 0.7501861773951491 7.032641727338969 0.15740471888662128 0.8786859068508244 1.2819588572309892 -0.1284959007081614 0.09037243447434536 0.404 0.402 0.963 0.964
J-c-o-ztfg 1D3 True F99 58832.672317708646 0.5228227521861851 7.167190795184383 0.044325697505667755 0.1563056295838185 1.1831489235127113 -0.0667390770104657 0.03071087549132562 0.528 0.467 0.927 0.957
J-c-o-ztfg-ztfr 1D3 True F99 58832.87899547871 0.48570513044298386 7.158931769568989 0.04189494928308707 0.06618844059270076 1.1130735697731098 -0.05875377895202038 0.02942463280624169 0.716 0.555 0.798 0.932
J-c-o-ztfg-ztfr 2D True F19 58833.26830156206 0.6196577811390148 7.1805736633749655 0.045518541828273806 0.46618995733043417 1.2189987557206738 -0.0312352544481038 0.03364328387514574 0.524 0.427 0.949 0.983
J-c-o-ztfg-ztfr 2D True F99 58833.30571172608 0.6166143704015727 7.346171802026561 0.0455814108963919 0.5032599521778849 1.214464713661549 0.010835958445610434 0.033774869080537555 1.974 1.548 0.008 0.064
J-c-o-ztfg-ztfr 2D True O94 58833.30538375805 0.6164059560355606 7.346147997281131 0.04556814522158043 0.5030333621240877 1.214173867597379 0.01082108576845201 0.03375852305615031 2.118 1.659 0.004 0.039
J-c-o-ztfr 1D3 True F99 58833.406800456374 0.623667736117045 6.960107890971905 0.11049484349642812 0.7584432158401906 1.2194514791672417 -0.18066570477032612 0.07033280180671497 0.424 0.421 0.973 0.974
J-c-ztfg 1D3 True F99 58833.12568778731 0.7927886812693308 7.191947445926399 0.06694925780478128 0.7086540238877125 3.9673129768702275 -0.09145511540983578 0.03803805217359225 0.098 0.097 0.983 0.984
J-c-ztfg-ztfr 1D3 True F99 58833.22943376353 0.4991937291507958 7.134071447928709 0.05291053890336953 -2.464026196785468 2.89290603013114 -0.06556954031735944 0.032385095654072646 0.771 0.56 0.612 0.789
J-c-ztfr 1D3 True F99 58833.31760264426 0.6762594005294369 6.9708495179303345 0.11877215804091258 -2.4905066129838893 5.035748499107704 -0.14823777827206322 0.08434247140239413 0.315 0.312 0.868 0.87
J-o 1D3 True F99 58833.19607515607 0.7930485800932991 6.975938355841389 0.15843676280813937 0.6120734316762044 1.353203784119699 -0.16972400184112896 0.09006195592581447 0.449 0.447 0.934 0.935
J-o-ztfg 1D3 True F99 58832.67232142634 0.5222816656533381 7.1669451524413486 0.044344397199783094 0.13456601655672157 1.1857822812920287 -0.06662823685547012 0.030707866920443513 0.558 0.493 0.899 0.938
J-o-ztfg-ztfr 1D3 True F99 58832.85184284439 0.48565051326451925 7.157071145610907 0.04205504305664667 0.015742112634527086 1.1165035392594733 -0.060118444665014995 0.029589649389915818 0.756 0.592 0.747 0.901
J-o-ztfr 1D3 True F99 58833.42416045949 0.6203278837733303 6.968075347164228 0.10951161109571875 0.7621887761487605 1.2173877358532927 -0.1748853847679651 0.06949928212126674 0.445 0.442 0.96 0.961
J-o-ztfr 2D True F99 58833.604952295915 0.6436208287340395 7.0262106097682455 0.11906780672290644 0.9478939070719161 1.2056889263131423 -0.13284511995539033 0.07691497052855846 0.42 0.417 0.969 0.97
J-ztfg 1D3 True F99 58833.15171718908 0.7627774913589651 7.188451889737154 0.06736876156269145 0.41791364565575684 3.998665781751031 -0.090990588202257 0.0379762860717141 0.092 0.091 0.964 0.965
J-ztfg-ztfr 1D3 True F99 58833.24832855805 0.4855380525038836 7.133552928298499 0.05292630698202535 -2.620251307685323 2.899041341579867 -0.06312789479836073 0.03219924348324137 0.831 0.587 0.546 0.741
J-ztfg-ztfr 2D True F99 58833.418549014685 0.5046630507640986 7.155846551968176 0.05553196066095139 -1.8997141657422651 2.944171487937557 -0.04079066626616507 0.03501851158682282 0.435 0.36 0.856 0.904
J-ztfr 1D3 True F99 58833.28483717134 0.6842161265063854 6.972652218217164 0.11938742032367146 -3.361833580925068 5.4045315830396925 -0.13932951390916723 0.08820742188403544 0.326 0.32 0.807 0.811
o  True F99 58833.90210314914 3.007897065416097 -10.788753994356917 29.81770382277746 1.7935894290388639 4.586072129016377 -16.267842321052388 29.824884314557778 0.385 0.382 0.912 0.914
o-ztfg  True F99 58834.25930742762 2.599631279675068 7.238085459409975 0.08689146774211694 1.6308446153973606 2.9728571232143453 0.02066212051220471 0.07763205141346351 0.453 0.45 0.921 0.922
o-ztfg-ztfr  True F19 58836.67217908342 1.4113637374755854 7.459131009864389 0.06168068650183426 4.278621897755247 1.7069224777793481 0.09429303383035409 0.050499033140805956 2.747 1.988 0.001 0.021
o-ztfg-ztfr  True F99 58836.5713945743 1.380899543797886 7.2955876003041755 0.05963805089091747 4.198439082684695 1.6286566373114024 0.0487643880511401 0.04698139042421189 0.338 0.331 0.982 0.984
o-ztfr  True F99 58836.176947635104 1.5909032023633758 7.395442928637232 0.626002356623743 3.5702996788993824 1.936647113321563 0.1276233695506955 0.45591485002021925 0.395 0.389 0.938 0.941
ztfg  True F99 58833.56987541981 1.4704292520431077 7.209185660580179 0.8265972920175132 0.16672362420952316 4.126718797599108 0.01075471882552225 4.441070554868101 -1 -1 -1 -1
ztfg-ztfr  True F19 58833.931505010114 1.218969705427242 7.367440577408763 0.08531372222511495 -0.2854650403375194 4.14662145111733 0.05376639696847888 0.06072485280830975 11.264 8.758 0.0 0.0
ztfg-ztfr  True F99 58833.93049505666 1.1640380391573883 7.205875784510159 0.08226933231153136 -0.3371710491449046 4.0112385956798695 0.009640584155509859 0.05787562504998991 0.286 0.284 0.751 0.753
ztfr  True F99 58836.184654176344 2.9221234686564634 7.235797946231512 27.168392343873567 2.940977580979658 4.030393973842228 0.012293368948141366 20.76397636255381 -1 -1 -1 -1