bps_used variant success reddening_law t0 e_t0 x0_mag e_x0_mag x1 e_x1 c e_c rchi2_data rchi2_data_model fitprob_data fitprob_data_model
c  True F99 59326.90150552851 2.8646599704892575 8.734774283206056 0.8656677732676732 3.565657963970186 9.618689226869526 -0.4399262290414748 1.8101231590612648 0.914 0.908 0.401 0.403
c-o  True F19 59324.85182071637 0.5459267479492655 7.418834300306271 0.27199135441801137 -0.7052599631889296 0.6794940718683438 -0.044468010936579996 0.180707150482852 0.644 0.567 0.875 0.932
c-o  True F99 59324.85549328421 0.4993694131203217 8.428899159838826 0.26540291795809057 -0.7166225881229402 0.6569507134212591 -0.06842849517652067 0.17610993367718666 0.458 0.456 0.978 0.979
c-o-ztfg  True F19 59324.559258463065 0.35330971912079545 7.528627086225514 0.05418835093393603 -0.5932675860406555 0.3757824810842111 0.035602133567519054 0.050180040845474436 0.685 0.592 0.893 0.957
c-o-ztfg  True F99 59324.57420546877 0.3391331622940349 8.537748109728838 0.052954900631093 -0.6099489606776436 0.35798493439614043 0.01062725371764664 0.04867509939333667 0.364 0.362 0.999 0.999
c-o-ztfg-ztfr  True F19 59324.54506635986 0.27677347800111646 7.4401993460093365 0.05123940866146215 -0.6271561064269443 0.33988514282223176 0.03833533857280784 0.040986858984919584 0.342 0.306 1.0 1.0
c-o-ztfg-ztfr  True F99 59324.54950165206 0.2634755920685897 7.439992937294727 0.05007099539922752 -0.6449614340237579 0.32206139096905 0.03549109252214336 0.0397656455352691 0.342 0.329 1.0 1.0
c-o-ztfr  True F19 59324.60817469791 0.35043082009247284 7.407603663163739 0.2210800680891207 -0.7567823033021728 0.5129907105841229 -0.02495341413354097 0.15228295689755797 0.666 0.544 0.913 0.978
c-o-ztfr  True F99 59324.612909657924 0.3291000475293106 8.433659381986253 0.2102961397977761 -0.7620847544602648 0.4881933490181596 -0.0375109470774588 0.1443034824353312 0.403 0.388 0.998 0.999
c-ztfg  True F99 59324.42868070304 0.480857922650109 8.562027221579257 0.07101481436084098 -0.8736998095033564 0.6350999703580636 0.1388869894165414 0.22941061417031897 0.304 0.301 0.985 0.986
c-ztfg-ztfr  True F19 59324.618621245085 0.30389777399955564 7.538526942010183 0.05319453890487644 -0.6272422528719073 0.3856892829737939 0.08954195118562869 0.04765330451091368 0.712 0.575 0.826 0.938
c-ztfg-ztfr  True F99 59324.623831659555 0.2906254665937583 8.548000327057672 0.05182814254981188 -0.6443923698378129 0.3637628156191495 0.06463577001410456 0.04601856919353669 0.21 0.208 1.0 1.0
c-ztfr  True F99 59324.93272304993 0.49656631666037077 8.656801523975647 0.3146154424281804 -0.33186221828858975 0.7927614081266156 0.14238130250624004 0.22257921583250367 0.233 0.231 0.997 0.997
J 1D3 False F99 59324.22806590643 1.9440225964028806 7.924739865082317 66.11758319625977 -11.200863837903398 115.59228163367227 -0.030097819532370635 24.45954901739427 None None None None
J-c 1D3 True F99 59324.28811593516 0.5296679196852628 7.199815669683797 0.3048488589066981 -1.5591983252628354 0.9730166330057664 -0.02823717258534157 0.1204907927024957 0.453 0.448 0.811 0.815
J-c-o 1D3 True F99 59324.515307414666 0.367397352935099 7.517437566142265 0.13217134746480322 -0.5617154713021774 0.517597386569247 0.0740002971971314 0.07024530243842152 0.476 0.467 0.981 0.984
J-c-o-ztfg 1D3 True F99 59324.380851069785 0.26496589689189487 7.4574757860488585 0.04854996087974997 -0.704192042631753 0.3394624267690316 0.043004154303880895 0.03314914289726698 0.372 0.359 0.999 1.0
J-c-o-ztfg-ztfr 1D3 True F19 59324.479089319255 0.25136212129126095 7.447326018328511 0.04750364259274177 -0.6671314439495541 0.33175631055280064 0.047604762469978405 0.03347746821178172 0.333 0.292 1.0 1.0
J-c-o-ztfg-ztfr 1D3 True F99 59324.47414235976 0.25137525210848993 7.538595300379312 0.04758450178235249 -0.6701304977430269 0.3317365834069338 0.07064769232584112 0.033548569783235616 0.625 0.511 0.971 0.996
J-c-o-ztfg-ztfr 1D3 True O94 59324.474090345895 0.25133177823916697 7.538598569759048 0.04757782185046569 -0.6701751570881105 0.3316978616483132 0.0706513603211252 0.03353970532667925 0.654 0.532 0.957 0.994
J-c-o-ztfr 1D3 True F99 59324.522326535924 0.28225709908978297 7.457451735313104 0.10327889355000709 -0.6881741257680258 0.4043610767482801 0.053298200690550364 0.06230875382027391 0.404 0.385 0.999 0.999
J-c-ztfg 1D3 True F99 59324.44924587298 0.2952250674470634 7.444419694638206 0.05056023300254303 -0.7623893722378154 0.3796550712482856 0.05873724394012732 0.03688934752253094 0.272 0.268 0.997 0.997
J-c-ztfg-ztfr 1D3 True F99 59324.54001987204 0.25244193164233375 7.4442590376476385 0.04681290646530686 -0.7124265292230638 0.34128180749047315 0.06110936589842944 0.03303676443621449 0.206 0.203 1.0 1.0
J-c-ztfr 1D3 True F99 59324.62004972761 0.3272599064490344 7.43110431622307 0.11284776190625576 -0.7384541646958998 0.4877026990653254 0.056678053514571045 0.06585422967986028 0.255 0.252 0.998 0.998
J-o 1D3 True F99 59324.194062478855 0.557910810596038 7.53037737128308 0.1547616851801392 -0.4618915320424495 0.8703856698860029 0.07504225386977953 0.08714703225322969 0.407 0.405 0.981 0.982
J-o-ztfg 1D3 True F99 59324.21127502227 0.2947631952808138 7.468595958214037 0.050203818505073196 -0.6734444038037466 0.44809060833772685 0.04578236189998704 0.033231964710977634 0.303 0.295 1.0 1.0
J-o-ztfg-ztfr 1D3 True F99 59324.36926014503 0.2489996489416757 7.45414094419953 0.04632317796474441 -0.7083864242246339 0.3763611418338312 0.04859015768461053 0.03146656748844829 0.298 0.286 1.0 1.0
J-o-ztfr 1D3 True F99 59324.40747553131 0.3066569123140388 7.464784510281584 0.10696606966276477 -0.7109554428284957 0.49531828377397286 0.055735806462957664 0.06576876449197581 0.379 0.362 0.998 0.999
J-ztfg 1D3 True F99 59324.2576897472 0.359386264050087 7.457134609408206 0.05378595425802736 -0.7493724617666597 0.5551283824558564 0.05405016501288622 0.03825291615089091 0.076 0.075 1.0 1.0
J-ztfg-ztfr 1D3 True F99 59324.45929232006 0.28939448973875154 7.448323738412072 0.04760825824088908 -0.7073030085463782 0.4420418269119237 0.06000970284935945 0.033128834780750745 0.127 0.125 1.0 1.0
J-ztfr 1D3 True F99 59324.529548450606 0.38866176681861675 7.433701061355396 0.11427001677033648 -0.7380529483936722 0.6756624979785071 0.054703203742868065 0.06707023092577938 0.162 0.16 0.997 0.998
o  True F99 59321.59873948782 1.4697495461227066 -1.97329124822366 5.885388549565206 1.2062373293916233 0.8598579694865469 -8.780233365655917 5.5073249166148335 0.37 0.368 0.979 0.98
o-ztfg  True F99 59324.33671822729 0.40105451769906547 8.553197525942384 0.05637099154615602 -0.6391090426105586 0.4574303471563597 0.023482707242773737 0.050775732665241616 0.319 0.317 0.999 0.999
o-ztfg-ztfr  True F19 59324.43914191017 0.30819130310390913 7.536132438299111 0.05192033662498315 -0.6519676344443529 0.40992358542734175 0.0633735849981968 0.04134520077952419 0.696 0.564 0.9 0.977
o-ztfg-ztfr  True F99 59324.446896010355 0.2936326678642064 8.546270305320412 0.05068079669332381 -0.6507927642204274 0.39391621967788953 0.0386559052155359 0.04008424132196808 0.314 0.302 1.0 1.0
o-ztfr  True F99 59324.64473337232 0.382593847742977 7.8235224309357685 0.6693858724433501 -0.5261986136207302 0.5376992089615107 -0.4866609331800883 0.4939525617622026 0.328 0.326 0.999 0.999
ztfg  True F99 59324.92679535454 1.2190412070968957 8.557111920957588 0.9735128951357636 -0.005809320639230767 1.3109518862928589 -2.1578624578881356 4.3308704371269755 0.072 0.071 0.996 0.996
ztfg-ztfr  True F19 59324.53863307014 0.3620267793181665 7.542172993040843 0.0538416985043659 -0.6251815188117235 0.5008985558372432 0.08942620924672749 0.04766683223396733 0.77 0.597 0.713 0.88
ztfg-ztfr  True F99 59324.54711175861 0.34745384438622384 8.552035465367947 0.052406003982588115 -0.6247230784848998 0.47957392987918385 0.06408632071915403 0.04602460163033567 0.128 0.126 1.0 1.0
ztfr  True F99 59323.9413288901 1.2060148589896984 0.899068992149544 7.176600047362036 -1.113921621664614 1.4238258610180885 -6.220442428401966 6.37351280248777 0.082 0.08 0.998 0.998