bps_used variant success reddening_law t0 e_t0 x0_mag e_x0_mag x1 e_x1 c e_c rchi2_data rchi2_data_model fitprob_data fitprob_data_model
c  True F99 59143.740324562685 6.484552704457083 8.068950323690636 2.528260561656561 0.09059124072495098 7.9470940892414 0.017471607801549598 5.5181207988157865 -1 -1 -1 -1
c-o  True F19 59143.09102961574 0.8633064011969287 8.117264797388913 0.13552102566366606 1.3160711031267482 0.9955091185871795 0.045679518780923696 0.10694539982098585 0.586 0.544 0.919 0.944
c-o  True F99 59143.0910447815 0.8633711891150337 8.117254834503754 0.1355343827588505 1.3159707230035869 0.9955613359055223 0.0456733768443392 0.10696213612541093 0.571 0.532 0.929 0.95
c-o-ztfg  True F19 59143.53767392335 0.45220021666903765 8.11228202429239 0.05981265673736257 1.2380580964107737 0.5984105574489142 0.04818506394073423 0.05704370800236028 0.659 0.588 0.923 0.964
c-o-ztfg  True F99 59143.794976801364 0.4414497671937649 8.068438194460967 0.04535929896748207 0.9620495964071363 0.5624525613882683 -0.06338297150151018 0.049156260052297646 0.53 0.528 0.984 0.984
c-o-ztfg-ztfr  True F19 59143.479974694186 0.3368292405432216 8.061808663646858 0.052725245436701165 0.6621065117545217 0.49203349795969786 -0.010148288873472765 0.04274879767676637 0.771 0.673 0.86 0.95
c-o-ztfg-ztfr  True F99 59143.37530036521 0.32616722938998993 8.043625457152753 0.03985558396177249 0.16608237178928587 0.4541235212280679 -0.09093817800828294 0.03686099056149521 0.634 0.628 0.971 0.973
c-o-ztfr  True F19 59143.256190324806 0.433712577816769 8.048008979665585 0.1325259284790399 0.188586944026808 0.6589085984611138 -0.010066829582399777 0.09985166307026816 0.747 0.661 0.848 0.928
c-o-ztfr  True F99 59142.82736379723 0.3969772927991832 8.064088575245844 0.09996038044195509 -0.5049330901308053 0.5812356169800194 -0.057594265879768285 0.08746631729569315 0.605 0.599 0.964 0.967
c-ztfg  True F99 59144.15875856523 0.5085639195801167 8.048080497661907 0.05060321739121402 0.8619630756702203 0.651626858496791 -0.058373359190529786 0.16232649772643787 0.278 0.277 0.986 0.986
c-ztfg-ztfr  True F19 59143.461010035084 0.35651004902124556 8.036595437119667 0.053651655470392565 0.43231423528562385 0.5326318845920922 -0.037169381015203784 0.047174740727557056 0.89 0.743 0.613 0.805
c-ztfg-ztfr  True F99 59143.41576939809 0.34866014041441395 8.028850013920257 0.04011794927637658 -0.02567840200342148 0.4916756938231158 -0.10583217635433506 0.04063612163960477 0.574 0.57 0.947 0.95
c-ztfr  True F99 59142.733499803806 0.41030856636350327 8.03745866606019 0.10041133279248261 -1.160093900625085 0.6494645505355842 -0.06373003644668918 0.09480088667640053 0.355 0.351 0.978 0.979
J dehvils True F99 59148.7380671874 83.8384376363557 102.10199034397134 72.46179174010388 103604.71524860364 15266742.585181292 29.764399720501732 79.91897697987832 0.063 0.0 0.802 1.0
J-c dehvils True F99 59144.353495117815 1.4534169860403507 7.934869200157784 0.12258386233639425 0.6328352518072626 2.0316173072325823 -0.299891944877843 0.09974527166905263 0.229 0.228 0.922 0.923
J-c-o 0D True F19 59142.78261879923 0.9897556684983176 8.011045609029313 0.0938140853527621 1.2798124454772952 1.0517149019458805 -0.058628520058141564 0.05874872806357471 0.631 0.546 0.921 0.967
J-c-o dehvils True F19 59142.610829629695 1.013088525366277 7.966751761077665 0.10106295554479766 1.2891545197433274 1.0770938509413155 -0.10567722279833093 0.07308584623694614 0.719 0.642 0.837 0.909
J-c-o dehvils True F99 59142.6110875964 1.0131124724186176 7.966762769489514 0.10107501211934687 1.28921232298297 1.0771355446488071 -0.10567479995200135 0.07309662588476687 0.703 0.628 0.854 0.919
J-c-o-ztfg dehvils True F99 59143.747949462035 0.4418377657980426 8.047155893987576 0.04330695872465377 0.9172041500093717 0.562187708047879 -0.13916585714427626 0.0393630394259666 0.708 0.661 0.9 0.938
J-c-o-ztfg-ztfr 0D True F19 59143.42049467591 0.3393034580990118 8.033836036840082 0.046831188723607066 0.623524740175402 0.4919670079750272 -0.04484535467517969 0.03226429998598921 0.795 0.668 0.847 0.964
J-c-o-ztfg-ztfr dehvils True F99 59143.333649220156 0.32410137529203636 8.025814721521265 0.03800196076880338 0.18935249723029074 0.45307045545173136 -0.12676207419219288 0.03219425048464922 0.725 0.688 0.923 0.951
J-c-o-ztfr dehvils True F99 59142.82521725452 0.40661445918583966 7.962250915649092 0.07222131563790926 -0.33977193330084554 0.5957169934262551 -0.16235359391590046 0.05903340555068426 0.674 0.65 0.938 0.953
J-c-ztfg dehvils True F99 59144.19355759417 0.49418479613342137 8.03334367899366 0.046090316844608396 0.8225157293749824 0.637337358647609 -0.23899937725962922 0.05933950173158194 0.342 0.331 0.991 0.992
J-c-ztfg-ztfr dehvils True F99 59143.382208829804 0.34609169424314445 8.014496317749233 0.03860104448480377 0.025412446819171108 0.48942007370098894 -0.14481771099561067 0.034575199360556225 0.693 0.646 0.885 0.924
J-c-ztfr dehvils True F99 59142.75135329814 0.43016068414604947 7.9439516729083 0.07267542311253569 -0.9004566254153034 0.6673518140744296 -0.172193846566852 0.06162817142037986 0.541 0.504 0.934 0.953
J-o dehvils True F99 59142.911484647295 0.8493541810539262 7.7234270519666754 0.1965317377026262 1.6002252980659546 1.2057377128681763 -0.35127551431046755 0.129339927742541 0.556 0.555 0.948 0.949
J-o-ztfg dehvils True F99 59143.77010645186 0.4602862851582712 8.056060581750216 0.047907214349558615 0.9995422729660229 0.6029857852241832 -0.1382694373883095 0.03958933698616997 0.766 0.716 0.826 0.881
J-o-ztfg-ztfr dehvils True F99 59143.31828221805 0.32993864178697996 8.026503709709559 0.04118354670880454 0.1769002512110429 0.4706835138903507 -0.1262292100916437 0.03274117454974587 0.77 0.732 0.867 0.909
J-o-ztfr dehvils True F99 59142.78668527618 0.40051456546082453 7.791430277485405 0.14536059871092538 -0.5535028388629317 0.6047714173841504 -0.27941006045146183 0.10862491896272516 0.647 0.637 0.947 0.953
J-ztfg dehvils True F99 59144.326964274725 0.5309814544626457 8.060814412095514 0.05331614922964356 1.0557961601693646 0.7116668187276481 -0.25635684663457314 0.06442653663443239 0.297 0.296 0.99 0.99
J-ztfg-ztfr 0D True F19 59143.434788045124 0.37172700441914236 8.02565125328605 0.05157374482252301 0.46225096274356553 0.5629515334608806 -0.06061693318173227 0.034261170240903305 0.872 0.706 0.652 0.862
J-ztfg-ztfr dehvils True F99 59143.3615647282 0.35351324795722233 8.015392491299252 0.042024916533782125 0.003873800540139931 0.5118818638203804 -0.1440882936263894 0.03491715027560236 0.771 0.719 0.784 0.843
J-ztfr dehvils True F99 59142.68582670539 0.4095415454618605 7.735777557777402 0.15414148109657516 -1.2593633849238968 0.6636261168871354 -0.30996732923543385 0.11588442671439617 0.369 0.365 0.983 0.984
o  True F99 59143.51189883118 0.9742963733368696 12.492651602362942 4.282893416073499 0.666946526231295 1.1558593552280623 2.8776939672677186 2.593275089649954 0.541 0.54 0.927 0.927
o-ztfg  True F99 59143.81951710179 0.45832588108889516 8.074318528362603 0.04969046950950554 1.0371476213899824 0.6013949150035194 -0.06261400824174024 0.04931134939034668 0.583 0.58 0.958 0.959
o-ztfg-ztfr  True F19 59143.5109122666 0.35011516689918765 8.069826616899169 0.056352431296435176 0.7274861997446425 0.51769944838889 -0.006756471940896358 0.04374734049754984 0.793 0.689 0.822 0.932
o-ztfg-ztfr  True F99 59143.36383578286 0.33302753124349854 8.045658605565418 0.043270495087531585 0.1620837866310602 0.47251553173808036 -0.0898990688446513 0.037593781674275795 0.679 0.673 0.939 0.944
o-ztfr  True F99 59142.82112651397 0.40984605232253496 8.67717208512233 0.4730509644817362 -0.4743129242354041 0.6106016782482429 0.421511799601303 0.3638782408435104 0.6 0.596 0.959 0.96
ztfg  True F99 59143.67205397895 1.4730394573460002 8.220010568850448 0.9927099655497157 0.3927742228935602 1.7212219522463712 1.3128036872213549 4.060506982079004 0.358 0.356 0.927 0.928
ztfg-ztfr  True F19 59143.488344121404 0.37208293476483734 8.044397055490029 0.05729126038926141 0.4921841777437228 0.5650300439248139 -0.0343720831928038 0.047854240503698436 0.955 0.786 0.516 0.733
ztfg-ztfr  True F99 59143.39716580699 0.35707326439091247 8.029948303256418 0.04360914205223381 -0.04465355225084268 0.514577748140303 -0.10514532725268244 0.041034945479755995 0.656 0.65 0.872 0.877
ztfr  True F99 59142.722494077796 0.419679852388845 10.624695834429263 4.36035130034047 -1.4829911468074348 0.7529725879613557 1.9849838073841948 3.319656008903566 0.335 0.329 0.964 0.966