bps_used variant success reddening_law t0 e_t0 x0_mag e_x0_mag x1 e_x1 c e_c rchi2_data rchi2_data_model fitprob_data fitprob_data_model
c-o  True F19 59323.38394998576 1.4902534151497835 7.3100994494385105 0.15539213879549388 0.6584149802037934 1.4989955089264007 -0.1105359296870242 0.11897099717934546 1.626 1.251 0.149 0.282
c-o  True F99 59323.33626327486 1.4389585110559933 7.217065398847125 0.14286117276813956 0.6194674775321016 1.4414304279814045 -0.13521189128467248 0.10991130362464897 0.293 0.291 0.917 0.918
c-o-ztfg  True F19 59324.232955486135 0.25669310948501645 7.277794702565194 0.03931386606543808 1.0381358651074473 0.3640857569881752 -0.1298389494852259 0.044338348900086054 1.674 1.173 0.033 0.27
c-o-ztfg-ztfr  True F19 59323.89391370314 0.2227241716796702 7.17726343370794 0.035176902281695836 0.7797485240353716 0.31438275530654364 -0.14939265105165034 0.03039301058097267 0.79 0.666 0.799 0.928
c-o-ztfg-ztfr  True F99 59323.87913731174 0.2131175422330518 7.1768037855216615 0.03388808935125375 0.7367730517816239 0.29984859390807495 -0.15258684844838366 0.029211749776117086 0.789 0.774 0.8 0.82
c-o-ztfr  True F19 59322.674526826406 0.4478313821227112 7.283212746821893 0.08184522978838886 -0.6006047251143358 0.621459620259172 -0.10208909381557632 0.06532810203334294 1.458 0.993 0.089 0.465
c-ztfg-ztfr  True F19 59323.90065148801 0.22474575545059558 7.274348670054902 0.035315370339739464 0.7821803968959076 0.3194218477624363 -0.12163940134536089 0.03286942624236414 2.187 1.542 0.0 0.038
J-c-o 1D3 True F99 59322.84819906666 1.0947267425816711 7.20483020692833 0.10740555162920931 0.036429392999392775 1.1929330533619054 -0.14693930475584857 0.07858204477383278 0.324 0.318 0.957 0.96
J-c-o 2D True F99 59323.23476118891 1.1920635770961552 7.236816923178385 0.11490849910656992 0.6278191712045184 1.3511324822524877 -0.11831208405297827 0.08327831976487454 0.191 0.189 0.992 0.992
J-c-o-ztfg-ztfr 1D3 True F99 59323.84363395287 0.21002438940501802 7.171085043270038 0.03281979970340485 0.693019996400128 0.2945095529146301 -0.15934682966209857 0.027436924174812416 0.783 0.765 0.821 0.843
J-c-o-ztfg-ztfr 2D True F19 59323.8877815787 0.22120493318148762 7.178841659797147 0.03490636401489148 0.7763191539755816 0.313271797048915 -0.14688612885013252 0.029645630269223452 0.73 0.615 0.882 0.966
J-c-o-ztfg-ztfr 2D True F99 59323.88656702294 0.22122319520492095 7.274689032280426 0.034950263246024946 0.7750374108192056 0.31330466527577533 -0.12396020579227585 0.029693924080731862 1.624 1.16 0.01 0.235
J-c-o-ztfg-ztfr 2D True O94 59323.88646466716 0.2212019602589896 7.274684996263405 0.034944101407939306 0.774927244925288 0.3132729572504213 -0.12396183054736713 0.029683798287734202 1.699 1.205 0.006 0.185
J-o-ztfr 1D3 True F99 59322.59456117521 0.3856954545870809 7.051841751701417 0.16636322159967237 -0.7997148791841067 0.5398748818884871 -0.2263124836312489 0.12260295909613932 0.452 0.441 0.982 0.985
J-o-ztfr 2D True F99 59322.64301368894 0.3985411564650187 7.148733845958003 0.20410096168781555 -0.7332940130684102 0.5567855502382623 -0.1537176225784258 0.1506995314881419 0.448 0.434 0.983 0.986
J-ztfg-ztfr 1D3 True F99 59323.85103609557 0.216972458623225 7.170926176578908 0.035066187119168 0.6736254687343677 0.30606385898615446 -0.15616439017043285 0.02957167377908274 0.976 0.954 0.5 0.531
J-ztfg-ztfr 2D True F99 59323.882709820115 0.2187706931557936 7.179351333224738 0.035970241429575577 0.7111372719609259 0.3099946396991605 -0.1441364519083415 0.030999151804300233 0.901 0.883 0.613 0.64
o-ztfg-ztfr  True F19 59323.89733343305 0.22811187659308305 7.272606037639154 0.037168459426192915 0.7575858921904309 0.3201316514726266 -0.1267201829337944 0.030983095202675993 1.833 1.29 0.003 0.129
ztfg-ztfr  True F19 59323.90411562156 0.23038020595048078 7.273800748272275 0.037282802384969393 0.7605347343083169 0.32576291019232356 -0.12170098187552164 0.033247851618240336 2.185 1.532 0.001 0.046
ztfg-ztfr  True F99 59323.88953677063 0.22049782656888536 7.1778476007080485 0.03625167374258174 0.717291092620068 0.3114747830850255 -0.14706191557768686 0.0320182093274089 1.005 0.986 0.455 0.482