bps_used variant success reddening_law t0 e_t0 x0_mag e_x0_mag x1 e_x1 c e_c rchi2_data rchi2_data_model fitprob_data fitprob_data_model
c  True F99 59353.52506481221 0.7611130167339064 18.44689835745819 21.00428567750531 -2.1289527642517534 1.4530868037938292 8.843647193112492 17.249860150015152 0.202 0.2 0.895 0.896
c-o  True F19 59355.03681527984 0.6494381448283528 8.34593128242292 0.21892356719236428 -0.09056987361178404 1.1562833467845524 0.23645768040283743 0.1509197863984618 0.792 0.767 0.688 0.716
c-o  True F99 59355.03424641592 0.6382816394298045 9.372697993071705 0.21520005045084462 -0.1067624374765518 1.134222609979123 0.21739824821368525 0.14824661351437723 0.711 0.709 0.776 0.778
c-o-ztfg  True F19 59354.71244952367 0.5179783594121364 8.027147487549026 0.07364166739419159 -0.7493145480889087 0.6623358190332091 0.0038936288823931253 0.07308034234139335 0.902 0.842 0.593 0.675
c-o-ztfg  True F99 59354.70606393262 0.5078979312919724 9.055177357936621 0.0727688318534734 -0.7605679250493704 0.6491009112649073 -0.014161372781308426 0.07175856149486093 0.754 0.741 0.786 0.8
c-o-ztfg-ztfr  True F19 59354.82360152328 0.41373806312538186 7.9519745477342445 0.07204270526886637 -0.6680967899061021 0.59881353289367 -0.010142952134243525 0.058979208316584264 0.662 0.629 0.916 0.939
c-o-ztfg-ztfr  True F99 59354.819721776264 0.4045643653112226 7.953303141918362 0.0712134192929518 -0.6750466197144296 0.5865780819886304 -0.011708026523164336 0.05796571996108912 0.662 0.651 0.916 0.924
c-o-ztfr  True F19 59355.09182975812 0.5033312508323539 8.333919802874403 0.20314368493144816 -0.14873961640373534 0.9807981759252518 0.2366272549344794 0.14185306157222877 0.693 0.667 0.851 0.876
c-o-ztfr  True F99 59355.09045992997 0.4941757307138414 9.361920558997003 0.1998413880792301 -0.15507434612883408 0.9625898614588082 0.21764835996085927 0.13949242516465715 0.594 0.592 0.931 0.932
c-ztfg  True F99 59355.19672265472 0.7994173681691368 8.990532158546477 0.07036115452187354 -0.33926264613548596 0.9550813261821577 -0.38933787201676573 0.2568655207271695 0.503 0.5 0.873 0.876
c-ztfg-ztfr  True F19 59354.74335436209 0.45625363857519885 7.996829057528158 0.07151705054283106 -0.9641274415026733 0.6251406872012718 -0.017515692674426854 0.06785688085613298 0.853 0.776 0.624 0.714
c-ztfg-ztfr  True F99 59354.73914171527 0.44545341358330176 9.024596566850814 0.07061345062354933 -0.9683878877248131 0.6111243855089943 -0.03712627086720813 0.06641805961390075 0.624 0.609 0.868 0.88
c-ztfr  True F99 59355.00717685249 0.5117811528850218 9.2339493537365 0.21674396116559083 -0.9944071901822747 1.0021562137926008 0.15515630940497735 0.16344509075629723 0.502 0.498 0.874 0.877
J 2D False F99 59352.51145153076 -1 9.086539169776461 -1 0.0019032068580939498 -1 0.00017989011258067283 3.5392058301836338 None None None None
J-c 2D True F99 59354.373692683024 0.5789716421447347 7.997992299715386 0.15526630020420557 -1.669028371307005 0.9120241858573204 -0.01459483630643263 0.07681135008788169 1.145 1.139 0.334 0.337
J-c-o 2D True F99 59354.50024594668 0.49187400202487047 8.028785997629159 0.13067387439049605 -1.0448375487879438 0.8371453763874331 0.021509632091859215 0.07012698532378295 0.969 0.948 0.493 0.519
J-c-o-ztfg 2D True F99 59354.373438056144 0.4275774122922413 7.94403904768092 0.06608833932543365 -1.1073069953644477 0.5822771003345906 -0.02786837152577473 0.04760354167223543 0.801 0.789 0.745 0.761
J-c-o-ztfg-ztfr 2D True F19 59354.62045934651 0.3850704941384236 7.9381633365226545 0.06543010356650553 -0.8801694223848054 0.5701944306852459 -0.025694274514512144 0.045483834086499926 0.744 0.68 0.847 0.91
J-c-o-ztfg-ztfr 2D True F99 59354.61770324601 0.3848868597747699 8.012579918114032 0.06555352052746932 -0.8813199693465856 0.5701993937830148 -0.006722383141781908 0.045610093346873756 0.866 0.786 0.68 0.795
J-c-o-ztfg-ztfr 2D True O94 59354.617652268964 0.38485743100826153 8.012576446154744 0.0655497344722212 -0.8813852307392578 0.5701695915613223 -0.006722580864295847 0.04560430421422747 0.878 0.797 0.661 0.78
J-c-o-ztfr 2D True F99 59354.643005599806 0.392214723864526 8.004746923851998 0.11505739486678172 -0.9786858256485493 0.7554880186240849 0.01915697548620024 0.06736845419759883 0.857 0.836 0.664 0.694
J-c-ztfg 2D True F99 59354.18629357888 0.4685840613840586 7.934787940929363 0.06779427155015391 -1.4432690438485556 0.6128863921013857 -0.05607073154071293 0.05663425543750175 0.772 0.759 0.68 0.693
J-c-ztfg-ztfr 2D True F99 59354.424813422316 0.39977279470855354 7.91812115734913 0.06409260624670142 -1.2988866591833972 0.565733536310974 -0.04352739639310879 0.04692114080168409 0.7 0.688 0.823 0.835
J-c-ztfr 2D True F99 59354.553105510735 0.4194499060675835 7.939023717564909 0.1207051261839773 -1.6655439413636464 0.7825144544583237 -0.014313576114831288 0.06999686579379273 0.9 0.879 0.54 0.561
J-o 2D True F99 59353.951996189404 0.6798815929852404 7.894408385980756 0.21225667448656177 0.5358366728914926 1.552613288420956 -0.08001263191491974 0.1099914243342814 0.839 0.837 0.601 0.603
J-o-ztfg 2D True F99 59354.25852867593 0.5637049584784287 7.935687450038797 0.07181808314487934 -0.8631716689876748 0.7832271453094971 -0.0278980890102343 0.04767619683097639 0.718 0.709 0.796 0.805
J-o-ztfg-ztfr 2D True F99 59354.60576504696 0.47072152551413854 7.927028247500585 0.06878789017263755 -0.5769144462469765 0.7100191875512265 -0.03646684131700967 0.04508823770529639 0.647 0.641 0.91 0.914
J-o-ztfr 2D True F99 59354.59131086953 0.5128152190729186 7.911348475643697 0.1595884126983438 0.05589184684620878 1.1743774150607478 -0.06408800576851129 0.09602291743332478 0.784 0.78 0.722 0.726
J-ztfg 2D True F99 59353.65972000197 0.7132635439361437 7.931783565727356 0.0746897811091934 -1.7565082477739118 0.9618885746479593 -0.04310400706534031 0.05576178595191803 0.527 0.524 0.756 0.758
J-ztfg-ztfr 2D True F99 59354.35646919669 0.5266963173807891 7.907861987917933 0.06933232354322794 -1.09045364250712 0.774134278147377 -0.04852017081135544 0.047213864836239586 0.598 0.593 0.845 0.85
J-ztfr 2D True F99 59354.28306527811 0.5664990140315247 7.830924683757505 0.1832697274744908 -1.6505339654689122 1.7792415831493393 -0.08171310343685818 0.09900557471279506 1.125 1.116 0.345 0.349
o  True F99 59356.083711152474 1.1755025193758217 14.111904610314486 4.8384252727178625 1.0207815952760337 1.5644306702239839 3.166740599139194 2.7917710069484953 0.618 0.617 0.783 0.784
o-ztfg  True F99 59355.07019732475 0.9360582276212951 9.045976005224478 0.07863720344857332 0.0016634139566900105 1.125180193864496 -0.018481443960772056 0.07323993439405273 0.583 0.581 0.899 0.901
o-ztfg-ztfr  True F19 59355.19575852751 0.6645503964193769 8.014340572182629 0.07703736173439585 0.1006686265389512 0.9151371685054983 -0.010118637848434666 0.05948222965186865 0.659 0.626 0.889 0.915
o-ztfg-ztfr  True F99 59355.18683797053 0.6483219775929818 9.042080422643867 0.07624364809262778 0.08338855819903582 0.8940057769850526 -0.029112939526370972 0.058513867303240666 0.51 0.508 0.975 0.975
o-ztfr  True F99 59355.33081210612 0.7387536407776321 9.38674657287774 0.743328466542985 0.8587247447436952 1.3831129643080093 0.2029846467388955 0.5578493005920022 0.596 0.594 0.89 0.891
ztfg  True F99 59354.15849647498 1.293730731733415 12.832360275341882 16.091277704644174 -1.6256280688376827 2.0409425796881604 7.756978922471896 24.40983911866696 0.373 0.369 0.773 0.776
ztfg-ztfr  True F19 59355.10049762849 0.807095259811743 7.98758334969218 0.07728021151991611 -0.25386742301876974 1.0567144962681674 -0.02364101161846041 0.06720638723753312 0.658 0.604 0.765 0.812
ztfg-ztfr  True F99 59355.092054090215 0.7860874481620896 9.015117998890219 0.07644946145729135 -0.26712988193886134 1.0288342589247856 -0.043372311119999084 0.06596207939274248 0.37 0.367 0.96 0.961
ztfr  True F99 59355.448325143545 1.632681612718585 11.800073459903587 18.026535806440595 0.04184895171347547 2.096886875580432 2.0635162975605366 13.18119313315734 0.763 0.759 0.514 0.517