bps_used variant success reddening_law t0 e_t0 x0_mag e_x0_mag x1 e_x1 c e_c rchi2_data rchi2_data_model fitprob_data fitprob_data_model
c  True F99 59184.34585101794 3.2344956308147688 9.837509366808447 4.843436832374358 -2.980433604612616 2.6939490239417507 1.5557646501083808 5.646378512183342 0.867 0.866 0.502 0.503
c-o  True F19 59172.659963959086 0.6613689277416235 8.065013026992354 0.27555442941153435 -0.20223704231581355 0.9978338870093902 -0.08229090258310179 0.1873578587662597 0.613 0.605 0.934 0.938
c-o  True F99 59172.66815938194 0.6472803911645705 8.032026980956118 0.2709512795724103 -0.1890816378325961 0.9860538049063873 -0.09039163723257344 0.1840780255489234 0.6 0.6 0.941 0.942
c-o-ztfg  True F19 59172.80491511317 0.4285514987513172 8.11602576913157 0.05064612434867526 0.34162294432226814 0.5527439352662388 -0.07660360203168128 0.060462505998125485 0.537 0.522 0.987 0.99
c-o-ztfg  True F99 59172.80479614569 0.42043815625410613 8.08006967044017 0.050017593537980916 0.3439619316263036 0.5449122764236383 -0.08633208979946996 0.05926294533786856 0.495 0.494 0.994 0.994
c-o-ztfg-ztfr  True F19 59172.63333867222 0.33750584554894525 8.081049363249623 0.047212373760969394 0.2686229283052123 0.47017711228232567 -0.04958576813007066 0.040362615157936724 0.474 0.465 0.999 0.999
c-o-ztfg-ztfr  True F99 59172.63162621718 0.3298388216076854 8.081635001303372 0.04656918453095471 0.265044266158852 0.46221959153333547 -0.050320729755651356 0.03963786161771971 0.474 0.472 0.999 0.999
c-o-ztfr  True F19 59172.504613710975 0.4204809337085089 8.073144372047821 0.22270887956149216 -0.16222118181443038 0.6934092398959247 -0.06269574830139651 0.16817722127414392 0.565 0.547 0.983 0.988
c-o-ztfr  True F99 59172.50981773142 0.40998435067453304 8.0378875713908 0.21796724047839128 -0.15889236995606482 0.6797042010284682 -0.07206033861987052 0.16482366098925058 0.534 0.532 0.99 0.99
c-ztfg  True F99 59173.16775080396 0.5689999365247859 8.103455885473418 0.0601616195391391 1.018408031148227 0.8583733187423817 -0.27865702785075513 0.23462315289923874 0.497 0.496 0.944 0.944
c-ztfg-ztfr  True F19 59172.73249647598 0.3705276925478122 8.123952599568627 0.05026899000304084 0.3898977912175001 0.528475425472773 -0.03060209929552963 0.044001692893347565 0.561 0.527 0.965 0.977
c-ztfg-ztfr  True F99 59172.73367783679 0.36225701734642257 8.087573314900972 0.049510770632576306 0.3869323208837263 0.5192849691241886 -0.040661933378118756 0.04311789771893454 0.48 0.477 0.988 0.989
c-ztfr  True F99 59172.77910360045 0.5873139952993193 8.182846241663487 0.35127118307558436 0.2796082787135698 1.1959083552536953 0.04572779595876901 0.2660293044301144 0.633 0.63 0.86 0.862
J 1D3 False F99 59167.31831962503 13.010905222343053 8.119436099505208 66.98480939897932 -0.06007770902386485 -1.0 0.001291203498276495 30.972407037226837 None None None None
J-c 1D3 True F99 59178.70056547688 3.0419304366738342 8.456533381894817 0.9000756543121385 -3.161672755018169 2.5461072395998636 0.44506795050954673 0.5492200944039531 0.735 0.733 0.621 0.623
J-c-o 1D3 True F99 59172.650994581694 0.6432779659248242 7.9946342731100035 0.18897424148257075 -0.26332079428286503 0.9102512545898708 -0.11935301042813701 0.09536284445386166 0.578 0.578 0.957 0.957
J-c-o-ztfg 1D3 True F99 59172.797724459146 0.3984253020051365 8.080342930271911 0.04973887959679949 0.3357797176268044 0.5223010862917462 -0.08395734309168404 0.03884296676239298 0.481 0.48 0.996 0.996
J-c-o-ztfg-ztfr 1D3 True F19 59172.66610503747 0.34176521490272777 8.071830118208988 0.04542169064147808 0.30355541109052786 0.46947533634415684 -0.06693768412266501 0.033833389291078576 0.488 0.469 0.999 0.999
J-c-o-ztfg-ztfr 1D3 True F99 59172.664180854415 0.3414746215284529 8.109457989100253 0.045451303425451874 0.30130646637472164 0.46941893467790924 -0.05758416358124459 0.03387821248170193 0.53 0.501 0.997 0.998
J-c-o-ztfg-ztfr 1D3 True O94 59172.66416827723 0.3414660411029262 8.10945565857476 0.04544920215758627 0.30128576512773036 0.469407448570032 -0.057584370970694104 0.03387525553255673 0.535 0.505 0.996 0.998
J-c-o-ztfr 1D3 True F99 59172.48465595611 0.39573621847685214 7.988092768992556 0.11483163915699023 -0.24605125798488087 0.5965961407363393 -0.111377586638744 0.0757121908438799 0.522 0.52 0.993 0.993
J-c-ztfg 1D3 True F99 59172.87911506159 0.44047892376272724 8.088974255079853 0.05511319430972678 0.499523600112461 0.6015145146212063 -0.08630628372529213 0.04647615032181595 0.514 0.511 0.942 0.943
J-c-ztfg-ztfr 1D3 True F99 59172.759416172 0.36761813231099966 8.07842676807703 0.047447099143286285 0.41166926802402304 0.5181005579741644 -0.05933158109700232 0.03446813806750057 0.492 0.48 0.987 0.989
J-c-ztfr 1D3 True F99 59172.600967750244 0.45134204165644853 7.984351508024629 0.12788338987822775 -0.26061806621367767 0.7455965524922805 -0.10794349211316187 0.08147344563688488 0.619 0.615 0.88 0.883
J-o 1D3 True F99 59172.11640893077 0.8770766017183701 7.993295845122288 0.20023552708139733 -0.27614359603354155 1.0688364253193519 -0.11941330258469904 0.10495702573639461 0.496 0.495 0.957 0.957
J-o-ztfg 1D3 True F99 59172.67142383929 0.48441277789264 8.094183720369589 0.050661602016012997 0.6170870585672747 0.6398504438193954 -0.08200862362768402 0.0386261902004138 0.394 0.394 0.998 0.998
J-o-ztfg-ztfr 1D3 True F99 59172.62547051575 0.38926842866587136 8.081399482194936 0.04518875640764212 0.5045913605674378 0.559731431062742 -0.065682844230045 0.0329386596138623 0.409 0.401 1.0 1.0
J-o-ztfr 1D3 True F99 59172.350948352 0.4947505214012939 7.948324245624651 0.12457155921574757 -0.0609060089231505 0.7778059229606077 -0.14942048746751063 0.08712388362887821 0.446 0.444 0.995 0.995
J-ztfg 1D3 True F99 59172.821943661955 0.6030421032098388 8.10754745754195 0.0589790100544486 0.9840142313922928 0.8064864619957646 -0.07858238919466973 0.04727889310560578 0.178 0.177 0.99 0.99
J-ztfg-ztfr 1D3 True F99 59172.805158529954 0.468517206632795 8.088121304796761 0.048996972050006825 0.8402885010204117 0.6714137827153887 -0.0630867980401231 0.03467435215691235 0.361 0.337 0.994 0.996
J-ztfr 1D3 True F99 59172.579919870754 0.6943535546398468 7.987641978447964 0.13081018417043916 0.3265862269176758 1.2678924464428953 -0.12143447801529336 0.08567481093362492 0.472 0.468 0.877 0.879
o  True F99 59172.03978041414 0.9236345060257032 6.794110972675312 4.159736231015771 -0.016670067380455903 1.4238660786720305 -1.0518489250667993 3.34880033599364 0.522 0.522 0.938 0.938
o-ztfg  True F99 59172.667347863775 0.5019746264458638 8.094334003680228 0.05090015656947078 0.6122197511044576 0.6592380265321017 -0.08067454937952248 0.058484767004420964 0.41 0.409 0.997 0.997
o-ztfg-ztfr  True F19 59172.59345937054 0.39296539019028603 8.124542861321647 0.047552607844302236 0.47038970697221716 0.5713098973489142 -0.04259497805083749 0.04046891477945375 0.46 0.437 0.998 0.999
o-ztfg-ztfr  True F99 59172.59648321166 0.3844913752274683 8.08819858967066 0.046850227699469144 0.4649684020908118 0.561529154232538 -0.052645430094901455 0.039713136775598255 0.405 0.402 1.0 1.0
o-ztfr  True F99 59172.40270622556 0.5217909498395268 7.653835051908757 0.8496475360367854 0.0813413365729998 0.878441649743385 -0.392160159369937 0.6992630017992434 0.457 0.455 0.993 0.993
ztfg  True F99 59173.189914418654 1.1323606205598464 8.204468719134496 0.47170819628702143 1.3296810781472956 1.0758345623700756 -0.9100562421596632 2.1473077592119783 0.194 0.194 0.978 0.979
ztfg-ztfr  True F19 59172.76299288163 0.461459377065645 8.136574407564307 0.051805865034413215 0.8111971182549705 0.6838678666796003 -0.030132386966575858 0.04397155756630956 0.414 0.375 0.983 0.99
ztfg-ztfr  True F99 59172.76449766368 0.4513399623758097 8.099868541939998 0.05096471266072739 0.798227812716997 0.6709080761579591 -0.04041852277674153 0.04307964839248884 0.307 0.305 0.997 0.997
ztfr  True F99 59172.379040094165 0.7307356937237821 4.136201786412473 6.33825347271263 0.2372067827957846 1.1123847042936248 -3.479498656304466 5.850241084985866 0.497 0.492 0.838 0.841