bps_used variant success reddening_law calibration Tmax e_Tmax DM e_DM st e_st EBVhost e_EBVhost rchi2_data rchi2_data_model fitprob_data fitprob_data_model
c-o  True O94 0 59237.07968097731 2.011765290359762 37.9697515765064 0.886137418562645 1.18915939845322 0.2627318399873596 0.042684620717581834 0.5025862603284913 0.794 0.785 0.608 0.616
c-o  True F19 6 59237.003676274886 2.038750724064018 38.02467597330192 0.7955972450463907 1.1892206596148804 0.2648462550731809 0.031932285924869505 0.35007928632532126 0.792 0.783 0.609 0.618
c-o-ztfg  True F19 6 59237.15871301234 0.4963356821004143 37.59070829259624 0.14497747673156713 0.9173359152964122 0.054016002793122124 0.06166622468842292 0.09261720169829198 0.514 0.51 0.935 0.937
c-o-ztfg-ztfr  True O94 0 59236.75387518572 0.46504420670384755 37.67354069099409 0.11472758212039232 0.9981768445577885 0.05421388805564299 0.1414137864777473 0.06926547124240466 0.442 0.439 0.995 0.995
c-o-ztfg-ztfr  True F19 6 59236.777958455685 0.44041122703287083 37.71581807494251 0.10310435019245295 0.9952171788995684 0.04944963429369418 0.07496167939495008 0.068385645411039 0.43 0.426 0.996 0.996
c-o-ztfr  True F19 6 59243.11329158525 2.1797051360087654 37.87792532275238 0.15206343531494076 1.2246556379364395 0.09793438855580279 0.38761082452304013 0.1031451187924076 0.556 0.553 0.925 0.927
c-ztfg-ztfr  True F19 6 59236.49694203583 0.5063115354364534 37.78976712933631 0.14365605413737784 1.043868370562515 0.07884251152800371 0.08025006287057707 0.07010977539221437 0.6 0.594 0.933 0.936
J-c-o 1D3 True O94 0 59236.90557842034 0.7742017951952754 37.85582381313531 0.15267449271601435 1.1563857484360531 0.08858241257806132 0.10804873066081304 0.09426609500304689 0.764 0.748 0.677 0.693
J-c-o 1D3 True F19 6 59236.761571395844 0.610046475962101 37.78747403469137 0.10522054336167562 1.1287745972116414 0.07277726551417658 0.13998633500082475 0.07705074818156285 0.748 0.735 0.693 0.706
J-c-o-ztfg 1D3 True F19 6 59237.079005594576 0.5282029368811514 37.71276221858381 0.09770167769125632 0.9270774920589575 0.05990287676733068 0.012162038827033893 0.07493652613545955 0.621 0.614 0.886 0.892
J-c-o-ztfg-ztfr 1D3 True O94 0 59236.28696557264 0.5051658736715131 38.05921822033924 0.08447422981653116 1.2873714331305586 0.042835179457072645 0 0.06 0.946 0.88 0.553 0.658
J-c-o-ztfg-ztfr 1D3 True F19 6 59236.600561708896 0.4358866739301632 37.77390581511479 0.09280171074122615 1.0322541412706516 0.049922983641811663 0.07693461650597694 0.06690524496135253 0.495 0.49 0.99 0.991
J-c-o-ztfr 1D3 True F19 6 59236.73537871232 0.46296273105087293 37.794634208974635 0.09532340248412763 1.0736180967667008 0.051206060183227084 0.10475891260417822 0.07147644755047228 0.467 0.461 0.986 0.987
J-c-ztfg-ztfr 1D3 True F19 6 59236.54554329192 0.43710398223504954 37.80330363755124 0.09332424170723888 1.0433731016086447 0.05146570349488901 0.0730082748710149 0.0672756307267811 0.532 0.525 0.975 0.977
J-o-ztfg-ztfr 1D3 True F19 6 59236.7957022568 0.43158224858693306 37.7191841536207 0.09021767952769982 0.9770325080192587 0.04388404069327018 0.052143713934589705 0.06611474630062808 0.38 0.375 0.996 0.996
J-ztfg-ztfr 1D3 True O94 0 59236.71730252046 0.463407981634687 37.70546678306394 0.10004603135943757 0.9898714090038535 0.05141151862156733 0.11439848716130789 0.06613491201810393 0.399 0.393 0.989 0.989
J-ztfg-ztfr 1D3 True F19 6 59236.71198153423 0.44005069743004405 37.736289205002834 0.09118335754844585 0.9890060838841794 0.04597184702720152 0.05690256609475039 0.06651357727017466 0.391 0.386 0.99 0.991
o-ztfg-ztfr  True F19 6 59236.45380238198 0.42390892094487376 38.00416860422759 0.11953262013580764 1.189137637373104 0.05641353637340566 0.049205228267622594 0.06884968937859648 0.394 0.386 0.991 0.992
ztfg-ztfr  True O94 0 59236.77561656347 0.44093534479083074 37.63904193396152 0.10541598513345303 0.9758303876678864 0.04537624688442454 0.13438386518877832 0.06802544805364864 0.311 0.308 0.995 0.995
ztfg-ztfr  True F19 6 59236.775798469556 0.42167803726330866 37.694493327174804 0.0960655461748879 0.9758077142418201 0.042598026748188515 0.06591054797984984 0.06674065454263352 0.311 0.308 0.995 0.995