bps_used variant success reddening_law t0 e_t0 x0_mag e_x0_mag x1 e_x1 c e_c rchi2_data rchi2_data_model fitprob_data fitprob_data_model
c  True F99 59139.48890829271 4.841137907538008 7.795610126497148 1.5149400920747274 1.1259951768885985 5.792197054810282 -0.5807817918863509 3.987852424839194 0.358 0.358 0.55 0.55
c-o  True F19 59139.54385007926 0.6182746373048053 8.347582592528727 0.10923072296651322 -0.08352132084345318 0.81220599481567 0.21257593306834793 0.09281820520866585 0.945 0.848 0.55 0.699
c-o  True F99 59139.54523780217 0.6058907628469322 8.149429157709392 0.10732576240854497 -0.07500317808662887 0.7975841784266346 0.1576797275533059 0.09099843334014546 0.359 0.358 0.999 0.999
c-o-ztfg  True F19 59138.97847161489 0.39696297465347313 8.153987351020298 0.04262728993932838 -0.25209687858423213 0.5176398902243221 0.06237669661809934 0.046079258906706 1.631 1.341 0.007 0.073
c-o-ztfg  True F99 59138.98458478546 0.39075234976527584 7.957820471106164 0.0419384812041392 -0.24650335452357847 0.5100023005417191 0.00900475657081913 0.04515539913566919 0.426 0.412 0.999 1.0
c-o-ztfg-ztfr  True F19 59139.20522239253 0.32796718909843103 7.961014494528759 0.041386077024252683 -0.06370902944016749 0.4054024586106564 0.04192172288034235 0.03762082594289409 0.446 0.417 1.0 1.0
c-o-ztfg-ztfr  True F99 59139.21745441688 0.3196704374737734 7.964246107129435 0.04073923276199121 -0.0498673882469112 0.3950024699426926 0.03557121675981921 0.03692475727143404 0.445 0.429 1.0 1.0
c-o-ztfr  True F19 59139.63403802237 0.41856713857643363 8.350701651539236 0.10685836893241263 0.08863617445599761 0.5194869441286628 0.2362476533903548 0.08610833436624801 1.239 1.027 0.14 0.422
c-o-ztfr  True F99 59139.63472707611 0.4050655590310267 8.152222061853816 0.10495695362488575 0.10450743800790428 0.5022918829170816 0.18059404719024225 0.08445971527917152 0.35 0.341 1.0 1.0
c-ztfg  True F99 59138.75280538575 0.4853259534563971 7.897598171381885 0.04839470093852102 -0.5113870944561956 0.6215624760635077 -0.2751877917687352 0.15840052417617195 0.184 0.182 0.999 0.999
c-ztfg-ztfr  True F19 59139.053177184716 0.382393408698572 8.168423559458311 0.04362087130851396 -0.04355805899718965 0.46371834472434464 0.10108178684521085 0.04452018660017945 2.841 2.237 0.0 0.0
c-ztfg-ztfr  True F99 59139.07389591578 0.37153730506604865 7.971864149373948 0.04275661162408289 -0.03168416320443085 0.45024998282741924 0.04672449359357346 0.04346460794779803 0.513 0.485 0.979 0.986
c-ztfr  True F99 59139.61882230051 0.5232077628944835 8.210798329854512 0.12071491462408451 0.18213896700746485 0.6263956465942987 0.24415416846342747 0.10437889758878385 0.203 0.201 0.999 0.999
J 1D3 True F99 59137.35190336176 6.910636835080974 -2.3985993389452682 205.92830773406055 1134.6436949019565 129286.56524179642 -5.235843794653851 42.09224115465258 -1 -1 -1 -1
J-c 1D3 True F99 59138.312879168574 0.48003229968939515 8.096792940682747 0.09587489375627074 0.916356756152121 2.7030713541776112 0.027982937658158402 0.04962905814771667 1.292 1.288 0.27 0.272
J-c-o 1D3 True F99 59138.84156815235 0.38750458614903716 8.043880947629509 0.07253450391873269 -0.029611241838742013 0.7484135413272841 0.04667524719299421 0.04577214619123054 0.632 0.599 0.944 0.962
J-c-o-ztfg 1D3 True F99 59138.733769795734 0.30210594626202464 7.9544157523305765 0.03897183300554802 -0.3487525437987673 0.49006861557408177 0.0006033712076848802 0.030757632105671666 0.541 0.526 0.994 0.996
J-c-o-ztfg-ztfr 1D3 True F19 59139.155098770425 0.31086567356823536 7.949411924564105 0.0381569725050929 -0.03727697228754215 0.40255966160470275 0.02325560092678862 0.030019966323454477 0.583 0.465 0.994 1.0
J-c-o-ztfg-ztfr 1D3 True F99 59139.14932641978 0.310364861764615 8.151134977712925 0.038311692764512593 -0.04316113956557993 0.40235728551528915 0.07423093559158148 0.030178634121601686 1.688 1.324 0.001 0.054
J-c-o-ztfg-ztfr 1D3 True O94 59139.149172585174 0.3102804880888969 8.15111587228286 0.03829904839486522 -0.043118364734359364 0.402280963028954 0.0742141460222903 0.030158740494681743 1.793 1.407 0.0 0.025
J-c-o-ztfr 1D3 True F99 59139.13741566054 0.33566890667035093 8.006713359243564 0.0638589674736388 0.16069762725563128 0.48639035397658487 0.04712654572151789 0.04379383760574702 0.652 0.591 0.962 0.985
J-c-ztfg 1D3 True F99 59138.42792717006 0.34762308977525663 7.955685518547339 0.04132894478964017 -0.5684821919105718 0.633446440216777 -0.02001691651144523 0.036909978203867266 0.685 0.649 0.812 0.846
J-c-ztfg-ztfr 1D3 True F99 59138.81674662467 0.2962497420086225 7.956287437421443 0.0380754555269668 -0.08417266716606822 0.44185233915865835 0.01626230289603453 0.030130764324204543 0.763 0.703 0.81 0.876
J-c-ztfr 1D3 True F99 59138.88948131712 0.38261988474250175 8.014276518270188 0.06567187628710983 0.37349758363550095 0.6214069693795936 0.04352476545527291 0.04449130883501756 1.137 0.987 0.313 0.467
J-o 1D3 True F99 59138.82128549226 0.3928689175248936 7.8611717143770825 0.13901258792081206 -0.3176665000038522 0.7615593232653615 -0.03983080538359399 0.07413463876904434 0.614 0.611 0.937 0.939
J-o-ztfg 1D3 True F99 59138.75902491968 0.29957058170090334 7.914965346872185 0.04236656027675498 -0.5120254137381017 0.48896657789906944 -0.008306531243055346 0.030486107705387223 0.481 0.474 0.997 0.998
J-o-ztfg-ztfr 1D3 True F99 59139.008203625635 0.2738362081244644 7.91433698893375 0.03976657294944524 -0.20653219421704988 0.3844294685306821 0.0014409101867015727 0.02873878315157584 0.491 0.472 0.999 0.999
J-o-ztfr 1D3 True F99 59139.1412028255 0.34023955453877847 7.838061183847224 0.09988262179442588 -0.0014429628141528848 0.48427979668310145 -0.050074632054749796 0.06392404074219793 0.527 0.522 0.993 0.993
J-ztfg 1D3 True F99 59138.466151089175 0.34299205496572616 7.91604849604769 0.04549629669380312 -0.7839763082996546 0.6356392410656905 -0.0190808885660644 0.0358408062496157 0.617 0.613 0.816 0.819
J-ztfg-ztfr 1D3 True F99 59138.85758042554 0.29601507578509784 7.916581422385736 0.040999463964729956 -0.227922778067873 0.43935651783596175 0.004216748648585985 0.030131739088749047 0.661 0.613 0.887 0.924
J-ztfr 1D3 True F99 59138.91630350575 0.39689407583926267 7.833841666419321 0.10451772294044837 0.10698813623733508 0.6166322504472864 -0.0520534892356372 0.06383336754718938 0.948 0.938 0.493 0.502
o  True F99 59139.57793726051 0.7148413770066099 7.2130400724764385 4.245712921267464 0.192300170455141 1.3873514266908105 -0.5118984957387018 3.116032670877268 0.409 0.408 0.995 0.995
o-ztfg  True F99 59139.013649205204 0.3872678493348791 7.919063716100741 0.04459054164555101 -0.4095271606427986 0.5100524332127718 0.004511709197872063 0.04390222440021295 0.333 0.331 1.0 1.0
o-ztfg-ztfr  True F19 59139.23928245962 0.3265302425521666 8.119625992194372 0.04407081680938757 -0.16781572410872175 0.40451995705738725 0.07114559796985209 0.03763046699412131 1.57 1.267 0.007 0.101
o-ztfg-ztfr  True F99 59139.253134902814 0.3178542499419106 7.9234981238099795 0.04330753901118995 -0.15000710954889745 0.39347184145705943 0.01711173213999711 0.03687920900910691 0.358 0.354 1.0 1.0
o-ztfr  True F99 59139.65575551029 0.4236473691239927 7.526364089810907 0.5724759963404477 0.21972864437249684 0.5270079249450549 -0.2868971350067458 0.4357848457173118 0.331 0.33 1.0 1.0
ztfg  True F99 59137.95698093971 0.7729034348406699 9.30822613278816 7.01653621401319 -1.825884150606847 1.8789268134113246 3.6542174847304634 12.64463186471915 0.199 0.197 0.991 0.991
ztfg-ztfr  True F19 59139.10890736857 0.3796746273375694 8.12674951355979 0.046076862015855244 -0.18388916373913147 0.4622561847832985 0.08819815686189666 0.0437560696338654 2.748 2.141 0.0 0.002
ztfg-ztfr  True F99 59139.130685660464 0.36865209344161143 7.930308470917309 0.045172446111734606 -0.1666195146490628 0.4476907975280043 0.03351071430343942 0.042701395034916996 0.315 0.312 0.998 0.999
ztfr  True F99 59139.702795626756 0.5466746266050524 8.873648096703814 5.913731035298656 0.13371411080928056 0.9228006477323009 0.7511887971191864 4.478617482345503 0.252 0.25 0.98 0.981