bps_used variant success reddening_law t0 e_t0 x0_mag e_x0_mag x1 e_x1 c e_c rchi2_data rchi2_data_model fitprob_data fitprob_data_model
c  True F99 59355.80729370855 0.19822945637495548 6.700191347804635 0.527680200990859 -2.1775224211431 0.21439500797757896 1.033093882154121 0.5249774370632218 0.848 0.257 0.357 0.612
c-o  True F19 59356.989079913146 0.13536449952940247 4.973694683695214 0.059216629601380626 0.28428843496452944 0.15614559046346393 -0.02004364777567469 0.0439241881269094 14.703 1.166 0.0 0.28
c-o  True F99 59357.0124947609 0.06079567568007409 6.030034499624346 0.04243674575609234 0.17375224997291344 0.08169716174137195 -0.01717046361035711 0.03456028806718577 9.118 5.509 0.0 0.0
c-o-ztfg  True F19 59357.154470645255 0.09471040359703446 5.003908193246207 0.026637579886019908 0.2872340756422017 0.11995692442264323 0.0006015233859915601 0.025205578147218147 16.367 1.64 0.0 0.014
c-o-ztfg  True F99 59357.17837831319 0.05293452829644989 6.0435755935713145 0.02379892243337157 0.025181690619407514 0.06987454604852605 0.0032504271062590113 0.0229332585440103 12.008 7.16 0.0 0.0
c-o-ztfg-ztfr  True F19 59357.16422709248 0.08714603467855092 4.938655898077565 0.026049315422032815 0.2702355169016578 0.11051152333012935 -0.02615424058487844 0.021948244082442787 12.497 1.156 0.0 0.219
c-o-ztfg-ztfr  True F99 59357.239090570794 0.05048107397868433 4.9188700511313455 0.02290556153671934 -0.04393620438901399 0.06594967948062835 -0.029425389907859312 0.019848650648011536 10.885 6.677 0.0 0.0
c-o-ztfr  True F19 59357.05418229828 0.11534615649164796 4.959068705514122 0.058434994438830865 0.23689841648999044 0.1364205376084773 -0.0372808874413247 0.042039504561687535 15.291 1.239 0.0 0.166
c-o-ztfr  True F99 59357.146695285526 0.05684874917531473 5.976141064810143 0.041859862977950024 -0.0005147449346001925 0.07482371965776367 -0.06439096573163922 0.032099168630267655 10.437 6.196 0.0 0.0
c-ztfg  True F99 59356.999248930784 0.10802010756056485 6.06050567823152 0.03787258617318281 -0.6138551196128561 0.14419098092470614 0.14735908877628112 0.06163725296284377 13.383 9.53 0.0 0.0
c-ztfg-ztfr  True F19 59357.24532560935 0.10739680350632162 4.991326033695476 0.029885104906313176 0.27790240355069984 0.15692229839438918 -0.02343761865526693 0.028091096411084662 16.971 2.027 0.0 0.001
c-ztfg-ztfr  True F99 59357.258284004536 0.07978550867106932 5.964786733455747 0.026063920092369172 -0.30915970023978945 0.10797083053662539 -0.06597444871600061 0.024963660294405252 11.224 7.108 0.0 0.0
c-ztfr  True F99 59356.874323056196 0.11092290712192666 5.6989162966552565 0.05871645608361087 -0.8615659708520484 0.151383821159565 -0.24711828823621607 0.04515503755319313 7.989 5.802 0.0 0.0
J 1D3 False F99 59354.749975916086 0.09827011674439325 770.6708372612882 0.02167603355018957 -9.405379488815134 0.35087093470871283 254.31817806645233 0.02124070715988588 None None None None
J-c 1D3 True F99 59356.19902746731 0.1028726161951701 4.534729559273191 0.050019317459732544 -1.9024330290800406 0.16358443271215758 -0.1322043298653244 0.032251801389415836 11.633 7.288 0.0 0.0
J-c-o 1D3 True F99 59356.97025056149 0.05978066617431206 4.954198323041203 0.034709192083229194 0.15209318934099997 0.08044818786962299 0.008121070678391736 0.025184267104082825 10.706 6.36 0.0 0.0
J-c-o 2D True F99 59356.94175820614 0.059163420459969904 4.986114840192068 0.034501671666911066 0.1376186200917307 0.07907087940296113 0.03997467368876863 0.02476670398139511 90513.642 7.233 0.0 0.0
J-c-o-ztfg 1D3 True F99 59357.14320505854 0.051659675304571946 4.952039224809671 0.02165665923658383 -0.0034888365592505286 0.06872069575501502 0.017288785259779275 0.018520560053452446 12.936 7.637 0.0 0.0
J-c-o-ztfg-ztfr 1D3 True F99 59357.20138166078 0.04954639518171107 4.936153159533117 0.02148042384858292 -0.07736541476821548 0.06468900997844106 -0.006785256354963349 0.017321113922388227 11.657 7.151 0.0 0.0
J-c-o-ztfg-ztfr 2D True F19 59357.13072294972 0.08588314586304312 4.952523325082767 0.02534300468410829 0.2491130553591357 0.10982917954911241 -0.00815881818381931 0.020327348372972166 229299.064 1.247 0.0 0.117
J-c-o-ztfg-ztfr 2D True F99 59357.12987746157 0.0858898095506341 5.01111727259285 0.02535435620898655 0.2481050142272031 0.10982008434190323 0.00632891022216204 0.020335995809547255 255483.268 1.574 0.0 0.007
J-c-o-ztfr 1D3 True F99 59357.109064981356 0.05588320450178283 4.930932736850499 0.035478822266072414 -0.02574149442601876 0.07296341720066274 -0.014678729759182867 0.025384698937384355 11.554 6.866 0.0 0.0
J-c-ztfg 1D3 True F99 59357.04997830815 0.08546004492487667 4.897711781527885 0.02523529782659703 -0.5280602432193461 0.11914520568776737 0.033534135336144424 0.02379582512397016 14.726 10.149 0.0 0.0
J-c-ztfg-ztfr 1D3 True F99 59357.15262769416 0.07616983238799627 4.8846946518694825 0.02405782303590689 -0.43594877536735815 0.10119089028000026 -0.025009368287460126 0.01998758806651255 12.913 7.896 0.0 0.0
J-c-ztfr 1D3 True F99 59356.7715786398 0.10688339134677506 4.731698246750501 0.04724550604608147 -0.9323179745945778 0.14126909233221588 -0.11052723612865982 0.032085638315113234 14.723 7.667 0.0 0.0
J-o 1D3 True F99 59356.71507547507 0.08235895723951776 5.010230951327617 0.08364421629147561 0.3189777682438578 0.08820785641786058 0.023552297091775167 0.04799360018933008 4.182 3.18 0.0 0.0
J-o-ztfg 1D3 True F99 59357.1445050036 0.058650080902959256 4.972858770000142 0.023746773663035917 0.039237876313323476 0.07085263141650606 0.022523918301715767 0.018801917147521968 11.075 7.124 0.0 0.0
J-o-ztfg-ztfr 1D3 True F99 59357.22790211628 0.054719548831351654 4.9661671439060555 0.023747265339685786 -0.05772454929691789 0.06649311612513284 0.006247493028410432 0.01798914279196758 10.234 6.699 0.0 0.0
J-o-ztfr 1D3 True F99 59357.10886135821 0.06502288612039532 5.162396258748469 0.06683764540896976 -0.010958580883636378 0.07486521491253151 0.11918966312726495 0.04151033170617335 8.695 5.826 0.0 0.0
J-o-ztfr 2D True F99 59357.08495115477 0.06456388017147935 5.259377461616252 0.06478029237737104 -0.0409417505454497 0.07395650967598347 0.18454939178353974 0.03984148868542326 7348.604 6.245 0.0 0.0
J-ztfg 1D3 True F99 59357.280775535386 0.10916499139261461 4.934754179393764 0.02659122259776492 -0.3157941955662813 0.14004432697714025 0.040477437277432096 0.02589073341578491 12.334 10.283 0.0 0.0
J-ztfg-ztfr 1D3 True F99 59357.28799325039 0.09112119564460144 4.9285251322880494 0.025538048285003383 -0.34938062578956164 0.11278925711332399 -0.009482108978312382 0.02052953182256183 9.987 7.12 0.0 0.0
J-ztfg-ztfr 2D True F99 59357.20483200019 0.0894436771987591 4.941838838661651 0.025468607612930294 -0.4379501786680231 0.10902904580881355 0.016411491882116745 0.020279471807163482 257380.497 8.292 0.0 0.0
J-ztfr 1D3 True F99 59357.096654703906 0.1667743786538933 5.0778878421825 0.07769209877490342 -0.6155736672461695 0.18883333189907223 0.07862446014148136 0.046524195619708414 7.562 6.804 0.0 0.0
o  True F99 59356.759879047015 0.08489445138744063 5.686875204964046 0.4068272664737527 0.4364325754957087 0.13815432643123518 -0.2524011588645894 0.26650381314983834 2.652 1.665 0.001 0.061
o-ztfg  True F99 59357.188824702695 0.06008330390493476 6.063030970643872 0.02561432734115485 0.06693272953074869 0.07194661976680486 0.007341335661922419 0.02321039992195651 10.101 6.484 0.0 0.0
o-ztfg-ztfr  True F19 59357.16300665855 0.09506593959020514 5.004468242764366 0.02720617940094674 0.26368316535967695 0.11443438091431325 -0.0087652888217301 0.022325978900263974 13.761 1.431 0.0 0.038
o-ztfg-ztfr  True F99 59357.272173843434 0.055825152692850405 6.047540110453703 0.025248141727344454 -0.02182894757932204 0.0677910613719566 -0.01613411227732803 0.020622976241461498 9.544 6.122 0.0 0.0
o-ztfr  True F99 59357.14375013391 0.06486533919410672 6.687096790520308 0.18079071679898862 -0.06720966751449335 0.07814552323971924 0.40228491431973734 0.11864936354893761 7.226 4.924 0.0 0.0
ztfg  True F99 59356.28753955152 0.2625964956940837 8.201244578978422 0.9753544965024707 -1.3860698672900247 0.24625403154720124 3.716138073326437 1.336102111198763 9.724 8.092 0.0 0.0
ztfg-ztfr  True F19 59357.262259222116 0.11956649870162023 4.996867231507613 0.0301653398999803 0.25575419616874084 0.16744729230930017 -0.023252337981975228 0.028234452401032874 12.908 1.941 0.0 0.004
ztfg-ztfr  True F99 59357.43246175598 0.0940371900476552 6.004593991435029 0.027372105733628437 -0.19275081355441773 0.11984366328431892 -0.056065021251904976 0.02551390442292534 7.015 5.786 0.0 0.0
ztfr  True F99 59357.05046392689 0.1893861052920919 4.839792832166003 2.4924539898774993 0.20763984237028427 0.24652057836053767 -0.8912198774947784 1.8005618486859045 2.622 2.319 0.005 0.013