bps_used variant success reddening_law t0 e_t0 x0_mag e_x0_mag x1 e_x1 c e_c rchi2_data rchi2_data_model fitprob_data fitprob_data_model
c  False F99 59527.04790754015 8.93981237725359 8.373321533203125 5.587882716306226 0.0 50.7750500230175 0.0 7.501134860927057 None None None None
c-o  True F19 59497.47164372087 0.27095458735758043 5.869956790778562 0.38925690838349314 -2.517658498891141 0.340641861587086 -0.3720427121557295 0.25519407960418494 1.455 0.589 0.077 0.935
c-o  True F99 59497.45332608659 0.1838672076436058 5.771852730122996 0.28357378443932635 -2.5093761651240083 0.2543516619731909 -0.3990883347973304 0.18636567761642134 0.699 0.666 0.846 0.877
c-o-ztfr  True F19 59497.798195079726 0.23645061395859604 6.139880434739537 0.22986318335576122 -1.779529972207241 0.19843146829036187 -0.15661977456049614 0.155715061687229 1.312 0.771 0.121 0.805
c-o-ztfr  True F99 59497.81021643168 0.16857683733751788 6.185744392935055 0.1878619712257016 -1.7236423964518635 0.15252140610043669 -0.129101097331078 0.12747457464820008 1.314 1.215 0.12 0.197
c-ztfr  True F99 59497.67780247215 0.8741794054339745 6.837940332268321 0.31352136836076977 -1.2075381884149559 0.3274826328554321 0.33808274193563603 0.2226369340863642 1.089 1.067 0.364 0.376
J 1D3 False F99 59498.108744135854 -1.0 6.022403245259071 63.7031405014995 -4.346310492085012 -1.0 -0.011491523010840108 23.269749149318468 None None None None
J-c 1D3 False F99 59499.34622309931 13.107539062591115 17.239831250785493 -1.0 18530.941976817816 -1.0 1.6594389943007857 1.0922840907012796 None None None None
J-c-o 1D3 True F99 59497.75469566729 0.16210062254421723 6.625297491977874 0.10042324288880376 -2.119491643860054 0.22396809479848495 0.15879864275281805 0.05691826216285413 1.134 1.016 0.292 0.441
J-c-o-ztfr 1D3 True F19 59497.93215958013 0.21324951122443725 6.572290055821314 0.0964360839506729 -1.6893440575939294 0.19162922418843822 0.13780986657269106 0.05955574510125894 1.559 0.834 0.023 0.732
J-c-o-ztfr 1D3 True F99 59497.933832100236 0.21320860017493287 6.679872371935903 0.09653160357733018 -1.6880202613091135 0.19162031488879594 0.1666958483273782 0.05960204117716215 2.169 1.088 0.0 0.336
J-c-o-ztfr 1D3 True O94 59497.933855466734 0.21303570395238722 6.679887356333166 0.0964681078193926 -1.6879039943695673 0.19150810065013837 0.16669520164390328 0.059564570449099026 2.286 1.13 0.0 0.28
J-c-ztfr 1D3 True F99 59498.13139171044 0.3453930196219727 6.612693177108862 0.08222034595373129 -1.3961561190635674 0.21855892088259532 0.17598182493098605 0.04927754697235 0.809 0.775 0.594 0.625
J-o 1D3 True F99 59497.6109213477 0.1623585617071685 6.703075504134162 0.10361983906912249 -2.5584246369239576 0.2675425294434603 0.20302850501628647 0.05800224535799344 0.648 0.611 0.898 0.925
J-o-ztfr 1D3 True F99 59497.93902735335 0.1498989778347079 6.587572036730055 0.08526830480892243 -1.6813734565735747 0.15787659562839254 0.14555934058894537 0.052638667965418356 1.554 1.245 0.027 0.167
J-ztfr 1D3 True F99 59498.13022134976 0.3469011011386043 6.590929252244088 0.08651096195148755 -1.3575330108706687 0.23346723417829301 0.1638924784588442 0.05190864864858051 0.477 0.463 0.826 0.836
o  True F99 59497.4396068692 0.1862774406709647 5.687262216190293 0.9730491062843782 -2.5561292493853642 0.281711748852299 -0.4536562364574016 0.6439288091346682 0.547 0.516 0.948 0.962
o-ztfr  True F99 59497.757460189096 0.17473237918659265 5.594289127342118 0.3921233058826239 -1.6390383524014538 0.16139026879902918 -0.5349377364116195 0.27296343652608246 1.081 1.036 0.352 0.412
ztfr  True F99 59497.86140240356 0.8226926304585536 2.807024962546948 10.593317503463965 -1.2026419021921826 0.35380652547441016 -2.658717811154167 8.267354283176235 0.786 0.765 0.501 0.513