bps_used variant success reddening_law t0 e_t0 x0_mag e_x0_mag x1 e_x1 c e_c rchi2_data rchi2_data_model fitprob_data fitprob_data_model
c  True F99 59455.83384747647 1.1198876899513037 9.554903073510204 5.874135970946998 -1.1067535495730612 1.5422877461673357 -5.5040709344727965 12.471019371961653 -1 -1 -1 -1
c-o  True F99 59454.59519971775 0.4285858512588637 8.997782522219168 0.14027806756357608 -2.142341108171963 0.4667554959022658 -0.01197824557682248 0.10403349891201982 1.125 1.12 0.287 0.293
c-o-ztfg  True F99 59454.78525002088 0.32623461578532886 9.00200724128922 0.06790718414135594 -1.931249847832634 0.3341304766305106 -0.016150831263342866 0.05725255481519449 0.988 0.983 0.49 0.499
c-o-ztfg-ztfr  True F99 59454.65538308028 0.29324909423843515 8.98383343136405 0.06503182266847309 -2.1083549538311996 0.3045108892437176 0.017110149252943158 0.05051713557523008 1.001 0.981 0.471 0.509
c-o-ztfr  True F99 59454.414264870175 0.3549320750039444 8.957092315745154 0.13196268877859513 -2.4013343558126463 0.39930172194489016 0.0052382279810118445 0.09761140391686583 1.09 1.069 0.321 0.353
c-ztfg  True F99 59454.76188712677 0.4020328065115634 9.002766017378537 0.08435193550415705 -1.6090586526352268 0.4763116620260442 -0.11435566866558165 0.18373976912335666 0.439 0.434 0.878 0.882
c-ztfg-ztfr  True F99 59454.537622281685 0.34290304968363516 9.01798012127247 0.07668327714170026 -1.9347484834724908 0.40364125351940305 0.07259676221529718 0.06273671092727487 0.582 0.566 0.891 0.903
c-ztfr  True F99 59454.094525456356 0.4864423234654184 9.066846922609699 0.20652263718487696 -2.396063431488046 0.7314004213626536 0.12922816009974952 0.15506430592638487 0.568 0.56 0.824 0.831
J 1D3 False F99 59453.662194435594 1.0 772.6010124583709 1.0 -13.01283852037012 1.0 255.33603695025482 1.0 None None None None
J-c 1D3 True F99 59455.09724225901 0.16919991023019348 8.47577455161322 0.12545066793927723 -1.1546468476174792 0.6256834019627175 0.6564455326300747 0.06176591824723923 21.238 19.878 0.0 0.0
J-c-o 1D3 True F99 59455.07641497128 0.20474605702671028 8.679036985923315 0.14011789827077065 -1.6145303073754882 0.37872748378123994 0.6041630563178121 0.08872866919860069 4.811 4.501 0.0 0.0
J-c-o-ztfg 1D3 True F99 59455.109749573 0.23591120283083808 8.111601059350972 0.07233182019654405 -1.7494181646624705 0.31925326300525325 0.24102890001586794 0.056633384691597996 5.083 4.713 0.0 0.0
J-c-o-ztfg-ztfr 1D3 True F99 59455.014213326336 0.23167968721178997 8.102940402544634 0.07281520505797827 -1.7867976794431322 0.3094766188168457 0.22523903621918073 0.055450262369997984 4.375 4.074 0.0 0.0
J-c-o-ztfr 1D3 True F99 59454.99942001389 0.2015481083865272 8.60997741440835 0.12293086406012918 -1.7789946760909527 0.34995886412757665 0.5788467801374992 0.08398668251872798 4.087 3.803 0.0 0.0
J-c-ztfg 1D3 True F99 59455.041616879855 0.1717435894553502 8.145833804667953 0.06890549690117936 -1.77238540855581 0.4146689518628039 0.5115251302557022 0.048756760717625525 10.058 9.383 0.0 0.0
J-c-ztfg-ztfr 1D3 True F99 59455.061848116595 0.2199628772836934 8.241016829237179 0.08481195577704306 -1.034650255764181 0.4764000767159113 0.38397829262770433 0.06328579630305735 8.279 7.562 0.0 0.0
J-c-ztfr 1D3 True F99 59455.087462862924 0.17862802375114575 8.727087018853847 0.10746794092505084 -0.3864604843263039 0.635714702480178 0.7006519502215878 0.06878295831064181 8.429 8.025 0.0 0.0
J-o 1D3 True F99 59455.07056041903 0.1647940830813661 9.392744689765449 0.15980545470916963 -2.5259237665762724 0.4721098761936348 0.9991745184885137 0.08561706877374717 3.884 3.582 0.0 0.0
J-o-ztfg 1D3 True F99 59455.27013213781 0.2533701917600198 8.100987930799787 0.0770628916820341 -2.0309538470984245 0.37212602044317794 0.24394689820604537 0.05784048387730171 5.656 5.234 0.0 0.0
J-o-ztfg-ztfr 1D3 True F99 59455.15745893029 0.24875656268707572 8.100205353220899 0.07798381790862408 -2.019399807998192 0.36362095085975066 0.22988103881657385 0.058335264277229015 4.776 4.44 0.0 0.0
J-o-ztfr 1D3 True F99 59455.0368533353 0.17123503346507943 8.980680242571621 0.1208842462357727 -2.7001073955485975 0.40840489549217324 0.8216193700322811 0.07662954949521848 3.661 3.364 0.0 0.0
J-ztfg 1D3 True F99 59455.07358698039 0.16755285637320916 8.004610553023557 0.08033664917776118 -2.234216239199757 0.7147538031428744 0.5025307316502563 0.04439620112245462 16.603 14.985 0.0 0.0
J-ztfg-ztfr 1D3 True F99 59455.00013900366 0.25075873445729857 8.270042232217104 0.101646210207216 -0.2691244756069752 0.9145440368910176 0.39471235749581957 0.06871062423685058 11.088 10.157 0.0 0.0
J-ztfr 1D3 True F99 59454.985024012596 0.17300278358066615 8.908068176018045 0.11525128939190875 -4.182804138606451 1.9503780864290685 0.858019355808778 0.07171808226193967 12.407 9.758 0.0 0.0
o  True F99 59454.91664045499 0.635309606717472 5.559391668608584 3.823166363212624 -1.8993365190718055 0.61911477460078 -2.6177435645584124 3.1518207885780956 1.175 1.171 0.242 0.247
o-ztfg  True F99 59455.10247966717 0.46050729547474056 9.006112212453466 0.07244075664019292 -2.0943089768965866 0.3944518821216895 -0.0023852470253292683 0.05985307142287573 1.037 1.033 0.409 0.416
o-ztfg-ztfr  True F99 59454.87411711183 0.38550673057277024 7.876254996556222 0.06817575580894777 -2.222249486333256 0.361493773258789 0.016922493371051995 0.05260740528348751 1.035 1.016 0.409 0.443
o-ztfr  True F99 59454.54814299996 0.49785319248116755 7.9223548883842785 0.7491952480690885 -2.2949815238718125 0.5164056251919484 -0.7693261207759365 0.5774940638493833 1.061 1.054 0.371 0.382
ztfg  True F99 59455.124682600086 2.9053876779492973 10.190828065624991 2.4712959593274473 -0.08777660483468622 1.2776953408842102 -3.860614553479973 3.0411075438160196 0.257 0.256 0.773 0.775
ztfg-ztfr  True F99 59453.35994101024 1.178338489150094 8.999206701068399 0.08341038576355239 -0.8091900889817474 1.01894693304285 0.05865934966051577 0.06526376340960764 0.375 0.372 0.958 0.959
ztfr  True F99 59454.85689642694 0.9687120721644746 17.809471561162226 6.710656947106454 -4.224957043602386 3.239639278026464 6.1989412982156775 4.33413142083154 0.353 0.335 0.842 0.855