bps_used variant success reddening_law t0 e_t0 x0_mag e_x0_mag x1 e_x1 c e_c rchi2_data rchi2_data_model fitprob_data fitprob_data_model
c  True F99 59584.560601641395 20.479793596245138 8.16456237377242 3.5994629319280165 2.5642417164638056 12.143923680998332 -0.4375664575673218 5.615532307223869 0.349 0.348 0.555 0.555
c-o  True F19 59567.784543050526 0.32018953933164274 6.575373532850764 0.162885814528287 -0.7212031110849452 0.24309848779087165 0.30853941891423997 0.10592545414384896 2.078 1.068 0.01 0.382
c-o  True F99 59567.750478041125 0.2125884594822461 7.599724705556751 0.1336032246201557 -0.6344323094116365 0.19298880797147164 0.286552085903115 0.08799579980357357 1.254 1.196 0.228 0.27
c-o-ztfg  True F19 59567.78453551515 0.32019063563306943 6.575371987675876 0.16288585516284249 -0.7211974445279595 0.24309926671929605 0.3085376657033592 0.10592551872759935 2.078 1.068 0.01 0.382
c-o-ztfg  True F99 59567.750478041125 0.2125884594822461 7.599724705556751 0.1336032246201557 -0.6344323094116365 0.19298880797147164 0.286552085903115 0.08799579980357357 1.254 1.196 0.228 0.27
c-o-ztfg-ztfr  True F19 59567.78449379919 0.3204734914463221 6.4896897297290534 0.1629988463889612 -0.7209342497448308 0.24325805197165387 0.2881608000510804 0.10601561975290613 1.273 0.775 0.215 0.697
c-o-ztfg-ztfr  True F99 59567.75047672198 0.21258869879053138 6.499721764628465 0.13360297521550224 -0.6344256000105315 0.1929892366501043 0.28654961784057853 0.0879956730849816 1.254 1.196 0.228 0.27
c-o-ztfr  True F19 59567.78454042698 0.32019025175470855 6.575375038826971 0.16288613485780837 -0.7211996749299652 0.24309896527002264 0.30853989910021934 0.10592566596322005 2.078 1.068 0.01 0.382
c-o-ztfr  True F99 59567.75048180659 0.21258838841130084 7.59972620699781 0.1336031782201633 -0.6344270861251299 0.1929889664226943 0.2865527242310053 0.0879957679092388 1.254 1.196 0.228 0.27
c-ztfg  True F99 59584.647533447096 10.568272527685853 7.860121257574771 0.45834468238636306 3.662873261792477 4.83739641275406 -0.9727987556120978 0.7764212693510817 0.178 0.177 0.837 0.838
c-ztfg-ztfr  True F19 59587.48976993666 4.212296619591094 7.702183863367543 0.2908500355888079 0.9250554976983845 1.723925714009814 0.32854218577070504 0.3471375513988869 1.518 1.41 0.194 0.228
c-ztfg-ztfr  True F99 59587.45763873114 4.192261123527863 8.720792578480157 0.2860594841618451 0.9195740118525098 1.7031934395390271 0.31062924346135123 0.3409066518744098 0.923 0.918 0.449 0.452
c-ztfr  True F99 59586.14516357661 11.293214915674556 8.813464765824058 0.39070072304393005 0.892512799247488 3.3004661846807632 0.42203039942305953 0.4939714366016611 0.178 0.178 0.837 0.837
J 1D3 False F99 59578.69653753515 1.0 309.28387389215675 1.0 -252.91404766409397 1.0 100.09771111853519 1.0 None None None None
J-c 1D3 True F99 59586.21947714516 0.2780848237858297 7.74699670648584 0.0845829377408406 0.34001178024328427 0.6468818283969234 0.4911353411210118 0.042234312976921505 34.324 33.998 0.0 0.0
J-c-o 1D3 True F99 59567.47126692296 0.17273844235646435 6.875081018811356 0.08989117728954024 -0.6418783257203591 0.18660339521766173 0.5422306854166112 0.049964991169919946 3.999 3.125 0.0 0.0
J-c-o-ztfg 1D3 True F99 59567.438274634456 0.17659410622884922 6.859872259008084 0.08951692519090033 -0.6591836009043819 0.18716838121754947 0.5326313330531764 0.04972666861879968 3.92 3.055 0.0 0.0
J-c-o-ztfg-ztfr 1D3 True F19 59567.71229093862 0.29535361430020235 6.823054249036545 0.11699327171510047 -0.7489709290179103 0.23439732932354268 0.5168348737024415 0.0676065076417107 4.154 1.371 0.0 0.129
J-c-o-ztfg-ztfr 1D3 True F99 59567.715090060745 0.29560013240213323 6.913937123120819 0.11722664457275059 -0.7503829051323023 0.23418212272340178 0.5407279508266771 0.06774070868510497 4.454 1.556 0.0 0.058
J-c-o-ztfr 1D3 True F99 59567.438274634456 0.17659410622884922 6.859872259008084 0.08951692519090033 -0.6591836009043819 0.18716838121754947 0.5326313330531764 0.04972666861879968 3.92 3.055 0.0 0.0
J-c-ztfg 1D3 True F99 59586.223778200074 0.27903370512832 7.7424522270158285 0.0842739357776235 0.5102319171884981 0.6430292012580302 0.48765745269376426 0.042186532444085545 29.908 29.626 0.0 0.0
J-c-ztfg-ztfr 1D3 True F99 59586.2216004913 0.27783554197313 7.745321495423184 0.08346790705498554 0.6384882249718731 0.5271430749786317 0.4893169829620154 0.0418911827898164 23.335 23.11 0.0 0.0
J-c-ztfr 1D3 True F99 59586.21656792224 0.27637259196005287 7.752273000245356 0.08388842279407725 0.5467486234067118 0.5288191099490942 0.493773047835277 0.04194214341776777 25.851 25.597 0.0 0.0
J-o 1D3 True F99 59567.26299481262 0.1888797927109444 7.109458554813906 0.1142461156030881 -0.6940821631308685 0.1964196904301466 0.6562073483341835 0.059801300481690176 2.96 2.81 0.0 0.0
J-o-ztfg 1D3 True F99 59567.26299407714 0.18887976648624602 7.109463010365772 0.11424590920111527 -0.6940819686235054 0.1964197545649616 0.6562097444772929 0.05980112600091005 2.96 2.81 0.0 0.0
J-o-ztfg-ztfr 1D3 True F99 59567.26299407714 0.18887976648624602 7.109463010365772 0.11424590920111527 -0.6940819686235054 0.1964197545649616 0.6562097444772929 0.05980112600091005 2.96 2.81 0.0 0.0
J-o-ztfr 1D3 True F99 59567.30546264839 0.18171706071782587 7.1279064524350915 0.11414391334464687 -0.6760737007598341 0.19559373795776622 0.6675076341176504 0.05977809227441782 3.001 2.879 0.0 0.0
J-ztfg 1D3 True F99 59585.17245050014 0.4036720271614683 5.932775153381167 1.1261997789410816 -3.233667362952068 2.948476611671267 -0.09113912203116545 0.379019798033061 107.68 89.625 0.0 0.0
J-ztfg-ztfr 1D3 True F99 59586.21865825255 0.2957040381462418 5.982804622920343 0.4344299310983942 -2.8557515535872313 0.6840695282975302 -0.11620901271974375 0.14863415591335452 66.992 65.657 0.0 0.0
J-ztfr 1D3 True F99 59586.127124934756 0.28765935509604995 5.968366909497913 0.6355259326223067 -2.8776451074175773 0.8530079983396504 -0.10955628304384978 0.2180990452943532 66.616 64.864 0.0 0.0
o  True F99 59567.71972264821 0.21976306310685753 6.534367025911898 1.3756242601388355 -0.47460428659931253 0.2937371159411634 -0.3986192861739216 0.9094725737377036 1.505 1.442 0.122 0.147
o-ztfg  True F99 59567.71972121579 0.21976255231740774 6.534357929843507 1.375576704112902 -0.47460114448782714 0.29373241248770754 -0.3986250776664705 0.9094415373400427 1.505 1.442 0.122 0.147
o-ztfg-ztfr  True F19 59567.74322948667 0.3314861423856895 5.70872896492355 1.6838752197979951 -0.5847735826221159 0.3667238447535564 -0.2461036650029667 1.1017597067775255 2.4 1.26 0.006 0.241
o-ztfg-ztfr  True F99 59567.71971877392 0.21976261102319752 6.534360649541873 1.3755890851579269 -0.47459958183117645 0.2937340405130794 -0.39862349615998605 0.9094496317982856 1.505 1.442 0.122 0.147
o-ztfr  True F99 59567.71971876458 0.2197626104626388 6.534360649541873 1.375589064509207 -0.47459958183117645 0.29373403835260536 -0.39862349615998605 0.9094496181307091 1.505 1.442 0.122 0.147
ztfg  False F99 59628.60021244242 -1 10.148441688400146 -1 0.005336952437245026 -1 0.005061668127544331 7.647074802041036 None None None None
ztfg-ztfr  True F19 59623.69485122392 1.7873561134854443 9.71962118891285 0.3477392588675999 5.801051075992114 4.496649692950988 0.8331162788019695 0.23570380828614948 1.185 1.041 0.306 0.353
ztfg-ztfr  True F99 59623.69740888189 1.612743306597121 9.618284043653825 0.3314115319722412 5.589078010478367 4.177523061962915 0.7986573199984797 0.22407552039448664 0.862 0.847 0.423 0.429
ztfr  True F99 59623.67259059446 1.6484449979771236 6.099648062684382 10.299958871343543 4.055507333405805 7.317573183961935 -2.6032761916230402 8.077301871931255 -1 -1 -1 -1