bps_used variant success reddening_law t0 e_t0 x0_mag e_x0_mag x1 e_x1 c e_c rchi2_data rchi2_data_model fitprob_data fitprob_data_model
c  True F99 59040.352236272534 4.157182832837414 13.46404095346087 16.46951055648063 -2.230895022109067 2.097894536208455 4.438694877604878 13.393586920470867 0.832 0.831 0.476 0.477
c-o  True F19 59036.06789109253 0.6545452194104099 8.891060035849494 0.38043566880993634 -3.698491949228211 0.6679685677198862 0.5640145285905904 0.24118778842531247 1.069 0.975 0.365 0.503
c-o  True F99 59036.10834225938 0.5992097508122757 8.732627584937624 0.37928954126906883 -4.110552545218697 0.745569515529893 0.4961444849279214 0.23965361953815237 1.051 0.972 0.39 0.508
c-o-ztfg  True F19 59035.93642679823 0.6054421501532606 9.68444751051101 0.17563661411659848 -3.7319771027732567 0.6863351230014457 1.0492753497956415 0.11382694637678745 1.37 1.269 0.076 0.138
c-o-ztfg  True F99 59036.021760044234 0.5475257799129378 9.57850764141098 0.17304942403766985 -4.026374905932565 0.7267931744606209 1.0117682629491616 0.11169653214524623 1.338 1.279 0.093 0.131
c-o-ztfg-ztfr  True F19 59036.14201467137 0.3976081859631367 9.575837292415432 0.15217685582349422 -3.743414897691652 0.6074344059608596 1.054342918052661 0.10013675606318911 1.24 1.102 0.142 0.303
c-o-ztfg-ztfr  True F99 59036.20542562791 0.36043879336584855 9.55518049698062 0.1491686131146978 -3.966226521097264 0.6162873196422597 1.0365611335961349 0.09750599067274672 1.243 1.177 0.139 0.205
c-o-ztfr  True F19 59036.16148738637 0.4072731849060999 8.850074524844082 0.3173023877848924 -3.816365877251238 0.602497713514731 0.548828831139634 0.20991531576093145 0.943 0.842 0.566 0.736
c-o-ztfr  True F99 59036.178555201855 0.36281945703719504 8.673205232049533 0.31361286934026106 -4.211866402359077 0.6421868885138207 0.46986057699327843 0.20660293033233756 0.885 0.808 0.667 0.786
c-ztfg  True F99 59032.069433912475 0.6626728603532276 9.777792527100944 0.36839794501102685 -6.0681333234649735 1.0293098889411485 2.126934906092502 0.47418919368097673 0.514 0.509 0.798 0.802
c-ztfg-ztfr  True F19 59036.06188902763 0.5285242844667256 9.860063389516538 0.1941857549977196 -3.1488389940961925 1.1737283365063067 1.2518312131109188 0.13816275022098412 1.295 1.249 0.201 0.231
c-ztfg-ztfr  True F99 59036.092947350335 0.4796204950874219 9.762115165990346 0.1891182272893726 -3.276135968493056 1.1163523793848358 1.2218179542017322 0.13422022142597856 1.153 1.147 0.305 0.309
c-ztfr  True F99 59036.23957786837 0.49390571013879275 9.138417083234536 0.49429776002024955 -3.2657920504400986 1.052498597087287 0.7853750850826394 0.34482783133965644 0.536 0.532 0.866 0.869
J 1D3 True F99 59038.41698895546 0.05831269807414718 772.5536669246048 0.004858975862918044 -6.784801316274176 0.4182387938006986 254.58608649704829 0.023226603543744933 42.954 38.878 0.0 0.0
J dehvils True F99 59039.436431195216 0.8134530527317085 -12.297110185047778 7.163186519824879 -25.303256623661575 3.4921622698723933 -6.524653498699944 2.5724664525999534 17.369 2.854 0.0 0.091
J-c 1D3 True F99 59038.449863024165 0.2927955304213236 9.106071559015747 0.2608874617877173 -4.72894830925593 1.7630305388897014 0.641477683210092 0.09267646431219208 16.49 15.199 0.0 0.0
J-c dehvils True F99 59041.67908344035 0.5005150573785188 9.718527690552545 0.36990278680276323 0.10436939313727546 3.6231854424485834 0.8725752321963277 0.11732293487888677 18.982 5.119 0.0 0.0
J-c-o 1D3 True F99 59038.04574348485 0.2622101539234442 8.875036008776709 0.13042001944943624 -3.4454103983484385 0.6741968091488915 0.557960368613017 0.0598089327002796 5.523 5.32 0.0 0.0
J-c-o dehvils True F99 59039.400966826564 0.19124731558362765 9.117563201316454 0.13190608893849706 -2.8260411845786955 0.7632599857829601 0.6986659687387798 0.05817054375624262 3.299 3.208 0.0 0.0
J-c-o-ztfg 1D3 True F99 59037.915676618555 0.259038389238969 9.386775557601453 0.09243344129570767 -3.8474611983657065 0.8274877192877521 0.770236310807102 0.04316023844788703 6.258 5.624 0.0 0.0
J-c-o-ztfg dehvils True F99 59039.43355626355 0.18878016997735295 9.565233140363691 0.09348743630379923 -2.3663911264570223 0.9080938686909508 0.8760889792443735 0.04229312135478368 4.454 3.783 0.0 0.0
J-c-o-ztfg-ztfr 1D3 True F99 59037.58579210074 0.254944343270056 9.240697172376674 0.07768608035777723 -3.593325530941213 0.6799055253829235 0.734569580567811 0.039748442748803195 6.16 5.288 0.0 0.0
J-c-o-ztfg-ztfr dehvils True F99 59039.23455997407 0.18029327368382783 9.457238496819286 0.07753203028282248 -1.958801304270478 0.794736916282586 0.8463719319626304 0.038927694243341866 5.224 4.14 0.0 0.0
J-c-o-ztfr 1D3 True F99 59037.55665051595 0.2633379341375137 8.803113858067638 0.1060052847030768 -3.8307517604433245 0.6306043202943379 0.5304389562183707 0.05452614150200526 4.903 4.653 0.0 0.0
J-c-o-ztfr dehvils True F99 59039.13145329655 0.19222429437491148 9.118518748154735 0.10318746397045332 -2.42649896295546 0.7177543045204192 0.6943738203991696 0.05141628697854799 3.664 3.567 0.0 0.0
J-c-ztfg 1D3 True F99 58989.524703699964 0.0038868313589045366 5.412546794678603 0.15640279733657494 -4.98022363547315 0.20472985222003362 0.026375085600857467 0.05988714830375822 41.508 20.723 0.0 0.0
J-c-ztfg-ztfr 1D3 True F99 59037.99074143928 0.25939632092475445 9.350042259829138 0.08952021537612657 -2.612007130748277 1.232522579695646 0.7513090957661868 0.040860172645549996 11.174 10.179 0.0 0.0
J-c-ztfg-ztfr dehvils True F99 59039.7018213292 0.22275809241169303 9.609021016196891 0.091283414691612 1.0239792890472184 1.5930963412331087 0.8709686788819135 0.04032479186428658 7.764 6.711 0.0 0.0
J-c-ztfr 1D3 True F99 59037.847349240685 0.2759852388669955 8.856692589829462 0.12395576623610646 -3.9221838347059412 1.1180514394959893 0.5514876148502187 0.056532299805421786 10.568 9.947 0.0 0.0
J-c-ztfr dehvils True F99 59039.50488389965 0.22521411323671994 9.254060682851847 0.1208292605137886 -0.9138520525208345 1.370645332409806 0.7354261255950372 0.05305723124342758 6.546 6.417 0.0 0.0
J-o 1D3 True F99 59038.047205290844 0.2684558181119473 8.735078348957828 0.15619589099611297 -3.6632165180378515 0.7524113663355774 0.5024745252314757 0.07055294909823177 6.923 6.672 0.0 0.0
J-o dehvils True F99 59039.41442578212 0.19668115655568874 8.981345539397747 0.1566512909624713 -2.709398964639358 0.807988668222539 0.6440662004335217 0.06823201245468731 3.939 3.859 0.0 0.0
J-o-ztfg 1D3 True F99 59037.77758225147 0.2728742826831934 9.390531775176644 0.09853350928021334 -5.099265347985881 0.971569789529248 0.776474580477815 0.045367222378986834 7.687 6.711 0.0 0.0
J-o-ztfg dehvils True F99 59039.40509684592 0.19196251987056748 9.577756287675943 0.09837715847951128 -2.5976217897715133 0.989486566922369 0.881477691603485 0.04386761659037629 5.363 4.533 0.0 0.0
J-o-ztfg-ztfr 1D3 True F99 59037.493802655765 0.24465546300495702 9.229271583220076 0.07955179039531396 -4.127856988447366 0.734325028703387 0.733323035332631 0.04031569918751111 7.342 6.219 0.0 0.0
J-o-ztfg-ztfr dehvils True F99 59039.22904765869 0.18431336078608748 9.45556375775778 0.07926924946976593 -1.9924077649512677 0.8528476076016271 0.8458845134938128 0.03952046657019759 6.114 4.832 0.0 0.0
J-o-ztfr 1D3 True F99 59037.547942405 0.26454806854219476 8.748425353109813 0.11291989062599095 -3.891717624994519 0.6701323066060297 0.5059460363040632 0.058004349184208985 5.863 5.62 0.0 0.0
J-o-ztfr dehvils True F99 59039.138747470664 0.19760324420145095 9.066538652630733 0.11014689019131452 -2.3245831994454047 0.7679188533035304 0.6707087653731967 0.054693131503391515 4.259 4.175 0.0 0.0
J-ztfg 1D3 True F99 59010.884745854986 0.8886892646723273 6.479667191933129 1.3959306214820442 -3.1911271223496005 2.586633848231352 0.19337447401667388 0.4638396232479684 5.721 4.723 0.001 0.003
J-ztfg dehvils True F99 59039.73762339684 0.4266426897401597 9.925228329935639 0.17938758056146484 -1.1925827697447997 6.911380700445541 0.9650233668798889 0.05936901921882963 14.054 13.846 0.0 0.0
J-ztfg-ztfr 1D3 True F99 59037.794739163146 0.29023417366427856 9.307392389660716 0.09876478076877178 -4.250665668374591 1.6223904315975803 0.7465108572210997 0.042443704891252355 18.312 16.162 0.0 0.0
J-ztfg-ztfr dehvils True F99 59039.890794575724 0.2724413851119998 9.63686663562304 0.09438579813270542 2.949850971682795 2.1829767286769797 0.870057091731516 0.040854968810777985 11.818 10.188 0.0 0.0
J-ztfr 1D3 True F99 59037.78224968347 0.29105135713887986 8.774638705549428 0.13435831352464123 -4.432812841640368 1.3886176289923629 0.521733663837609 0.06079541823389566 20.196 19.079 0.0 0.0
J-ztfr dehvils True F99 59039.63722267926 0.2544499891304571 9.21728537972013 0.12792118502169644 0.4100062832297918 1.799831624690978 0.7119825233423571 0.05596491586447362 11.537 11.439 0.0 0.0
o  True F99 59035.49420392641 0.5865102432953361 2.9895052039697694 2.3107692761929974 -4.426286585470743 0.8248311480948817 -3.537961881686307 1.8268347696050926 0.757 0.722 0.782 0.822
o-ztfg  True F99 59035.85488760859 0.5426749087777236 9.607100878793803 0.18788258756657863 -4.4765125559953125 0.7727167758761838 1.0247811555573407 0.11972708208685726 1.404 1.362 0.083 0.103
o-ztfg-ztfr  True F19 59036.07829860272 0.3907798493916298 9.689042402850603 0.16188595418307147 -4.239319653342529 0.6684172993780045 1.0921044642045543 0.10539973892951178 1.405 1.184 0.061 0.216
o-ztfg-ztfr  True F99 59036.14885292108 0.35643535911479846 9.581260479159766 0.15687190932420012 -4.228213169837712 0.6390377854575534 1.0533752458410062 0.10174651133695378 1.312 1.259 0.108 0.146
o-ztfr  True F99 59036.09068497784 0.3520324373861537 7.81344758276742 0.7353518760640183 -4.4841553320374885 0.6970834087053268 -0.098563688469578 0.49875937954182353 0.83 0.792 0.725 0.778
ztfg  True F99 59026.57273890966 7.449898898390718 8.176384923495576 2.278772829066192 -2.3815877689850873 4.574421525524178 -0.4572353794662169 8.642208153374893 -1 -1 -1 -1
ztfg-ztfr  False F19 59003.866864341326 0.8743121580844754 18.776089402127624 94.76984399125304 335343.2807476998 29276107.805111393 0.01094806521061017 0.18404731245348988 None None None None
ztfg-ztfr  False F99 59003.6450215604 16.177875182521525 17.40995584863687 -1.0 88803.47065421651 -1.0 0.10837988422589728 1.8463018914100502 None None None None
ztfr  True F99 59035.61862844958 0.4478242994610299 -4.0325231746028045 9.507597721045984 -6.4723833714393475 3.5188328463122396 -9.682117117405696 8.318313458279071 0.026 0.025 0.994 0.995