bps_used variant success reddening_law t0 e_t0 x0_mag e_x0_mag x1 e_x1 c e_c rchi2_data rchi2_data_model fitprob_data fitprob_data_model
c  True F99 59353.80888706283 1.1801624302488842 8.795242087068054 0.6207322235856629 -2.011622098021907 1.3694847969392099 -0.5511074265953799 1.3557459943600392 0.643 0.642 0.587 0.588
c-o  True F99 59353.677638901216 0.3727888249916328 8.951736606587657 0.12172395155818957 -3.4786585444879914 0.4528523269362391 -0.06523645889977683 0.09556864500379046 1.317 1.12 0.15 0.317
c-o-ztfg  True F99 59353.72670192894 0.21024906719861414 9.075273494097225 0.06799318772599658 -3.4039130712442347 0.3029472309092321 0.022245914739490447 0.0578480672693377 1.152 1.016 0.259 0.442
c-o-ztfg-ztfr  True F99 59354.032533689526 0.17040644283433692 7.999287495335437 0.06162150905957606 -2.992959949584085 0.2459186849470339 0.07385578791996542 0.046845476085264987 1.225 1.132 0.133 0.242
c-o-ztfr  True F99 59354.289172330435 0.23599048985430743 8.99095310829913 0.115465099432003 -2.694476700472781 0.29855788955766904 -0.012502381698575593 0.08754955826831866 1.239 1.209 0.138 0.166
c-ztfg  True F99 59353.54395455829 0.2638264409895347 9.2174413365028 0.10497104195186027 -3.011577437609101 0.39559223060521476 0.24674569186458983 0.18217683952769215 0.713 0.706 0.728 0.734
c-ztfg-ztfr  True F99 59354.04561650117 0.18359047986895521 9.163997955563492 0.06693536350672293 -2.699364109663022 0.2813500026601554 0.13588173995704173 0.0534231913002341 0.986 0.966 0.488 0.519
c-ztfr  True F99 59354.42389386878 0.2673702415246488 9.113126805569626 0.13611424802586541 -2.2570849252909286 0.3613198837218198 0.08530058791766569 0.10728973788041653 0.897 0.881 0.604 0.626
J 1D3 True F99 59354.98394575321 1.4641325546165795 8.86460452345359 61.64849289600041 7.856239726188638 184.42730021691017 -0.0017416219223444572 22.842058529929346 -1 -1 -1 -1
J-c 1D3 True F99 59354.10618562873 0.4134027117614219 8.092465535023436 0.11946104130391948 -2.1312693633582853 0.7677362441308949 0.14591940482610113 0.05432106236141948 1.116 1.103 0.35 0.358
J-c-o 1D3 True F99 59354.02557207606 0.32526204726935576 8.063719141549084 0.0937915183779569 -3.165200420090243 0.4309932211181838 0.1185332686988491 0.05391316057533152 1.552 1.473 0.039 0.06
J-c-o-ztfg 1D3 True F99 59353.805120579185 0.20200453310160602 8.027397897722155 0.06124428218003283 -3.301786797323132 0.30625767146124977 0.09896407871844473 0.03819844198553105 1.344 1.158 0.089 0.244
J-c-o-ztfg-ztfr 1D3 True F99 59354.097381129046 0.16562149757583577 8.041556541530346 0.05428005677834287 -2.8724824394641386 0.24515591585993016 0.11245304399559634 0.03583365344682659 1.241 1.192 0.112 0.16
J-c-o-ztfr 1D3 True F99 59354.393627993835 0.21907903500519527 8.053168456405949 0.079239044926037 -2.6312520300972397 0.2956134339737395 0.11826850776820622 0.051426120307730895 1.263 1.213 0.111 0.155
J-c-ztfg 1D3 True F99 59353.79074338467 0.22552741663022324 8.0625810164473 0.06967962467972603 -2.9452931251810544 0.3898536096881564 0.14301505735750114 0.039589129833059324 0.924 0.911 0.532 0.546
J-c-ztfg-ztfr 1D3 True F99 59354.13079764465 0.17553852035357018 8.06838747858706 0.0565260811299754 -2.647164194040738 0.28043148291105363 0.1411285925143067 0.0365701274483087 0.967 0.949 0.522 0.553
J-c-ztfr 1D3 True F99 59354.52475950127 0.24111474953624834 8.083905240759 0.08052607425451637 -2.1886221503642442 0.3563855628817593 0.14401132235293174 0.05070482736529202 0.832 0.816 0.708 0.731
J-o 1D3 True F99 59354.47355224889 0.381658663228086 8.247864806279452 0.14913978787820936 -3.9220291470113935 0.5584493755719646 0.22328998418628845 0.07507236994133089 1.273 1.261 0.194 0.202
J-o-ztfg 1D3 True F99 59353.8743140072 0.2194955000723359 8.028139427998777 0.07038118934950043 -3.3944483460350745 0.3348106055532437 0.09904125761768351 0.04057805927488053 1.458 1.355 0.062 0.107
J-o-ztfg-ztfr 1D3 True F99 59354.17221529975 0.17372741014051493 8.039010945907389 0.059552534396671644 -2.9286033502006648 0.2604274130790813 0.11329373514559318 0.03786042931898613 1.292 1.238 0.088 0.129
J-o-ztfr 1D3 True F99 59354.59889327714 0.23826146473710533 8.092257458222319 0.09880758341946193 -2.6711898168168693 0.3226501206396391 0.14642218385835254 0.061372259930312346 1.252 1.208 0.138 0.177
J-ztfg 1D3 True F99 59353.89065328365 0.24264201494603407 8.029331047764948 0.08625172537705651 -3.1836808988904943 0.45040748738220304 0.13207016231900892 0.041663314107772284 1.157 1.138 0.324 0.336
J-ztfg-ztfr 1D3 True F99 59354.2216013743 0.18508949938247565 8.064983347161208 0.06247515784230341 -2.6798352096698665 0.3032703447719977 0.14150624968740877 0.03845611857303682 1.004 0.983 0.458 0.488
J-ztfr 1D3 True F99 59354.7979294202 0.2658656646487858 8.106898910662002 0.10112314409040231 -2.108850493767787 0.40180998760891173 0.160608267944719 0.060456631022283186 0.675 0.663 0.847 0.858
o  True F99 59353.77982882748 0.6586646846283719 6.934191822013361 2.760951343250645 -3.9799374304988846 0.6034157903590722 -1.4831268826757236 2.074291777591543 1.386 1.374 0.144 0.15
o-ztfg  True F99 59353.78152104879 0.23134364252090603 9.069361647182156 0.07733703240460338 -3.5318971141668425 0.3309062872223818 0.014486389913084659 0.060730677309518186 1.205 1.193 0.227 0.237
o-ztfg-ztfr  True F99 59354.11040007529 0.180299286694342 9.098885142462745 0.06815910977498708 -3.007366220276422 0.26085709551532693 0.07511993591448837 0.04983286923389861 1.286 1.248 0.099 0.128
o-ztfr  True F99 59354.375807550125 0.27701648618623137 7.530527114524662 0.8538666128065703 -2.7000902347882745 0.33734268939919293 -1.0960873425791307 0.657854376582823 1.108 1.093 0.303 0.324
ztfg  True F99 59354.37617958 0.5361342038299831 9.302528936105347 0.8085508485699544 -2.435619050871221 0.6811687469544071 -2.474736557429459 2.392231572704708 0.703 0.696 0.59 0.595
ztfg-ztfr  True F99 59354.13508931344 0.19515466893503464 9.159804834204945 0.07443341916834857 -2.736781900347955 0.3057768169073531 0.13584415722369386 0.05650213378697069 1.054 1.031 0.39 0.42
ztfr  True F99 59354.330181630125 0.4220775126772097 4.397574889228397 2.851795369650783 -2.2208514394116667 0.4392963058568331 -3.698094302728025 2.4391727738121074 0.605 0.595 0.883 0.891