bps_used variant success reddening_law t0 e_t0 x0_mag e_x0_mag x1 e_x1 c e_c rchi2_data rchi2_data_model fitprob_data fitprob_data_model
c  True F99 59354.24101093337 1.3736782740304585 9.469801612691626 2.064852060618947 0.9789035960691361 1.7009347917267719 1.2629911490895986 2.3860635990697086 -1 -1 -1 -1
c-o  True F19 59354.80274346804 0.43285374022539386 7.429726303162775 0.12694611393951893 1.4855124171204799 0.7692119578089053 -0.04372264404206769 0.08522800015568015 0.968 0.778 0.48 0.685
c-o  True F99 59354.76403870732 0.40662479910530885 8.49024904062246 0.11714818958784626 1.4027700516461403 0.7082413796392675 -0.05525504588312374 0.07891972034111994 0.885 0.869 0.568 0.586
c-o-ztfg  True F19 59354.48075987222 0.21492311703743744 7.402867041302102 0.03818082330653454 0.5814486402748673 0.33516273024811877 -0.03596675307095877 0.03507042521413938 1.419 1.016 0.084 0.44
c-o-ztfg  True F99 59354.48441766134 0.20388956651883244 8.459880660364679 0.03624927354833403 0.438371847460969 0.30689045658527697 -0.046651279387506184 0.03329082213259958 1.288 1.227 0.156 0.204
c-o-ztfg-ztfr  True F19 59354.42770050888 0.1871178699579485 7.363221653896543 0.03539848494177752 0.44853763667976887 0.29159286559294795 -0.027788265905755616 0.028116088401600875 1.103 0.777 0.309 0.824
c-o-ztfg-ztfr  True F99 59354.421546658545 0.1763123367990694 7.354074043848148 0.03353110041394501 0.32060889067183984 0.2649256604717405 -0.03152830891570355 0.026779056549993994 1.089 1.021 0.33 0.433
c-o-ztfr  True F19 59354.5423172291 0.293900015416543 7.3347431288855915 0.09749980592336678 0.6859884141265762 0.48160962981152455 -0.07385355265146087 0.06985060557048753 0.983 0.737 0.485 0.817
c-o-ztfr  True F99 59354.51891913709 0.2737143268207777 8.390061439183562 0.0894285158873137 0.5814217892362411 0.4352284997676939 -0.08903374666336877 0.06455707974509575 0.87 0.828 0.645 0.703
c-ztfg  True F99 59354.452774402846 0.21167746112119784 8.485934901977268 0.04188480651277924 0.23802218822862475 0.31988200962560187 0.13010716254563903 0.1019676425694711 1.5 1.439 0.123 0.148
c-ztfg-ztfr  True F19 59354.44929321445 0.1924029727831934 7.3966653088280685 0.036155627826987675 0.3957609188929351 0.2998586712160408 0.0011989291048521773 0.032156718563168 1.276 0.874 0.173 0.632
c-ztfg-ztfr  True F99 59354.44993496733 0.1808819926583042 8.454859613359822 0.03414690321934804 0.2755441400023171 0.2711276659018453 -0.010478998705084418 0.03056782727480895 1.1 1.046 0.337 0.401
c-ztfr  True F99 59354.60914578744 0.2986500684799537 8.401705735071337 0.0976347349275734 0.5514651896189495 0.47977435009191327 -0.06291318020501496 0.07397080601897557 0.755 0.736 0.686 0.705
J 1D3 False F99 59352.72628819081 22.32219684495995 38.964552238923666 152.50297581678387 220.2750075170914 27000.03153519148 9.932229523246573 35.36764245205341 None None None None
J-c 1D3 True F99 59353.831356466995 0.4566962189042115 7.45205331568846 0.1371589223134328 1.1789004302151378 1.009994961884768 0.002679093181400503 0.05481573418888745 7.107 6.983 0.0 0.0
J-c-o 1D3 True F99 59353.944259055206 0.333281034217258 7.405238092690899 0.08298807168212634 0.7529330748422958 0.5697132684405213 -0.025205995364765324 0.04893266893747706 2.044 1.99 0.008 0.01
J-c-o-ztfg 1D3 True F99 59354.23985830713 0.18656805121372808 7.357554948206288 0.033782927122844336 0.20367319418503738 0.2772248854481132 -0.03198657160618632 0.02689933610776259 1.966 1.876 0.002 0.004
J-c-o-ztfg-ztfr 1D3 True F19 59354.34227992675 0.18097632543068673 7.356677924148626 0.03396450085862809 0.35283584779387217 0.2813871019686 -0.0317746832969141 0.02541606647119889 1.587 0.977 0.012 0.51
J-c-o-ztfg-ztfr 1D3 True F99 59354.34114876782 0.18094087713124243 7.389444172264944 0.03397627426574207 0.3517948641846215 0.28131653704899745 -0.023702278478503924 0.025431209567826785 1.695 1.05 0.005 0.386
J-c-o-ztfg-ztfr 1D3 True O94 59354.34111740675 0.1809314504303824 7.389440905385918 0.03397355417267908 0.3517213101651486 0.2812975442905235 -0.023702100579059082 0.025427823698035524 1.706 1.056 0.004 0.376
J-c-o-ztfr 1D3 True F99 59354.12464736853 0.2388326354464261 7.324609453964502 0.06890770652451608 0.17721550229198096 0.3786084572904608 -0.05000660901242375 0.04616544061273374 1.596 1.518 0.026 0.041
J-c-ztfg 1D3 True F99 59354.294472616275 0.19397295671493134 7.349727596913846 0.03428579509903189 0.13763105715846355 0.2846136933258427 0.00417324414272634 0.03361959202126157 2.812 2.71 0.0 0.001
J-c-ztfg-ztfr 1D3 True F99 59354.27465215295 0.16844137541681667 7.346062589236615 0.03190381418644838 0.09010122752468505 0.24979315426451837 -0.012776003965488185 0.025420451936364673 1.785 1.728 0.009 0.013
J-c-ztfr 1D3 True F99 59354.164697915985 0.25375199322991787 7.3109384261480574 0.07000231484093813 0.07156430433341004 0.4026390395317892 -0.04023938320237096 0.04683942419276877 2.126 2.067 0.008 0.011
J-o 1D3 True F99 59352.80884308796 0.4234356074674586 7.318126002664685 0.12355132639291318 -1.0773872393270105 0.808290050741173 -0.07235002944424264 0.07262961003829865 1.553 1.534 0.098 0.104
J-o-ztfg 1D3 True F99 59354.05155709777 0.1946469433557623 7.348242108552787 0.03387909432033716 -0.09797728537020746 0.27778881872628675 -0.042461531427236215 0.02704586222927461 1.944 1.864 0.004 0.007
J-o-ztfg-ztfr 1D3 True F99 59354.09887943484 0.16930435567053292 7.343361528938443 0.03207429139083346 -0.09935863783236418 0.2467058552074082 -0.03198742676274592 0.02392990917021667 1.503 1.434 0.03 0.049
J-o-ztfr 1D3 True F99 59353.69620343363 0.28132362082137585 7.309038910812551 0.09718538827638432 -0.5080741199209622 0.4287459719329848 -0.05365080796562045 0.06457379833138643 1.453 1.385 0.074 0.103
J-ztfg 1D3 True F99 59354.098348128406 0.20600889801584013 7.338931061649679 0.03437233823940034 -0.15006160453899398 0.28569235535817883 -0.01812768199211788 0.035141187784894286 3.259 3.181 0.0 0.0
J-ztfg-ztfr 1D3 True F99 59354.12599397665 0.1749756297379259 7.338058036175063 0.03224631401557628 -0.14665120801905854 0.25169946597180287 -0.019627807345066278 0.025557281572587465 1.781 1.737 0.015 0.019
J-ztfr 1D3 True F99 59353.64341339968 0.30280836665488414 7.2739751675424476 0.09720705648747469 -0.7481324461209102 0.45520830655123706 -0.05769697335704485 0.06384707234368855 2.016 1.975 0.028 0.032
o  True F99 59355.452240956496 1.3153014926282915 13.348563551005311 4.26925771224551 0.8823114402213674 0.8482075162174028 2.9995019467566033 2.4291918547747953 0.851 0.831 0.569 0.587
o-ztfg  True F99 59354.31005125571 0.21384302534177257 8.44913975838335 0.03614177045405187 0.13203382199550087 0.3077474436286508 -0.058532985262734774 0.03370280652651239 1.219 1.179 0.226 0.261
o-ztfg-ztfr  True F19 59354.292244585085 0.19477895533858436 7.388123401429539 0.035823824361758926 0.21058130019847943 0.29738069613230617 -0.02366213819703483 0.028406960652918332 1.2 0.823 0.205 0.744
o-ztfg-ztfr  True F99 59354.280702901684 0.18272274673698227 8.447875775154433 0.03397286985946555 0.08660923524085558 0.267562685151627 -0.034582216729969015 0.027081429856233085 1.037 0.974 0.41 0.508
o-ztfr  True F99 59354.077108321464 0.3265447463850332 7.960030422724563 0.48591301425231964 -0.05307768725126393 0.4967890216909979 -0.397208952250511 0.36363453803017054 0.784 0.765 0.736 0.759
ztfg  True F99 59353.900601455185 0.26387859771141703 9.58388217202155 1.4377682722857146 -0.5510533733198428 0.41622659123130035 2.9996303925768824 2.6546890330043085 1.813 1.735 0.08 0.096
ztfg-ztfr  True F19 59354.313951355674 0.2015840389229641 7.387328392480697 0.03645387447685665 0.1558733718310521 0.3059801960678359 -0.0047612094969282145 0.03240440428464442 1.271 0.827 0.196 0.67
ztfg-ztfr  True F99 59354.31012550995 0.1889320728780299 8.44710964990676 0.034473770377136115 0.04196113857451855 0.27416617142904953 -0.015978229795929322 0.030805976668175836 1.037 0.996 0.413 0.46
ztfr  True F99 59354.870794721464 0.7289776222397403 19.59988400545559 17.573091815553116 0.06828079906898346 0.5031828725122163 7.62605524728267 11.159179401826052 0.648 0.625 0.716 0.735