bps_used variant success reddening_law t0 e_t0 x0_mag e_x0_mag x1 e_x1 c e_c rchi2_data rchi2_data_model fitprob_data fitprob_data_model
c  True F99 59571.29834870745 6.3634306499844735 7.122039359477341 1.9527837330748656 -1.6505261006814156 5.612354086986371 0.04371986443005857 2.3462744861883453 -1 -1 -1 -1
c-o  True F19 59578.55420427519 1.473207193693627 6.721596105254358 0.13855484284391953 -0.09822311828208871 0.41295692197582395 -0.042924524181547685 0.07962247005750821 1.302 0.883 0.18 0.595
c-o  True F99 59578.69633692363 1.2492344678750922 7.739463755485974 0.11865556392290845 -0.11138756517761048 0.38366264900086766 -0.06212231624313788 0.07114373204606897 0.456 0.451 0.971 0.973
c-o-ztfg  True F19 59578.55420427496 1.4732071937511704 6.721596105254358 0.13855484285001676 -0.09822311828208871 0.41295692198493905 -0.042924524181547685 0.07962247006065083 1.302 0.883 0.18 0.595
c-o-ztfg  True F99 59578.69633692328 1.249234467912825 7.739463755485974 0.11865556392828518 -0.11138756517761048 0.3836626490106027 -0.06212231624313788 0.07114373204920282 0.456 0.451 0.971 0.973
c-o-ztfg-ztfr  True F19 59578.53903285159 1.4622388700003326 6.622722556282726 0.1385584336384357 -0.0923283944913179 0.39896082724620335 -0.06683413907591272 0.0796762368662023 0.411 0.352 0.988 0.996
c-o-ztfg-ztfr  True F99 59578.502723924 1.3107955538722968 6.634087946161609 0.12267471494447485 -0.05211343081724998 0.37950316106568954 -0.07058781071842922 0.07283825717638269 0.409 0.405 0.989 0.99
c-o-ztfr  True F19 59578.53983972872 1.4614075869491032 6.7207585527754645 0.13847592155637933 -0.09290903204064574 0.3988253947122469 -0.04318561109412078 0.07962323462120653 1.176 0.802 0.268 0.707
c-o-ztfr  True F99 59578.68399519209 1.2392557831582736 7.73876895605189 0.11856988846830484 -0.1061051966298514 0.3712231026555374 -0.06235085723755339 0.07113652861529143 0.41 0.405 0.989 0.989
c-ztfg  True F99 59571.29834872075 6.363432598105675 7.122039359477341 1.9527834601788787 -1.6505261006814156 5.6123544229979 0.04371986443005857 2.3462733765867547 -1 -1 -1 -1
c-ztfg-ztfr  True F19 59571.29675600589 7.05617220303679 6.119537738379686 2.6655504676716486 -1.6498658756494802 5.915820458190466 0.07062437325942755 3.077709360685908 -1 -1 -1 -1
c-ztfg-ztfr  True F99 59571.298496508614 6.3641017667617295 7.12203939347295 1.9526807062836116 -1.6503690296285347 5.612372574578798 0.04368277252630856 2.3459121038269015 -1 -1 -1 -1
c-ztfr  True F99 59571.298496512674 6.3641023615450285 7.12203939347295 1.9526806231249811 -1.6503690296285347 5.612372677365843 0.04368277252630856 2.3459117653058126 -1 -1 -1 -1
J 1D3 False F99 59588.89461305631 -1 16.684285511809385 -1 65293.764062593145 -1 0.00934359249548045 -1 None None None None
J-c 1D3 True F99 59577.33325829847 1.6365993256014868 6.621076873777775 0.14294242656806733 0.701550227708877 0.9048360773746154 -0.05128297969705681 0.09570668373692423 0.18 0.179 0.97 0.971
J-c-o 1D3 True F99 59578.57714138803 0.9899197090439903 6.631077914556602 0.09395373768550871 -0.09282065752649345 0.3522624442744547 -0.06549021419742555 0.05707472747394318 0.395 0.39 0.995 0.995
J-c-o-ztfg 1D3 True F99 59578.36463584517 0.9341144265959168 6.611137414609481 0.08940691907542081 -0.05450662150651249 0.3431219644734724 -0.0765042591246396 0.05415326381100187 0.367 0.362 0.997 0.997
J-c-o-ztfg-ztfr 1D3 True F19 59578.45714717555 1.1230570250979064 6.618325955937531 0.10634852456721665 -0.08375771299821523 0.3676321958321752 -0.06756477055427318 0.06228343646560202 0.364 0.315 0.998 0.999
J-c-o-ztfg-ztfr 1D3 True F99 59578.47566379317 1.1218937876170987 6.718276404583113 0.10627843124031632 -0.08760045891361193 0.36781845512799144 -0.04276489649616323 0.06233707874287049 0.893 0.631 0.613 0.916
J-c-o-ztfg-ztfr 1D3 True O94 59578.47601731535 1.121469449637548 6.718300868783613 0.10624080952081186 -0.08762997841309524 0.3677427044016412 -0.042758606573072004 0.06231453518556432 0.96 0.669 0.517 0.886
J-c-o-ztfr 1D3 True F99 59578.36043955631 0.9285954934835224 6.61093057794182 0.08943527150608767 -0.05289181999606495 0.33404408560877114 -0.07652369759707872 0.05416908988286139 0.337 0.333 0.999 0.999
J-c-ztfg 1D3 True F99 59577.33327396404 1.6365895325889728 6.621077257245437 0.14294170891302288 0.7015487944046044 0.9048343415621943 -0.051282998135058655 0.09570658561028013 0.18 0.179 0.97 0.971
J-c-ztfg-ztfr 1D3 True F99 59577.564839386345 1.5751974102656254 6.609466129899305 0.1385673529771542 0.5208638060672799 0.8026763992884046 -0.07196381956534761 0.09149460276680303 0.176 0.174 0.99 0.991
J-c-ztfr 1D3 True F99 59577.564805308175 1.5752147342371592 6.609462996254697 0.13856955895546194 0.5208597153363315 0.8026801810916572 -0.07196434572205151 0.09149469370936122 0.176 0.174 0.99 0.991
J-o 1D3 True F99 59578.98752109678 1.111787267422768 6.534025144497975 0.23597130059711507 -0.30719608609863314 0.4154130494272438 -0.13275083980186464 0.1631883672365543 0.308 0.304 0.998 0.998
J-o-ztfg 1D3 True F99 59578.987521096744 1.1117872674180802 6.534025144497975 0.23597130060024687 -0.30719608609863314 0.41541304942656004 -0.13275083980186464 0.163188367238598 0.308 0.304 0.998 0.998
J-o-ztfg-ztfr 1D3 True F99 59578.9792675829 1.1069518240274017 6.528490800579639 0.23255528406383177 -0.29357655901681545 0.397825375387762 -0.1362875612596508 0.16118489569553499 0.279 0.275 0.999 0.999
J-o-ztfr 1D3 True F99 59579.13001978575 1.1272737865131373 6.587226947859374 0.2537870208420371 -0.34127160845517884 0.4052454365806157 -0.09815143741866192 0.174569045452263 0.306 0.302 0.999 0.999
J-ztfg 1D3 False F99 59588.89499017119 -1.0 16.282017543736135 -1.0 114322.33402091058 -1.0 0.005611002584199476 -1.0 None None None None
J-ztfg-ztfr 1D3 True F99 59578.105085869305 2.2174032178870156 5.572418352217872 3.934443476125625 -3.050509553943453 8.183179601086067 -0.38698847016550286 1.316689427375233 0.275 0.275 0.843 0.844
J-ztfr 1D3 True F99 59583.88620690009 0.05165905446703553 7.2242161385203865 5.9425083945176915 2.9434974452471767 28.001044940503405 -0.13293012663926007 1.8883822650527877 0.54 0.539 0.707 0.707
o  True F99 59579.76389751392 1.110157765660591 8.412027497281382 1.1905468518982714 -0.7628505373961085 0.6521872071980521 0.3792161580042125 0.7766860834161928 0.357 0.351 0.982 0.984
o-ztfg  True F99 59579.76389751392 1.110157765660591 8.412027497281382 1.1905468518982714 -0.7628505373961085 0.6521872071980521 0.3792161580042125 0.7766860834161928 0.357 0.351 0.982 0.984
o-ztfg-ztfr  True F19 59579.39544883596 1.3723519202628252 6.676430078164612 0.9427968592311611 -0.4289320356470723 0.5542931083149323 -0.0797512734589381 0.640538233227072 0.848 0.521 0.624 0.931
o-ztfg-ztfr  True F99 59579.42568694122 1.1928863839117119 7.756481402102105 0.8820007548027285 -0.4212210269831751 0.5242819381529855 -0.055138202784361184 0.5971801713006087 0.333 0.328 0.992 0.993
o-ztfr  True F99 59579.42568694122 1.1928863839117119 7.756481402102105 0.8820007548027285 -0.4212210269831751 0.5242819381529855 -0.055138202784361184 0.5971801713006087 0.333 0.328 0.992 0.993
ztfg  False F99 59635.968659532446 15.012257982768327 10.853607177734375 -1 0.0 -1 0.0 2.268926018129831 None None None None
ztfg-ztfr  True F19 59614.85609457125 4.983726265931197 8.715717775087672 1.758779759583634 2.402773422505485 8.637245713097355 0.19757428372441424 0.9969457053632633 0.576 0.54 0.448 0.462
ztfg-ztfr  True F99 59614.827382851116 4.861615243246612 9.706366883728826 1.7057015936774969 2.3514146923008576 8.308553562355828 0.16385518014488165 0.9680284701321403 0.081 0.081 0.776 0.776
ztfr  True F99 59623.50628797129 4.985857241480396 1.8572450490960597 8.80475206995808 -4.3672023667001 18.604217754663413 -6.234799827828304 7.615783413496948 -1 -1 -1 -1