bps_used variant success reddening_law t0 e_t0 x0_mag e_x0_mag x1 e_x1 c e_c rchi2_data rchi2_data_model fitprob_data fitprob_data_model
c  True F99 59138.887988692615 0.3438035296624133 11.74587419343122 4.36842743145604 -2.2955442138827236 0.38237822580373165 5.085209487859003 3.520515371577633 2.949 2.811 0.086 0.094
c-o  True F19 59140.60397346771 0.25642743517826694 6.3357207943526035 0.06386862717621289 -0.1905661208766039 0.28877645289447534 -0.1396017442389002 0.050548123031639684 4.516 2.981 0.0 0.0
c-o  True F99 59140.57523248001 0.21582615121706894 6.277459241063726 0.05294959405407204 -0.07551470380224928 0.2520220282673835 -0.15925308743716354 0.04305796420481164 3.817 3.671 0.0 0.0
c-o-ztfg  True F19 59140.19237589087 0.1398383109502811 6.444690593063783 0.028702478806826276 -0.3425226553488889 0.17069377335330943 -0.060933034353780544 0.029589798347238176 3.063 1.954 0.0 0.0
c-o-ztfg  True F99 59140.20501238723 0.12120302259469691 6.379885639334937 0.026655830701416902 -0.3169662898240315 0.15090870522016286 -0.08349175164843184 0.02701448465216297 2.406 2.236 0.0 0.0
c-o-ztfg-ztfr  True F19 59140.15430461253 0.11869056694373677 6.409002083662921 0.0276032331269744 -0.2885132669396414 0.14970391213068202 -0.019780362380441785 0.02421738134749939 2.557 1.487 0.0 0.011
c-o-ztfg-ztfr  True F99 59140.16823637299 0.10016033947801964 6.405065937442565 0.025616387491082884 -0.2564110275711745 0.13026067361647325 -0.02753181804021092 0.02241438609800594 2.544 2.025 0.0 0.0
c-o-ztfr  True F19 59140.30364355043 0.16756402213617613 6.392384233294763 0.059970725899833995 -0.16546094396897998 0.2112710216047999 -0.06491480416879698 0.04558773269397034 3.907 2.257 0.0 0.0
c-o-ztfr  True F99 59140.3067395173 0.13676582685854807 6.328973904270427 0.05009331398078134 -0.09905915687938985 0.1796718857148694 -0.0878637773402035 0.03876983177812286 3.36 2.785 0.0 0.0
c-ztfg  True F99 59139.97557312289 0.13558705487133754 6.435176989501203 0.04222869320395495 -0.41468171847928814 0.18168225163848817 0.04145206322718684 0.07922787449523387 0.71 0.685 0.812 0.837
c-ztfg-ztfr  True F19 59139.952524393215 0.12750607115318432 6.499004847972245 0.029496458672142213 -0.36324880801718995 0.1671574241263328 0.05828549582163499 0.029941302227826903 1.56 0.822 0.017 0.766
c-ztfg-ztfr  True F99 59139.95262130454 0.10690048496004327 6.440541061238976 0.027521834272057042 -0.36534182876062304 0.14575359690490458 0.044647448163739924 0.028036105894646952 0.664 0.642 0.939 0.952
c-ztfr  True F99 59139.86821434424 0.15260581097743983 6.456805197832484 0.059608215169218236 -0.316775324974501 0.2201663072899303 0.05385486712574797 0.05122603389212105 1.058 1.026 0.389 0.426
J 1D3 False F99 59141.5257856524 -1.0 5.791919007999004 61.65348090487241 0.04064331582580179 -1.0 0.0008553823673582829 22.212526438136397 None None None None
J-c 1D3 True F99 59139.70450078794 0.3024050369622085 6.518296306655821 0.05250138491556519 -0.4525951531472107 0.44486467604916957 0.1362096017995427 0.03688962104505603 3.352 3.281 0.018 0.02
J-c-o 1D3 True F99 59140.09586989889 0.1905490666005023 6.506981838918346 0.047871430935871914 -0.34059330567271384 0.2377364852793038 0.057478124821508436 0.03418902151753449 9.572 5.57 0.0 0.0
J-c-o-ztfg 1D3 True F99 59140.08589491183 0.11869332036949719 6.4497918343083125 0.02589797104149291 -0.3736576915397858 0.14869309125146948 0.023158037964860344 0.022972198453480714 5.789 3.26 0.0 0.0
J-c-o-ztfg-ztfr 1D3 True F19 59140.09642174227 0.11742493366715684 6.431813590853314 0.027481622159796874 -0.3159899947615957 0.1489666597448853 0.010113989199904534 0.023405391796982093 4.493 1.661 0.0 0.001
J-c-o-ztfg-ztfr 1D3 True F99 59140.09531613924 0.11742966153769825 6.491562225547803 0.027497535413271396 -0.31687719592507535 0.1489543244490079 0.024804299337559125 0.02341869443911272 5.07 1.88 0.0 0.0
J-c-o-ztfg-ztfr 1D3 True O94 59140.09537381833 0.11740595690293815 6.491562755174734 0.02749179016662967 -0.31677951861285203 0.1489295385808485 0.02479156873473321 0.02340998678591515 5.114 1.896 0.0 0.0
J-c-o-ztfr 1D3 True F99 59140.07958253934 0.12552520270886355 6.505213849905515 0.04561688606632102 -0.26014564858333633 0.17030666435894745 0.06653448510893953 0.03228705901145487 5.8 3.46 0.0 0.0
J-c-ztfg 1D3 True F99 59139.96925919944 0.13453790825116932 6.4745506758815825 0.026658776550706812 -0.46467997531067545 0.1765381572169525 0.12809003899911936 0.02888864161792971 0.853 0.747 0.654 0.787
J-c-ztfg-ztfr 1D3 True F99 59139.894268964 0.10283242000901233 6.470293469369889 0.02538788013645152 -0.41667316941711274 0.14304870868592542 0.08919228568176416 0.022221591704238864 1.247 0.809 0.141 0.793
J-c-ztfr 1D3 True F99 59139.78240992104 0.13728494060117538 6.526155892680389 0.04437434962362859 -0.39797417939414037 0.20933029134862458 0.1219488036882268 0.03200712558435523 1.418 1.136 0.101 0.303
J-o 1D3 True F99 59141.007963956356 0.2752552411932731 7.202607032414137 0.11458420152115208 -0.005784853945208312 0.29013259108892947 0.44882399842866516 0.06683242110924731 3.968 3.849 0.0 0.0
J-o-ztfg 1D3 True F99 59140.19313007464 0.1343071352741441 6.4705843178927935 0.029330069248220434 -0.3508708520397162 0.16087482821446902 0.03385274416362166 0.024066103591693856 6.264 3.38 0.0 0.0
J-o-ztfg-ztfr 1D3 True F99 59140.13099836475 0.10581176472764084 6.4701602330009145 0.028268377416789458 -0.2999520083928521 0.13530956355200746 0.04397665317239716 0.021457366066697202 4.459 2.518 0.0 0.0
J-o-ztfr 1D3 True F99 59140.43771892136 0.15810995058664024 6.808487204344228 0.08773363623423261 -0.052181906322768826 0.1958997377439879 0.24994087658169523 0.055041048655136746 4.45 3.139 0.0 0.0
J-ztfg 1D3 True F99 59140.033741276 0.1537643289993823 6.466001346837732 0.02938570931357468 -0.4505362934218644 0.19284452931941554 0.13832071715755134 0.029632930111473277 0.31 0.303 0.996 0.996
J-ztfg-ztfr 1D3 True F99 59139.9207341989 0.1119685061870938 6.469110657192781 0.028251419928645025 -0.41155321712259624 0.15175525374343068 0.08963096973266607 0.022762549505841966 1.177 0.664 0.223 0.93
J-ztfr 1D3 True F99 59139.96287472903 0.17719351649310805 6.665160925689262 0.08830394990954694 -0.28197365978599576 0.25299236210270937 0.20198873588841718 0.053666443004051066 0.755 0.732 0.729 0.754
o  True F99 59140.80850859838 0.37476941839967526 0.6933850931225728 5.500091617743628 0.7117553158189369 0.4267265202305873 -4.364850378477831 4.549557290724147 3.943 3.857 0.0 0.0
o-ztfg  True F99 59140.33934637952 0.13813505340666224 6.402713054809497 0.02962188385463638 -0.29903207098252005 0.16370539873884585 -0.07450176856286175 0.027875586294704234 2.192 2.116 0.0 0.0
o-ztfg-ztfr  True F19 59140.221760246146 0.12818224040285142 6.477772801823502 0.029959595819223736 -0.27259783083829425 0.15748629398186734 -0.0007173962084256748 0.024864230401532142 3.056 1.682 0.0 0.002
o-ztfg-ztfr  True F99 59140.24130670713 0.10907698320159279 6.418710887694109 0.02858806228634516 -0.23068549363217333 0.13792007412141738 -0.019999717700896768 0.023357572637323628 2.519 1.999 0.0 0.0
o-ztfr  True F99 59140.18097233218 0.16691742790060393 4.544525163115056 0.6606542116631305 -0.03590457700237848 0.2079926618400902 -1.365263610251783 0.48952280150686633 2.445 2.366 0.0 0.0
ztfg  True F99 59139.63719255118 0.7679079389277006 6.999434184103798 1.5307398910718881 -0.8697909491296303 0.7969883634064302 1.403003339729141 3.0245544553399917 0.25 0.242 0.998 0.998
ztfg-ztfr  True F19 59139.98546405377 0.13885688057060278 6.498627855646248 0.0313079913393286 -0.3536490975085351 0.1767546689413252 0.058279786917347795 0.030037661965824816 1.284 0.639 0.133 0.94
ztfg-ztfr  True F99 59139.98844087706 0.1170553440148915 6.440521270390015 0.029822434638191366 -0.35718487712768293 0.1548810474716394 0.04491378664940406 0.028236663893304374 0.469 0.453 0.995 0.996
ztfr  True F99 59140.06905796753 0.20935723463745307 10.027143179779355 2.7054763053449924 -0.5155650569920682 0.2868964526750068 2.5237075925124275 1.7989991850349403 0.658 0.635 0.806 0.827