bps_used variant success reddening_law t0 e_t0 x0_mag e_x0_mag x1 e_x1 c e_c rchi2_data rchi2_data_model fitprob_data fitprob_data_model
c  True F99 59319.587227365984 1.792983940557908 9.150065771094644 0.5489325558696845 0.1336703920719634 1.8824837610695668 -0.3807032494788174 1.4863572210516207 0.27 0.269 0.93 0.93
c-o  True F19 59318.921871638064 0.7814337997276027 8.233997272077136 0.09334204343767513 -0.8068461030875487 0.8127329982243222 -0.1626470458075445 0.12081163486721909 0.652 0.607 0.895 0.928
c-o  True F99 59318.92050289167 0.7693082286916804 9.209772585553614 0.09160323518736352 -0.8034675595332164 0.8036022611647814 -0.196430874247633 0.11928392797406195 0.354 0.354 0.998 0.998
c-o-ztfg  True F19 59318.87105534764 0.27510461775793377 8.290132256363819 0.03628526409765331 -0.8918495532851225 0.32958527593128556 -0.09816942544501477 0.06169957024021563 0.824 0.687 0.796 0.948
c-o-ztfg  True F99 59318.87236318459 0.2694427540090373 9.266236175162721 0.035799093066463866 -0.8881018512352629 0.32284672363506345 -0.13129168919652856 0.0608826354483878 0.289 0.286 1.0 1.0
c-o-ztfg-ztfr  True F19 59318.73851516654 0.23281945329965975 8.162738019474688 0.03492204360354079 -1.0521404808619665 0.28810258655652515 -0.06592388408165362 0.03493431726427225 0.3 0.286 1.0 1.0
c-o-ztfg-ztfr  True F99 59318.73751523276 0.22665980245402872 8.164752249612606 0.03442528559451417 -1.0529947072053256 0.2808166969961634 -0.06996264705063104 0.034385353390807304 0.3 0.296 1.0 1.0
c-o-ztfr  True F19 59318.458785431634 0.373262376343619 8.284573639872438 0.08125606147118164 -1.3664127260585037 0.4705646604619807 -0.028247672324474407 0.07384688168491166 0.717 0.6 0.928 0.987
c-o-ztfr  True F99 59318.45694582879 0.3588125174325949 9.259934814223481 0.07924891350222972 -1.3759771733941344 0.4550279377811063 -0.06195748776244145 0.07209960015827334 0.326 0.321 1.0 1.0
c-ztfg  True F99 59318.91069013263 0.27657812985417063 9.283423879808733 0.040627123848655876 -0.8232126511538513 0.3379584277570347 -0.03109589045715406 0.12400718709579502 0.223 0.222 1.0 1.0
c-ztfg-ztfr  True F19 59318.778437334986 0.23708239783688304 8.296104066339488 0.035687465437916434 -0.9931611439239831 0.2985903028479496 -0.01822422975687432 0.036995579277769794 0.91 0.722 0.658 0.934
c-ztfg-ztfr  True F99 59318.778642027246 0.23078189042892674 9.271783449501177 0.035115710749493836 -0.9946241764880821 0.29082347827891036 -0.05218757120458084 0.036334682068196476 0.243 0.242 1.0 1.0
c-ztfr  True F99 59318.532331986135 0.37650359477539586 9.280642725827406 0.08254724492917406 -1.2710874410516027 0.5021990900023784 -0.03484091632475958 0.07674642045458345 0.259 0.258 1.0 1.0
J 1D3 True F99 59318.347770610584 2.5244348179306573 9.027851306611549 78.69839999579504 -9.832340802475048 32.16910255743237 0.027980349914841933 28.599909315787425 -1 -1 -1 -1
J-c 1D3 True F99 59318.29662048497 0.3813341294372426 8.21456308239362 0.07185117275667968 -0.8694285900131735 0.8715694328947484 -0.013198739527573809 0.044583880221110705 0.387 0.383 0.928 0.93
J-c-o 1D3 True F99 59318.130250715054 0.37418346365788324 8.215606251909463 0.0679512924923822 -1.331766959223589 0.6872012369969498 -0.02559446685250764 0.04507422876854615 0.428 0.412 0.995 0.996
J-c-o-ztfg 1D3 True F99 59318.603870859195 0.2271434763165082 8.182802449968907 0.03499598769760123 -0.9813571365982201 0.3221262441262931 -0.047961774798675465 0.03302553583832578 0.399 0.374 1.0 1.0
J-c-o-ztfg-ztfr 1D3 True F19 59318.63814484481 0.21782049019039143 8.174670665230147 0.03379020390152599 -1.092718409901464 0.2867351470873165 -0.04125080786679969 0.02852846768417108 0.337 0.301 1.0 1.0
J-c-o-ztfg-ztfr 1D3 True F99 59318.6313298897 0.217785692780349 8.302240941114013 0.03388845587808257 -1.0963164844373423 0.28684063854811 -0.008995368951014798 0.028647166711657044 0.809 0.637 0.882 0.993
J-c-o-ztfg-ztfr 1D3 True O94 59318.63122570586 0.21775401401722402 8.302244004464786 0.03388222905450812 -1.096387580605144 0.28681716937626406 -0.008985211795571359 0.028635527152484783 0.844 0.663 0.826 0.988
J-c-o-ztfr 1D3 True F99 59318.26923685969 0.265542891855902 8.193778074672078 0.0594255865301845 -1.5012098814622705 0.42354079820193646 -0.024442296895531873 0.043849939790529514 0.325 0.318 1.0 1.0
J-c-ztfg 1D3 True F99 59318.66199959631 0.2273130690367704 8.183422099779005 0.03552100684986849 -0.9002752421418938 0.33581906351036794 -0.02176227824554402 0.03494208208535535 0.301 0.296 1.0 1.0
J-c-ztfg-ztfr 1D3 True F99 59318.611093073574 0.1999685206664436 8.177297292197458 0.03336285598082045 -1.065008741123635 0.28669770720286675 -0.036951549931465905 0.028392929043522558 0.286 0.277 1.0 1.0
J-c-ztfr 1D3 True F99 59318.329322000165 0.2706285302447522 8.194458249503068 0.059601378607353976 -1.4100863814819136 0.4600697993571794 -0.017247273012592504 0.04373048205943406 0.261 0.259 1.0 1.0
J-o 1D3 True F99 59318.07927679843 0.47758505021103775 8.399364382491083 0.2054008016739103 -1.88970374159433 1.1394206381712897 0.06264648875772179 0.09319883603342227 0.325 0.324 0.996 0.996
J-o-ztfg 1D3 True F99 59318.56888236353 0.2422731752424434 8.178902317337458 0.03972404335327499 -1.048260746352375 0.3477766988824423 -0.04951629412019999 0.03310908649489275 0.434 0.404 0.999 1.0
J-o-ztfg-ztfr 1D3 True F99 59318.543898442455 0.20716120605035637 8.169346262580087 0.03646825414322012 -1.1875350346288887 0.29171168458879027 -0.04938641903953224 0.028475386974994864 0.351 0.334 1.0 1.0
J-o-ztfr 1D3 True F99 59318.2007343297 0.2881014445537376 8.199432892363285 0.09692889495428252 -1.725739073782428 0.4726953563198013 -0.015777087590038503 0.06354814118584788 0.306 0.299 1.0 1.0
J-ztfg 1D3 True F99 59318.61844306002 0.24058384447321998 8.173523945066588 0.0407221135408235 -0.9786530401737052 0.3644794421570643 -0.023064022224507066 0.03491487638012697 0.326 0.321 0.999 0.999
J-ztfg-ztfr 1D3 True F99 59318.57889558397 0.20860373057680637 8.170795810030661 0.03684083589612332 -1.1360222415171068 0.3023960068105508 -0.0392217465659917 0.028927968271993863 0.292 0.282 1.0 1.0
J-ztfr 1D3 True F99 59318.246927410815 0.29253323064186243 8.187553173034424 0.09771286703735765 -1.6760730635747676 0.5253718221983336 -0.0157408179840327 0.06313130297612073 0.218 0.215 1.0 1.0
o  True F99 59318.532714129586 2.1271872884895697 10.040325804271044 3.276337614855032 -2.034186395131286 1.363745372111849 0.43814146660459186 2.290860910515684 0.382 0.381 0.98 0.981
o-ztfg  True F99 59318.91316097335 0.301574564043923 9.272138287334563 0.03952626912822109 -0.9315570884834441 0.35015718999565076 -0.148916127815315 0.06553974637220344 0.285 0.284 1.0 1.0
o-ztfg-ztfr  True F19 59318.71277549689 0.24649328568902337 8.284530854403505 0.03831424685532571 -1.1268599309547023 0.3030799661006413 -0.03751824917532601 0.035505635607054865 0.814 0.647 0.85 0.985
o-ztfg-ztfr  True F99 59318.71387291225 0.23972763405212366 9.260529028321347 0.03778295352430904 -1.1247578507073266 0.29503763987454873 -0.07114828331421061 0.034920015442862835 0.308 0.303 1.0 1.0
o-ztfr  True F99 59318.39097102009 0.392342755179417 8.272687673021796 1.0233491875561163 -1.4798590014511497 0.5229069748344349 -0.8498782383927399 0.8438131826930717 0.277 0.276 1.0 1.0
ztfg  True F99 59318.93791585746 0.6700534624850631 9.277352364437535 0.04409223623151971 -0.8513210913677525 0.8029792589901076 -0.14256973553006724 1.4337535801339925 0.233 0.233 1.0 1.0
ztfg-ztfr  True F19 59318.75230907466 0.2510134574066161 8.290803316182465 0.03908097193867935 -1.0682951380575818 0.3153531728635629 -0.020001546313290458 0.037417786022320605 0.92 0.712 0.621 0.922
ztfg-ztfr  True F99 59318.75347338769 0.2440671728892046 9.266654532090932 0.03851991386378935 -1.0683323933179796 0.3067007774816665 -0.053892150899569086 0.0367637154228981 0.245 0.244 1.0 1.0
ztfr  True F99 59318.316892169285 0.38311396066290504 12.714002575496005 4.471130722058793 -2.136175121103006 0.9259748068100359 2.6035811634417962 3.266410162864419 0.204 0.202 1.0 1.0