bps_used variant success reddening_law t0 e_t0 x0_mag e_x0_mag x1 e_x1 c e_c rchi2_data rchi2_data_model fitprob_data fitprob_data_model
c  True F99 58577.007570429385 5.234798428729044 9.51461503089307 6.062984701494777 -18.779655435483484 15.058401323263016 0.6230544085080167 9.337828494073264 -1 -1 -1 -1
c-o  True F19 58544.56272937094 1.3737215597457593 7.279731311176718 0.5711950261417134 -0.779490401937555 1.112954673581745 -0.4539376411600737 0.4006429428921239 1.456 1.435 0.112 0.121
c-o  True F99 58544.56739077243 1.3522597011863038 8.327392726166432 0.5641498663598586 -0.7612060014371529 1.094303296091737 -0.4619276264177339 0.3958845808296991 1.412 1.412 0.131 0.131
c-o-ztfr  True F19 58543.49240267219 1.4589394247968812 7.267218616178422 0.4223443615775507 -0.01453007833212208 0.9293812436709342 -0.4409879765643723 0.31366643634693353 1.247 1.232 0.209 0.22
c-o-ztfr  True F99 58543.476090875556 1.434987310802164 7.273674060611426 0.41693374372816927 -0.001115242389779246 0.9108247054024324 -0.4388984061391805 0.30978300166711736 1.246 1.244 0.209 0.21
c-ztfr  True F99 58541.016011378786 3.3874727654898082 8.760382584548582 0.6737424183917051 1.51721055782278 1.8915447283056213 -0.15524478676989356 0.520740666476717 0.602 0.602 0.661 0.662
J 1D3 False F99 58552.359485 13.151127253459038 8.646713256835938 91.54114984708646 0.0 429.7901961610626 0.0 30.333634174048505 None None None None
J-c 1D3 True F99 58544.91130246093 14.837870422092816 17.783285384346907 40.894233265115645 27608.682796551413 926841.9839477648 0.8662636568418182 2.3676373236139336 0.992 0.022 0.319 0.882
J-c-o 1D3 True F99 58544.92035420933 1.228356661089242 7.677017571763861 0.42007493483969477 -0.5562827404207968 1.0229512136055043 -0.13773205327566596 0.28048599804241264 1.382 1.38 0.14 0.14
J-c-o-ztfr 1D3 True F19 58543.94785288691 1.155182550975126 7.622872955586158 0.37201113562055454 -0.0554918877150119 0.8241372477796564 -0.16710968712594815 0.2675118738162153 1.263 1.244 0.192 0.206
J-c-o-ztfr 1D3 True F99 58543.93085641862 1.13772244605373 7.628783422957316 0.36769855855915773 -0.042715757359916534 0.808062855701378 -0.1655172859976624 0.2645838650783494 1.264 1.257 0.191 0.196
J-c-ztfr 1D3 True F99 58541.86331780402 3.0376657644226213 8.077750510850892 0.4876920303461976 1.399855600768262 1.8088359301296952 0.1764894899559922 0.3521786703238793 0.581 0.579 0.715 0.716
J-o 1D3 True F99 58544.743637521766 1.2505257550558606 7.949374738627245 0.42987965620637214 -1.1693015354331815 1.1318376547346076 0.05783449352173205 0.2817928777079516 1.473 1.473 0.118 0.119
J-o-ztfr 1D3 True F99 58543.9107632392 1.1322822813847528 7.747779453931523 0.40234810974795304 -0.19852948345413457 0.8286366007671561 -0.07559502473496678 0.28885289894766536 1.376 1.368 0.137 0.141
J-ztfr 1D3 True F99 58540.9506045805 4.046104729943478 8.272182413884266 0.525385399417353 1.4644475217817239 2.1526598888784294 0.3215495909392923 0.3781343381075224 0.466 0.466 0.627 0.627
o  True F99 58544.92485149604 1.1422252200577105 11.249472204988281 2.8572378968040377 -1.7620420737278184 1.1553676697403426 1.5054773767482992 1.7727549489461674 1.553 1.552 0.098 0.098
o-ztfr  True F99 58543.42775304544 1.5112588912635208 7.909071444845209 1.050295395727073 0.18576565866227304 1.072732411803178 -0.7977415420550203 0.8203626065317305 1.361 1.36 0.151 0.151
ztfr  True F99 58539.36873347056 7.496350495397312 6.606160932237801 6.045269915200757 2.709418576300184 4.43843454206544 -1.915320666950243 5.065002578991493 0.884 0.882 0.347 0.348