bps_used variant success reddening_law t0 e_t0 x0_mag e_x0_mag x1 e_x1 c e_c rchi2_data rchi2_data_model fitprob_data fitprob_data_model
c  True F99 58989.378502071675 2.1876755503222505 7.407883818896341 0.6400180237846916 1.486783103615712 3.854296948084846 -0.8673673582153624 2.1440906194175384 -1 -1 -1 -1
c-o  True F19 58988.05883543744 0.5191766536221303 7.809021332672621 0.08414464025764919 -0.11394315033911265 0.5335656395251581 0.05192222988756584 0.07300057650730554 0.445 0.413 0.991 0.995
c-o  True F99 58988.059063788416 0.519183398280693 7.8102746910944365 0.08412823941200079 -0.11320246630605338 0.5336184770831132 0.04797603557535927 0.07299344725266925 0.445 0.413 0.991 0.995
c-o-ztfg  True F19 58988.30304475442 0.27295388474217575 7.876763325741964 0.047238211567756414 0.09392891094313979 0.36766853954431805 0.03158776974097803 0.043079813256528175 0.949 0.78 0.562 0.836
c-o-ztfg  True F99 58988.30582405084 0.2667359582168516 7.7593199156332116 0.04623307215096719 0.10430815227452997 0.35815750487909603 -0.0018872691982997384 0.041918799143110884 0.339 0.335 1.0 1.0
c-o-ztfg-ztfr  True F19 58988.11458078632 0.2184300924045733 7.753826085607843 0.041848787798967224 -0.060650941409152156 0.26761867994453353 0.027934010471779437 0.03508350476648271 0.34 0.303 1.0 1.0
c-o-ztfg-ztfr  True F99 58988.112058279636 0.2114357115097181 7.756131947436621 0.040854693515734744 -0.052419582036602894 0.25820844841410834 0.023675472555808683 0.03417401642533103 0.34 0.327 1.0 1.0
c-o-ztfr  True F19 58987.86198712446 0.2978947706387793 7.940189526017585 0.08183495630822073 -0.23578814856434205 0.31445426205427524 0.11627435035258235 0.06684967095673336 0.867 0.682 0.711 0.94
c-o-ztfr  True F99 58987.86522059052 0.28531884935142576 7.820125431701969 0.07909335077746502 -0.22120483087199166 0.301888825395353 0.08084225345146695 0.06447412071042086 0.363 0.346 1.0 1.0
c-ztfg  True F99 58988.440134423516 0.29376292632529594 7.74107246991462 0.06904290723847939 0.1802407184268149 0.47966571605542063 -0.07575106007617 0.1350770620589872 0.12 0.119 1.0 1.0
c-ztfg-ztfr  True F19 58988.1541869918 0.2335095046669799 7.8804686445986585 0.04430380413057984 -0.049688139069870185 0.3047160625657792 0.07290535840917559 0.041411900425849024 1.167 0.877 0.237 0.666
c-ztfg-ztfr  True F99 58988.149394628184 0.2254008837429051 7.762865178281519 0.04315119725775632 -0.052184126836687786 0.2935922701841034 0.041193437705309005 0.0402883257797913 0.24 0.23 1.0 1.0
c-ztfr  True F99 58987.85451066542 0.3156579019690588 7.8621517439597035 0.08885785923115784 -0.3433371836895349 0.3617214842321076 0.1391052159842668 0.0798601381700799 0.151 0.149 1.0 1.0
J 1D3 True F99 58987.51038866252 0.9119866510438444 15.135328652825681 11.383564884230347 22.407317097707846 36.96723943674156 2.502726195053322 3.8711651514512826 1.2 0.943 0.306 0.452
J dehvils True F99 58987.24195546971 0.6265886392251945 6.478436380175939 19.249771240917905 -1.5384466103049526 38.25157233359983 -0.38620519653689545 6.582049806583125 1.053 1.051 0.378 0.379
J-c 1D3 True F99 58987.11691340418 0.23713949225683736 7.869313716539484 0.0833858161851767 1.341064412130564 1.6294474085156652 0.05551132009282947 0.03815704497457431 0.987 0.98 0.448 0.454
J-c dehvils True F99 58987.602146369594 0.5416412726865373 7.865134525738319 0.08723678388135876 0.5535566918078536 1.6261149852870551 0.0926438747407993 0.04252076072019067 0.734 0.729 0.662 0.666
J-c-o 1D3 True F19 58987.518612551256 0.3576324875791332 7.925287864099146 0.06212374249867838 -0.08775168894289874 0.5258971579054997 0.07419083583529631 0.039622552688890186 1.034 0.802 0.414 0.782
J-c-o 1D3 True F99 58987.5190602836 0.357818193728331 7.925282717312749 0.06214678042985173 -0.08786322346709219 0.5259692579542746 0.07419509475170219 0.039650491442679674 0.992 0.773 0.48 0.822
J-c-o 2D True F19 58987.57087919033 0.36169155082275684 7.800280417277936 0.06308880910795932 -0.08101363709984699 0.5272958860299749 0.04005591559052426 0.04149398269271934 0.666 0.527 0.928 0.988
J-c-o 2D True F99 58987.569490003996 0.3612253832575218 7.924153716362477 0.06324251731942043 -0.08900780353925648 0.5261796389795483 0.07315986786013187 0.0415942202188884 0.94 0.753 0.566 0.845
J-c-o dehvils True F19 58987.765338870566 0.4208008052827962 7.837931863852148 0.0650196908261257 -0.16759524628976974 0.5165500538993691 0.08242119329915551 0.04318829587454561 0.514 0.46 0.989 0.996
J-c-o dehvils True F99 58987.76293530957 0.4204003722295462 7.962043675422157 0.06519608593314034 -0.17479073460918357 0.5155030221227923 0.11562001664534476 0.04330953989322439 0.811 0.693 0.765 0.903
J-c-o-ztfg 1D3 True F99 58987.5619524527 0.17875501628933083 7.786760907214463 0.042401641916920176 0.17027772207900926 0.36958154533367227 0.02660272380620028 0.027941389291291092 0.69 0.669 0.949 0.962
J-c-o-ztfg dehvils True F99 58988.09296493429 0.24331698193509554 7.786758965050808 0.04312019176534648 0.11653305272878506 0.35741237778414864 0.04133036179434861 0.030262712719092838 0.51 0.466 0.998 0.999
J-c-o-ztfg-ztfr 1D3 True F99 58987.60866940733 0.15452002139189946 7.75812428418913 0.03695333570855407 -0.08226535192451409 0.2587697750773742 0.02484409601730657 0.025719374325553008 0.604 0.572 0.995 0.998
J-c-o-ztfg-ztfr 2D True F19 58987.95623608885 0.19719811845430715 7.750509941155924 0.038628332723047554 -0.0733842715852221 0.26732757889342595 0.02373493796204154 0.027873556353354752 0.612 0.4 0.994 1.0
J-c-o-ztfg-ztfr 2D True F99 58987.95335817793 0.1971934403933548 7.871801905303535 0.03870170230983897 -0.07500166526893427 0.26717868660477817 0.05458817268909054 0.02795007274272712 1.08 0.747 0.307 0.937
J-c-o-ztfg-ztfr 2D True O94 58987.95314770565 0.19715020039863293 7.871802878707189 0.038692962327916816 -0.07496387783597834 0.2671428718700154 0.05458732790441535 0.027937007760709204 1.128 0.781 0.225 0.902
J-c-o-ztfg-ztfr dehvils True F99 58987.99624565113 0.19680952642926244 7.7713565676749745 0.038128442821079724 -0.0744167103451539 0.2561212062248614 0.044148550599385425 0.02767588394109165 0.422 0.394 1.0 1.0
J-c-o-ztfr 1D3 True F99 58987.373763298485 0.17413584816279778 7.7801089507632835 0.05331274764879258 -0.23388424471159686 0.29364388491274424 0.046090828651784974 0.03587418281397748 0.584 0.529 0.992 0.998
J-c-o-ztfr dehvils True F99 58987.74717068662 0.254128400993312 7.822260073117028 0.05734885411819209 -0.2407981460639834 0.2948786629642772 0.08369223995450016 0.04002337197487812 0.408 0.393 1.0 1.0
J-c-ztfg 1D3 True F99 58987.519079866106 0.19126912665936116 7.81069717445807 0.05145649896287256 0.4918253865251755 0.5310317863409657 0.03727076640557116 0.032286939672774094 0.908 0.89 0.592 0.618
J-c-ztfg dehvils True F99 58988.14897982226 0.26891006060469846 7.79913080697945 0.050729344382363484 0.3008514075901975 0.48997334974782597 0.06355901978745034 0.03565142596244697 0.464 0.448 0.986 0.989
J-c-ztfg-ztfr 1D3 True F99 58987.60295326074 0.15823079600266834 7.762200249484045 0.03873657450852995 -0.07003717758907504 0.2957731384073168 0.03575266262178878 0.027019892327614276 0.692 0.634 0.933 0.967
J-c-ztfg-ztfr dehvils True F99 58988.01960204246 0.2070952778144161 7.771523574795838 0.03962003132311157 -0.07941046455614648 0.2910458578678807 0.05567424284609529 0.02928452582826188 0.36 0.346 1.0 1.0
J-c-ztfr 1D3 True F99 58987.336633828265 0.18210942738389335 7.775900173661451 0.054497952220592887 -0.2590264228476469 0.35441952153255035 0.050622021104652734 0.03604774903831882 0.787 0.607 0.769 0.941
J-c-ztfr dehvils True F99 58987.740554597985 0.276168387187726 7.816919621610442 0.057737798490929755 -0.29606604514543466 0.3512910229608793 0.09302989226507682 0.04024626469129665 0.343 0.325 0.999 0.999
J-o 1D3 True F99 58987.14374999634 0.2184040574776144 7.798098513385753 0.1142199406156437 -0.22688958630112968 0.5212099845459363 0.04261543500726431 0.05916080251672071 0.608 0.605 0.951 0.953
J-o dehvils True F99 58987.500088961635 0.4237963254741675 7.9009144247114875 0.12284299099776445 -0.22043022475654306 0.5361087718892348 0.11212238834040124 0.06644837950234898 0.514 0.511 0.984 0.985
J-o-ztfg 1D3 True F99 58987.530885233136 0.17900495631560562 7.766665045601349 0.05006293589427948 0.0663581442212879 0.3900387542215267 0.02038273570845174 0.02910090318045213 0.704 0.683 0.931 0.946
J-o-ztfg dehvils True F99 58988.04411928019 0.24799430542986328 7.7659703779174345 0.05062800961185389 0.024065292753233426 0.3774220895960669 0.03478292866802928 0.03132696353777832 0.529 0.483 0.995 0.998
J-o-ztfg-ztfr 1D3 True F99 58987.58981599894 0.1541033293617053 7.735813887659962 0.0421253032997014 -0.1733401388034505 0.26474238582242826 0.018741637562223634 0.02703794864767311 0.565 0.55 0.998 0.998
J-o-ztfg-ztfr dehvils True F99 58987.952839741 0.1989711304134304 7.748120464500105 0.043382935822425306 -0.15182159988618482 0.2631239364278479 0.034356519406636206 0.02902419161413197 0.42 0.39 1.0 1.0
J-o-ztfr 1D3 True F99 58987.31092266522 0.18128325121417008 7.685371790417566 0.08345385718338864 -0.3477995213812163 0.2982516230840573 -0.008250678004414846 0.05089207095324078 0.519 0.501 0.997 0.998
J-o-ztfr 2D True F99 58987.37103360791 0.18571005013789552 7.683780459199854 0.08711706591393566 -0.3389381539142384 0.29860830260417065 -0.009917200575322452 0.05409167980493025 0.485 0.47 0.999 0.999
J-o-ztfr dehvils True F99 58987.656168038506 0.2633191312360515 7.793646288363057 0.09207008516679659 -0.29895057972772143 0.3032355301912458 0.0681948001234456 0.057986391155737685 0.413 0.396 1.0 1.0
J-ztfg 1D3 True F99 58987.49062290852 0.1904327554202741 7.787079916209221 0.06613969705025394 0.3325240696074194 0.6029363570854234 0.032858398427058476 0.033174321659236665 0.989 0.973 0.472 0.492
J-ztfg dehvils True F99 58988.10155196472 0.2690150713059418 7.758400990979599 0.06350790838585023 0.0642288570896325 0.5419750244950291 0.058378686063976254 0.03558836991270792 0.46 0.458 0.978 0.978
J-ztfg-ztfr 1D3 True F99 58987.566184910174 0.1576031773188771 7.727298780020597 0.04459285673484419 -0.20534313696587536 0.305984066286251 0.020266544258359186 0.027840711669170078 0.714 0.637 0.902 0.958
J-ztfg-ztfr 2D True F99 58987.627861240544 0.1613342217729919 7.7265533735272385 0.044802784934897276 -0.20655920683992138 0.30523686643249487 0.02035674193840892 0.02866057555121348 0.603 0.567 0.973 0.984
J-ztfg-ztfr dehvils True F99 58987.96919467747 0.20830271581427046 7.740934186302708 0.045527524234607875 -0.20195165723733288 0.30126274450040275 0.04524893378844249 0.030159858078888657 0.33 0.321 1.0 1.0
J-ztfr 1D3 True F99 58987.2782788966 0.1876970971153634 7.6622906259792805 0.08973588685649359 -0.47703617033309453 0.36190699807231846 -0.004873500242425955 0.05133284825878967 0.505 0.5 0.973 0.975
J-ztfr dehvils True F99 58987.615772994686 0.28564924979613565 7.753170239795429 0.09659171039123414 -0.42619163723443554 0.365711758920159 0.060732715474248106 0.05788785785413511 0.295 0.294 0.999 0.999
o  True F99 58987.80699942569 0.6324183300283879 8.544879934787557 2.228470394738701 -0.3616340436510125 0.7787949511788311 0.5477160928927034 1.4862359779034864 0.487 0.483 0.973 0.974
o-ztfg  True F99 58988.254085122055 0.27439839067848537 7.740005559197753 0.05307421918967192 0.013953070342724659 0.37938206070003716 -0.0074214136259197466 0.042358672346398514 0.352 0.35 1.0 1.0
o-ztfg-ztfr  True F19 58988.06642135603 0.2208896345201127 7.847512709548971 0.047266633642047515 -0.1451761436535002 0.2754741391257196 0.04471618527702112 0.03632902424875045 0.864 0.676 0.746 0.965
o-ztfg-ztfr  True F99 58988.06454067251 0.2136373197811023 7.730165229755553 0.04618707909817394 -0.13423664818464454 0.2653507675039059 0.011553072896865142 0.035444831556517405 0.327 0.317 1.0 1.0
o-ztfr  True F99 58987.731119674354 0.2996719785299122 7.269592884953405 0.5045455216344368 -0.2505202243050956 0.3110495393505251 -0.3217392594184218 0.37654358549797057 0.319 0.316 1.0 1.0
ztfg  True F99 58988.62190116466 0.5187606533503476 7.708715764627382 0.07204492732367937 0.5669719908446151 0.9039495754731738 -0.7799588674983735 1.263834831322168 0.131 0.13 1.0 1.0
ztfg-ztfr  True F19 58988.09818165689 0.23586447362481966 7.850543604061002 0.04991055175182558 -0.17232889514312538 0.31665618352037134 0.06281808198931522 0.04176461707047514 1.022 0.761 0.433 0.812
ztfg-ztfr  True F99 58988.09216947873 0.22726403363372696 7.732519560576694 0.048665817757354915 -0.17349693478492617 0.3041826097994307 0.030581449344066803 0.04065693071195756 0.192 0.191 1.0 1.0
ztfr  True F99 58987.74289762249 0.35584894223849184 8.144951723741311 4.349527871514353 -0.4266080412276442 0.48407123419683 0.35664271219123056 3.28832798858169 0.113 0.112 1.0 1.0