bps_used variant success reddening_law t0 e_t0 x0_mag e_x0_mag x1 e_x1 c e_c rchi2_data rchi2_data_model fitprob_data fitprob_data_model
c  True F99 59379.42824816181 0.6687830533959561 5.709653711107317 0.5368766380899537 0.1509684655092517 0.7191533249116683 -0.40471266889477053 0.784700724994235 3.326 2.974 0.068 0.085
c-o  True F19 59378.84183658421 0.16289142052784 4.685306803185264 0.05088968103845265 -0.34983695020173533 0.1713717333615387 -0.3290162874152953 0.04280972781583784 26.397 3.789 0.0 0.0
c-o  True F99 59378.81965717996 0.07529214811189255 5.774995221858668 0.03536816866850511 -0.2385325196326059 0.08996882639760606 -0.33128714505883783 0.03170597031815134 25.531 17.185 0.0 0.0
c-o-ztfr  True F19 59378.73126772035 0.11773831314868516 4.671233840223223 0.04715467645918599 -0.522984435996626 0.15411798175481983 -0.3074414275050378 0.03674597944786301 17.902 3.339 0.0 0.0
c-o-ztfr  True F99 59378.77921288859 0.06312493011867536 4.676579038791959 0.033601835427986525 -0.3723408812005965 0.08257458329425037 -0.3164404908013913 0.027602411531048126 17.3 12.175 0.0 0.0
c-ztfr  True F99 59379.019112730515 0.0894163061586629 4.696681665397905 0.03964904110049385 -0.24233097741307325 0.11972487606415248 -0.2867123689294668 0.03650468095634447 8.615 7.372 0.0 0.0
J 1D3 False F99 59378.64044718596 0.4544939851092149 771.5689633996113 0.1245231293456743 2.0949139992001395 1.082383572100707 254.48371681161876 0.027467596904327676 None None None None
J-c 1D3 True F99 59379.16136235866 0.11259394675504919 4.762972283865068 0.033403373066913926 -0.07028444522326555 0.13665723166042515 -0.19369370191764568 0.03056511981982526 3.568 3.075 0.006 0.015
J-c-o 1D3 True F99 59378.74661472684 0.07068500104656053 4.7381760995887605 0.03044212042666164 -0.285591693533335 0.08725586700221437 -0.26430708581631335 0.024519896462467404 25.14 15.003 0.0 0.0
J-c-o-ztfr 1D3 True F19 59378.712069838526 0.11194897165811227 4.71265434916496 0.040814593010336915 -0.6778305198615755 0.15204218257468732 -0.26409998664521106 0.030052265923859053 20.099 3.306 0.0 0.0
J-c-o-ztfr 1D3 True F99 59378.73295406361 0.06072645556260353 4.727722731654119 0.029923784218905944 -0.4051367457929145 0.08111862304092175 -0.26816218818515764 0.02310498728184569 17.464 11.369 0.0 0.0
J-c-ztfr 1D3 True F99 59378.93283811512 0.08376928175472435 4.74703403766709 0.03176150100170669 -0.3067945916757296 0.11684469320840427 -0.23419970921201205 0.026034920718535637 8.837 6.686 0.0 0.0
J-o 1D3 True F99 59378.62417771014 0.08575827749574912 4.840443505879508 0.08914310882962342 -0.848690277149831 0.10851418266831472 -0.20443398952939895 0.05183138165983715 29.334 20.385 0.0 0.0
J-o-ztfr 1D3 True F99 59378.58719635852 0.06968459415784874 4.761149558364387 0.07410637373014682 -0.9312734155545537 0.09714861400034536 -0.24068897785583343 0.0472922996276305 19.012 13.134 0.0 0.0
J-ztfr 1D3 True F99 59378.43469816496 0.12237240951082466 4.780736716396115 0.07533570787930173 -1.305424844340835 0.2264999349774163 -0.20688774753421935 0.046849567662921275 6.868 5.941 0.0 0.0
o  False F99 59378.265205116375 0.08925674527641426 -8.679651196710275 1.2280760771301695 -0.1583044285652419 0.1251662953279257 -12.023872052496412 1.0935562475992533 None None None None
o-ztfr  True F99 59378.5175237282 0.0762210891828327 4.04991429597484 0.5626049931888155 -0.7210412172574565 0.1179399840651164 -1.51733791443507 0.4077460755589276 21.041 13.987 0.0 0.0
ztfr  False F99 59378.40733361505 0.14465061728103912 -8.945258581082324 3.0116885909489057 -0.6550932220293898 0.27045208167022283 -12.25407970922741 2.6475886686616277 None None None None