bps_used variant success reddening_law t0 e_t0 x0_mag e_x0_mag x1 e_x1 c e_c rchi2_data rchi2_data_model fitprob_data fitprob_data_model
c  True F99 59153.33399479931 2.6723687414123765 7.963800031155099 1.9905593485124262 1.3202040514789677 3.214176832159686 0.19524092380707736 2.817707175280183 0.174 0.174 0.991 0.991
c-o  True F19 59152.36391388948 0.7122799801923991 8.591537451035322 0.1893355404920624 0.177621123785113 0.8825012318691403 0.3874520249747171 0.14221018143322506 3.254 2.991 0.0 0.0
c-o  True F99 59152.350099523435 0.6936208294674138 7.95004739286125 0.1840445105443259 0.2022588647120775 0.8720254416414653 0.21240648608678392 0.13842594077666237 0.444 0.443 0.988 0.988
c-o-ztfg  True F19 59152.22003701587 0.42152053639136194 8.778459995582576 0.0892472581749245 0.21496517493849124 0.7026065223862287 0.513502816009682 0.07038051211411588 4.973 4.522 0.0 0.0
c-o-ztfg  True F99 59152.23665138693 0.4138358595040467 8.127909660298279 0.08730651885430873 0.2179491409717738 0.6922254001287654 0.33338969495027454 0.06867536656490646 0.527 0.524 0.984 0.985
c-o-ztfg-ztfr  True F19 59151.94956569665 0.35256853476062683 8.141947566891337 0.08027873981491129 0.2959712197104172 0.5579361368219714 0.35199950405546565 0.05878674085664863 0.579 0.553 0.987 0.992
c-o-ztfg-ztfr  True F99 59151.94561780337 0.34503136554304137 8.148307221609615 0.07886121616476545 0.29619274134251483 0.5488057764266197 0.33000282777349865 0.05767672774214865 0.579 0.576 0.987 0.988
c-o-ztfr  True F19 59151.87866539451 0.4677957106720151 8.631413461320072 0.16713905818845803 0.0167605086727199 0.6634305629322528 0.3966270399632962 0.12609392941542305 5.295 4.509 0.0 0.0
c-o-ztfr  True F99 59151.86026407295 0.45724511027467957 7.986474925541669 0.16374214034578918 0.019649303520025495 0.655828594528484 0.21759993909856132 0.12374629823367671 0.622 0.619 0.961 0.962
c-ztfg  True F99 59152.22474709753 0.5850799475427453 8.31931304448786 0.14335171911563002 1.3155960842444718 1.1883352789770214 0.5665162099136059 0.19624898304105778 0.161 0.161 1.0 1.0
c-ztfg-ztfr  True F19 59151.89802111325 0.4228064802888675 8.860109180702104 0.09606126405477013 0.8454041459463879 0.7465424647702218 0.5415193325995888 0.07060450939866986 8.717 7.484 0.0 0.0
c-ztfg-ztfr  True F99 59151.89256210343 0.4141725650124325 8.207156371278398 0.09322407690073531 0.8356356389544792 0.7321176986186322 0.35576676895166975 0.06841401910507147 0.465 0.461 0.989 0.99
c-ztfr  True F99 59151.68147370964 0.5982015291550453 8.025134532305348 0.1890687961105468 0.300687183394891 0.9427210942560094 0.22739600327451087 0.14370652716625992 0.548 0.545 0.936 0.938
J 1D3 True F99 59152.99944363477 10.455424906545826 3.0845184234607244 63.81688453624505 0.7822393568414139 111.43936373312422 -1.5690538281462894 22.170492740229196 -1 -1 -1 -1
J-c 1D3 True F99 59153.18505555938 0.5044264778128158 7.949595163445999 0.23809575447965162 1.2307103705308227 1.7915360787236845 0.17236133612061794 0.07931658309901858 0.125 0.125 1.0 1.0
J-c-o 1D3 True F99 59152.86380553483 0.4437289873204872 7.890214968674938 0.1374479066883308 0.49416225787410273 0.8434927656511115 0.15925385482091 0.058229156967847015 0.42 0.419 0.996 0.996
J-c-o-ztfg 1D3 True F99 59152.45758286448 0.3897279962329291 8.140671618966174 0.09224538918952423 1.0024284431171937 0.7849127911316512 0.2619929312912026 0.03943429634363288 0.547 0.51 0.982 0.99
J-c-o-ztfg-ztfr 1D3 True F19 59152.029632380996 0.3371866495960627 8.08445732377636 0.06868705535767157 0.3614770589816835 0.561585512430275 0.2862590069153689 0.039523380431869426 0.863 0.611 0.73 0.982
J-c-o-ztfg-ztfr 1D3 True F99 59152.04793670523 0.3367517164378632 8.754450790004757 0.06926398851797967 0.3712760554097406 0.5612153637058696 0.46095187877716837 0.04003531387380133 5.505 4.731 0.0 0.0
J-c-o-ztfg-ztfr 1D3 True O94 59152.048235629045 0.3365560236687197 8.754241069744925 0.06919081559617857 0.37149484747878414 0.5609832169808238 0.46074545456016136 0.039943142349968395 6.001 5.147 0.0 0.0
J-c-o-ztfr 1D3 True F99 59152.308457345 0.392256546616726 7.956331357842035 0.09088257217695149 0.4628542097588874 0.6401924645447035 0.1858475588231029 0.05114323138577931 0.653 0.65 0.951 0.953
J-c-ztfg 1D3 True F99 59152.57282629423 0.4572374271218729 8.238148227697845 0.13038581967345633 1.9585598725071889 1.2922016758396053 0.27676332044864527 0.047716567468726406 0.373 0.356 0.988 0.991
J-c-ztfg-ztfr 1D3 True F99 59152.14855968238 0.3709268215592271 8.13826948623738 0.07599853213325636 0.9629836818680229 0.7152572100872854 0.2720620356664615 0.03857399961146462 0.706 0.616 0.873 0.944
J-c-ztfr 1D3 True F99 59152.383279808506 0.4729681531675765 8.007372091420244 0.09962385775757046 1.1031895251885357 0.8843517881768868 0.1986431776694902 0.05230181956913215 0.612 0.607 0.913 0.917
J-o 1D3 True F99 59152.76869033701 0.49972690004481807 7.843304394737954 0.21012964051629857 0.24058466480053947 0.9690434445835441 0.14328843278198317 0.0857292321059708 0.615 0.614 0.865 0.867
J-o-ztfg 1D3 True F99 59152.49317109218 0.42001247057813973 8.172106309454428 0.10301039351835502 1.0127049679546785 0.8719619368879322 0.27051112942354305 0.041420274288720374 0.632 0.593 0.905 0.932
J-o-ztfg-ztfr 1D3 True F99 59152.14028723877 0.3372917995630304 8.104637817366104 0.0708699705396256 0.41741872321093404 0.5890089931869624 0.2670543996947073 0.03728370919140996 0.852 0.771 0.716 0.831
J-o-ztfr 1D3 True F99 59152.20688404955 0.4151127112055156 7.947565303108439 0.10698913833076663 0.32198468917260836 0.691724357217932 0.1848905382720511 0.05935768540622249 0.82 0.816 0.735 0.741
J-ztfg 1D3 True F99 59152.62264127823 0.49992448545863993 8.312874682047227 0.16378187829657456 2.322357609033191 1.6915843907943513 0.2932965635834198 0.05467252173747149 0.252 0.249 0.959 0.96
J-ztfg-ztfr 1D3 True F99 59152.10136958679 0.3895908333363696 8.150150930325228 0.08075118152272097 0.8802960000508901 0.7687170256119251 0.2778868786874512 0.03971414102875466 0.947 0.809 0.52 0.691
J-ztfr 1D3 True F99 59152.258751670925 0.5204313717425918 8.00252476288145 0.11511759030937085 1.0397329507879478 1.0339733127754605 0.19698289150485543 0.060305213357614844 1.011 1.002 0.433 0.441
o  True F99 59152.093828281315 1.3820116420512736 -23.41234822983963 32.46178111882013 2.44715953615004 1.7100089841779902 -29.803264210332692 33.93993613902158 0.286 0.286 0.992 0.992
o-ztfg  True F99 59152.23181337733 0.44897594109685085 8.142771169031388 0.0953299412719834 0.1196523367258811 0.7577187734280687 0.3340943857317585 0.07062380210939366 0.634 0.632 0.891 0.892
o-ztfg-ztfr  True F19 59151.89192484418 0.36856045705994506 8.812958680349405 0.08581354138826251 0.16890517682603212 0.5842237397572279 0.5205449144739939 0.06159155374642296 7.043 6.003 0.0 0.0
o-ztfg-ztfr  True F99 59151.89098456592 0.3611243502759539 8.163714444834978 0.08377163830838343 0.18275424159533682 0.5759635154506781 0.33852893335532275 0.06013344599613322 0.659 0.656 0.93 0.932
o-ztfr  True F99 59151.62681003079 0.47316939053841944 8.23713170903538 0.6129400940656261 -0.39882661147348053 0.7584639914775638 0.40647954685668036 0.44800159858081573 0.756 0.752 0.802 0.806
ztfg  True F99 59152.16323250804 1.227801041162174 8.158712725120406 0.6307348666936488 2.0135120669675564 1.9313711226300043 -0.35123572918722845 4.612378762827468 0.06 0.06 0.981 0.981
ztfg-ztfr  True F19 59151.80817184898 0.450033595728239 8.873118423060209 0.1019858168987246 0.7379735032257095 0.8070685051630212 0.5466217101381993 0.07307126447582091 12.256 10.311 0.0 0.0
ztfg-ztfr  True F99 59151.80322610216 0.44027777172728016 8.220432701236376 0.09897868252171413 0.7279373636265791 0.7902199276736022 0.36124994649673914 0.07085020216987624 0.569 0.565 0.9 0.903
ztfr  True F99 59152.42130528797 1.0235505499531394 34.8936600514612 23.11776691607969 -0.40008685875630806 1.0119747815300835 17.33069144908118 13.81902864575641 0.744 0.737 0.653 0.659