bps_used variant success reddening_law t0 e_t0 x0_mag e_x0_mag x1 e_x1 c e_c rchi2_data rchi2_data_model fitprob_data fitprob_data_model
c  False F99 58518.62609174751 0.20859022514869058 6.306463025835827 7.164825179251319 0.03030456269543348 -1.0 0.001379119985678792 9.510693844250879 None None None None
c-o  True F19 58526.4042017295 0.3101081841934448 6.044623884865387 0.11171467524508054 0.9955295946290517 0.3042047564695745 0.06965131936534039 0.07508663824825489 4.61 1.555 0.0 0.113
c-o  True F99 58526.40011944107 0.2128929145627581 7.05051955377106 0.07548798984430709 0.9931458131455191 0.22119586119614712 0.04272426809829414 0.052628537590132383 1.62 1.492 0.094 0.135
c-o-ztfg  True F19 58526.236299484415 0.2124305518825244 6.091255269823888 0.04868556437913254 0.8965117620856333 0.2584885878063741 0.10444006601267931 0.0375019295428826 4.166 1.765 0.0 0.042
c-o-ztfg  True F99 58526.25796110078 0.1596527044638733 7.093421794615092 0.041871357792177405 0.9059297279300489 0.19536905283933778 0.07297566864698508 0.032736753062500346 1.482 1.357 0.115 0.172
c-o-ztfg-ztfr  True F19 58526.244166094555 0.1988885143590005 5.987831133144309 0.04665326707766896 0.7880720076025252 0.22115909109590154 0.08083475588268861 0.035458817962417045 1.457 0.82 0.1 0.671
c-o-ztfg-ztfr  True F99 58526.24751773551 0.14577150499306724 5.984939528351944 0.04054857132968905 0.8219107834877815 0.16845002300582584 0.07079867638576715 0.031103601295383965 1.414 1.301 0.119 0.18
c-o-ztfr  True F19 58526.387479906116 0.26908291084682157 6.025876867787359 0.1108046444985386 0.8342530691699268 0.2505721261203858 0.06376067971236846 0.07538945291589753 3.975 1.588 0.0 0.08
c-o-ztfr  True F99 58526.35769191687 0.18512000461682238 7.041236020622122 0.07548568473903698 0.870184241044783 0.18576455480916862 0.03934889731806601 0.052970167451368726 1.615 1.501 0.073 0.108
c-ztfg  True F99 58522.81883381988 2.1172193845314657 6.778671380348871 0.0995700323865945 3.9184698928946564 1.8634437860954636 -1.048139199489655 0.3381386873042005 1.138 1.113 0.286 0.291
c-ztfg-ztfr  True F19 58526.18924032537 0.26016621634453546 6.072652464506705 0.054167898956717794 0.35852737679176316 0.40699829883240063 0.15315760070912326 0.06558392523926314 6.458 3.322 0.0 0.01
c-ztfg-ztfr  True F99 58526.16760927636 0.2025422684800185 7.076877805433554 0.05005817166109757 0.3514587836182388 0.3666371693856137 0.12371936013486465 0.05956142072266847 1.15 1.12 0.331 0.345
c-ztfr  True F99 58530.73864448013 1.517621783263984 5.6784796076725215 0.4622602186327363 1.4302452610250904 1.2573728578496688 -1.1255894817059762 0.38142846270028513 0.047 0.046 0.828 0.83
J 1D3 True F99 58546.0901550898 0.37706284500564374 6.219339408272967 2.744091299978783 -43.43988826152864 4.254575242724982 0.28180130153628924 0.8462136666790153 -1 -1 -1 -1
J-c 1D3 False F99 58525.762186983775 -1.0 4.821182932601892 -1.0 -5.966409940240515 -1.0 -0.22126797969947443 -1.0 None None None None
J-c-o 1D3 True F99 58526.35717369207 0.20943261057540347 6.0063836647459095 0.06675525270183784 0.985046058485716 0.21755075590202216 0.0887798227881838 0.04353894055628882 1.785 1.464 0.045 0.129
J-c-o-ztfg 1D3 True F99 58526.28354721922 0.15761272425572026 6.0123100412373205 0.039645978798893144 0.9105234948440933 0.19403443621393496 0.09427293450744988 0.02859951608517782 1.578 1.317 0.071 0.181
J-c-o-ztfg-ztfr 1D3 True F19 58526.252686724576 0.1981328222823299 5.999813973618016 0.045626290214006444 0.7613292198731884 0.21845838399983164 0.0957773478641175 0.03284226914644876 1.546 0.806 0.06 0.703
J-c-o-ztfg-ztfr 1D3 True F99 58526.253121007685 0.19811899150911566 6.093525462723246 0.045664169687454084 0.7597181299642313 0.2183826230810609 0.11895187096386739 0.03287176824370451 2.977 1.484 0.0 0.08
J-c-o-ztfg-ztfr 1D3 True O94 58526.25317824517 0.1980018806545284 6.093524371389552 0.04565095507168936 0.7598450335462255 0.2182604553680792 0.11892869104063099 0.03285600448521137 3.163 1.547 0.0 0.06
J-c-o-ztfr 1D3 True F99 58526.30019520177 0.17994143811377084 6.0002769803627976 0.06598082292086299 0.8517759624025464 0.18223085112578846 0.087214245764025 0.043567049283210535 1.749 1.482 0.036 0.102
J-c-ztfg 1D3 True F99 58526.16948296153 0.22466857880281027 5.997402719674792 0.056989878299193795 0.5494037334823098 0.42256857762039784 0.12853922373918014 0.040076849728828835 0.695 0.687 0.555 0.56
J-c-ztfg-ztfr 1D3 True F99 58526.16285731761 0.20193674285160512 5.976721620334482 0.04829266237652307 0.3499089791543862 0.30018495141487633 0.12346952738763874 0.03517033489106372 0.836 0.816 0.542 0.557
J-c-ztfr 1D3 True F99 58526.27829952846 0.4375117424741753 5.900125566544414 0.16541368887202978 0.05259002245138088 0.4901367762970786 0.09567572225696344 0.0842094985188019 1.367 1.332 0.255 0.264
J-o 1D3 True F99 58526.38607311078 0.2110551066047511 6.149394783974319 0.12418499477052809 0.9219974408414218 0.22169890445479878 0.17207784132529946 0.07413788653895653 1.555 1.431 0.105 0.151
J-o-ztfg 1D3 True F99 58526.35038623644 0.18414536274557106 6.02764643138133 0.04549360389427115 0.8705859977430035 0.19039234339363847 0.10258729305392321 0.03112710553534664 1.489 1.294 0.099 0.196
J-o-ztfg-ztfr 1D3 True F99 58526.34795751128 0.1773537820251641 6.021780851705158 0.04513361033539964 0.7918470282657577 0.1682113537401221 0.10115270545243014 0.030621876412754025 1.482 1.307 0.085 0.171
J-o-ztfr 1D3 True F99 58526.39165253921 0.19139126872203882 6.136979507972301 0.11217529077947913 0.8495024068160801 0.18355270587978648 0.16824099670202586 0.06828684028425715 1.558 1.44 0.083 0.125
J-ztfg 1D3 True F99 58523.60252882638 2.2134429326972356 6.037643368014555 0.05306945529287504 2.309139036428379 1.4016111466391203 0.18481483424062028 0.05207545122251542 0.785 0.771 0.456 0.463
J-ztfg-ztfr 1D3 True F99 58526.587322078085 0.7076332172633835 5.978629493008338 0.04939148733595097 0.19083182714773908 0.39694488521905025 0.12022353036217796 0.035509525872193526 0.925 0.904 0.463 0.477
J-ztfr 1D3 True F99 58531.311872449856 1.1359868375164812 6.315210731865017 0.2076833254060991 1.2833312674908148 0.9997870794255773 0.12045560678449135 0.08545889184819318 0.039 0.038 0.962 0.963
o  True F99 58526.41836831541 0.2198824199482414 6.2023754776648525 1.3133108495246444 1.2847316421941604 0.5081120801797657 -0.5205670250974044 0.891283371569089 1.726 1.593 0.077 0.111
o-ztfg  True F99 58526.303648141344 0.19060256225775424 7.104639823753391 0.048977722579431254 0.8753885491979166 0.19152649492289728 0.07980735114970924 0.03639899032778327 1.462 1.352 0.123 0.174
o-ztfg-ztfr  True F19 58526.32786434278 0.26377882786363843 6.091137082551136 0.05172754220902445 0.7628847544665754 0.22692424130867878 0.11010262982571187 0.03830287847260886 3.047 1.554 0.0 0.072
o-ztfg-ztfr  True F99 58526.31429360518 0.18157728822623442 7.100389016655765 0.048186489238081685 0.8105158442873438 0.1699805918033426 0.08048114009150276 0.035115497989102455 1.464 1.36 0.103 0.151
o-ztfr  True F99 58526.369727912024 0.2053127966341982 7.0942836434794625 0.3993445548129097 0.8656189627989592 0.18833113337275997 0.07414991877315616 0.26227399520075045 1.748 1.624 0.051 0.077
ztfg  True F99 58525.257410540595 2.4970394717590807 7.875669321353374 3.234605263549445 0.2548868775487515 2.426437411229999 1.7406074045036926 5.673073584886342 -1 -1 -1 -1
ztfg-ztfr  True F19 58526.67325557553 0.8232383952286662 6.0764605813016725 0.055529272668015085 0.119246625066278 0.5653467932100761 0.16067983428220572 0.06585986918597042 4.7 3.289 0.003 0.02
ztfg-ztfr  True F99 58526.69971040486 0.7338308957371471 7.082223253435777 0.051526205149394266 0.10254615088786248 0.4960178292718748 0.13120368466915636 0.059699767762795876 1.346 1.315 0.257 0.267
ztfr  True F99 58529.683273047136 2.2705966214817 -4.841225755890804 36.508243602657814 0.9763757269611781 3.644000195238009 -9.660100860768582 31.813827340336758 -1 -1 -1 -1