bps_used variant success reddening_law t0 e_t0 x0_mag e_x0_mag x1 e_x1 c e_c rchi2_data rchi2_data_model fitprob_data fitprob_data_model
c  True F99 58904.64985273153 3.8278639689600524 25.740576464002626 45.71710541194808 -2.2900227911333415 1.9149317059124757 15.41637696334684 32.93975026281179 -1 -1 -1 -1
c-o  True F19 58896.08874850404 0.35563394982370383 6.788439289218688 0.08279330423625576 1.3783511301536029 0.43082145417223605 0.10189452975276417 0.06292520306623008 1.922 0.834 0.038 0.595
c-o  True F99 58896.0779559363 0.2802597939920879 6.706178075835986 0.07283318071230264 1.1883991628090835 0.3526028012619312 0.08512903659219374 0.054366389152314266 0.663 0.627 0.775 0.807
c-o-ztfg  True F19 58895.73263902345 0.2609187135078037 6.69941715488533 0.051373658601215046 1.1895737731878793 0.35228423236172934 0.04566370118439263 0.04220688141159158 2.123 1.217 0.007 0.25
c-o-ztfg  True F99 58895.76542991288 0.22717086578101098 6.623960262001892 0.04710423144411823 1.0408036615966412 0.2978209229702498 0.03232526407857135 0.037761305969446865 1.09 1.017 0.359 0.433
c-o-ztfg-ztfr  True F19 58895.66274060846 0.2308094396718467 6.626906426088193 0.049676092184944794 1.0878490757245673 0.2968570375351326 0.042285062059487184 0.0381303540366576 0.868 0.587 0.634 0.931
c-o-ztfg-ztfr  True F99 58895.70294601632 0.20328976280525066 6.624861474938036 0.04592173383525193 0.9905871264494912 0.2603975954294589 0.04255179962510474 0.03488560371984236 0.836 0.78 0.677 0.748
c-o-ztfr  True F19 58895.938804076126 0.2825054108432128 6.776721612218859 0.08113063423717715 1.1669576512180424 0.34130345279500124 0.11414194988916371 0.05960570902910874 1.417 0.755 0.117 0.747
c-o-ztfr  True F99 58895.92135937238 0.24069980298967827 6.701886416074821 0.07153402962342237 1.0787472338708597 0.2960694170068653 0.09577771321938773 0.052264956570680025 0.573 0.528 0.914 0.941
c-ztfg  True F99 58895.73372513911 0.3213615923661386 6.611320771613419 0.07128867523354038 1.4476168589594876 0.4551016642979598 -0.056574948480231944 0.11788812984801458 1.35 1.312 0.24 0.256
c-ztfg-ztfr  True F19 58895.4997781772 0.28214453712283605 6.720289048655641 0.05781999543642277 1.182339102598056 0.36387699693915687 0.08040700720828725 0.049430688879555616 1.784 1.269 0.051 0.235
c-ztfg-ztfr  True F99 58895.56368579368 0.2571942220083776 6.652157968130037 0.05470672209129781 1.1440831502368982 0.3385463045270793 0.06265390748367668 0.046075653725794447 0.84 0.77 0.599 0.671
c-ztfr  True F99 58895.96403445474 0.326974663573495 6.7834746689105145 0.09285165269646883 1.4404932395844527 0.4122948193714912 0.16084303667405747 0.0735291977940637 0.252 0.243 0.972 0.974
J 1D3 True F99 58894.0418179146 2.8928819465424738 6.647744472601993 122.47354524075669 4.749906903969783 17.89781677448801 0.036671707087339155 42.66116485959397 -1 -1 -1 -1
J-c 1D3 True F99 58893.982472618154 0.11590308709810525 6.462178214168276 0.06588827185747625 -0.7164900358251312 0.3093274716948355 0.004845607445183675 0.035093946710978874 6.56 5.889 0.0 0.0
J-c-o 1D3 True F99 58894.254774889974 0.10901844252435197 6.5049889588284815 0.054064921431244944 -0.3217350545358598 0.23287079961935314 0.01288522366852302 0.032461312894739726 5.366 4.815 0.0 0.0
J-c-o-ztfg 1D3 True F99 58894.34317312515 0.10660743413453637 6.558636810901959 0.038626679697387756 -0.01412947349724432 0.21344002703705195 0.03344198648405198 0.0257903602213208 4.872 4.037 0.0 0.0
J-c-o-ztfg-ztfr 1D3 True F19 58895.51410566951 0.2220266320345358 6.59666199960539 0.04254761902744691 0.9825491260757138 0.28938692119985276 0.016947369440857823 0.029054410464336725 9.774 0.77 0.0 0.78
J-c-o-ztfg-ztfr 1D3 True F99 58895.51425161895 0.22207277263966507 6.668400736132967 0.04259040243089936 0.9823157919682446 0.28941259097975863 0.03519689914195824 0.02908418482266256 9.852 1.11 0.0 0.321
J-c-o-ztfg-ztfr 1D3 True O94 58895.51417413587 0.22201721728260154 6.668368238716487 0.04257908682242638 0.9820158139837082 0.28933664879751286 0.03518722865811986 0.029073093635349226 9.878 1.15 0.0 0.277
J-c-o-ztfr 1D3 True F99 58894.313807064325 0.10641293895639027 6.519673603630589 0.05089165244411808 -0.27832779007739655 0.21561127129327576 0.011556686753590837 0.03259823209989021 4.096 3.765 0.0 0.0
J-c-ztfg 1D3 True F99 58894.13452900929 0.11210554000031893 6.585129771737137 0.044543661699792826 0.09515702927210956 0.2905141461131941 0.043011638801091004 0.029287736807094542 5.14 4.344 0.0 0.0
J-c-ztfg-ztfr 1D3 True F99 58894.19097978517 0.10854718535101228 6.5721254162984275 0.04097745906660962 -0.008169163266692746 0.2527587825707361 0.03158950380593545 0.02777243236536295 3.496 3.215 0.0 0.0
J-c-ztfr 1D3 True F99 58894.08185401291 0.11187874504943385 6.509347919105579 0.05776867432251238 -0.4558810423998812 0.2911790627640104 0.00505611312363757 0.03542779888547799 4.199 3.808 0.0 0.0
J-o 1D3 True F99 58894.15273676446 0.1121022599189524 6.461810010456134 0.09449250333700399 -0.40770394440973406 0.29633035437960126 -0.008378520380171674 0.05125228841841402 5.436 5.126 0.0 0.0
J-o-ztfg 1D3 True F99 58894.233665591026 0.10906524250497238 6.566448719561524 0.04555833516896671 0.011925011410951756 0.25867638669973386 0.035779721761978564 0.027731677990370858 4.782 4.053 0.0 0.0
J-o-ztfg-ztfr 1D3 True F99 58894.28345753385 0.10706611483367476 6.56327692063357 0.043005431133100507 -0.05891444269340258 0.23731601606807262 0.03044771859890505 0.027834027513050363 3.663 3.226 0.0 0.0
J-o-ztfr 1D3 True F99 58894.20340962128 0.10930130010389631 6.524673684994182 0.07577979530582078 -0.425220984839601 0.27145164719945025 0.016650169926077495 0.04626411614175728 4.024 3.651 0.0 0.0
J-ztfg 1D3 True F99 58893.99754354041 0.11770966476760937 6.6745818684979366 0.06245250784361201 0.9154340820660968 0.5306150239107099 0.06538979861171343 0.03162525124708232 2.203 2.073 0.066 0.081
J-ztfg-ztfr 1D3 True F99 58894.051419632466 0.11198585119185996 6.605565965215874 0.04850141129996171 0.15906971409271395 0.3746978413226739 0.04369077415511926 0.02959002579844097 2.321 2.168 0.013 0.021
J-ztfr 1D3 True F99 58893.88995670556 0.11527738212744124 6.55055041842338 0.08394926132691741 -1.2570208571961876 0.6465631940695233 0.03413543667620677 0.04647132336298881 1.8 1.537 0.126 0.188
o  True F99 58895.99756269362 0.33861689081913565 7.4463953377634 1.1336456051495585 0.5043235806329905 0.5080920151765922 0.5835080772491945 0.7268492793699988 0.542 0.527 0.776 0.788
o-ztfg  True F99 58895.670807579605 0.25130867681040964 6.56662333559638 0.054743674418572794 0.7996769393580915 0.33062722470042155 0.00711880621935765 0.040151934050510374 1.088 1.057 0.367 0.392
o-ztfg-ztfr  True F19 58895.58174842242 0.2564532349986588 6.653179565823869 0.0565404470706084 0.9397615328887743 0.3329076799910577 0.03605909112097151 0.04111054402721554 1.621 0.949 0.055 0.512
o-ztfg-ztfr  True F99 58895.62896767115 0.22396491538001873 6.571626186995232 0.05284023453837021 0.8360671849973547 0.2875281045537724 0.012904547268630804 0.038306193915687514 0.74 0.716 0.755 0.781
o-ztfr  True F99 58895.84393267024 0.29505092944691386 6.451271643654085 0.4256677527178996 0.8773061439156212 0.40443151792719156 -0.071854530427577 0.30123245052105446 0.501 0.482 0.915 0.926
ztfg  True F99 58894.634016743126 1.7029809015149364 7.238082108477023 3.7991661729097013 0.8181792866404678 2.21089006678156 1.4872807145910207 7.54927277715118 0.584 0.573 0.445 0.449
ztfg-ztfr  True F19 58895.24697370471 0.3485725684336359 6.689858959549093 0.065315400537095 1.0876645071204605 0.45371025945412213 0.06469271796507589 0.051293858666783786 1.69 1.158 0.119 0.326
ztfg-ztfr  True F99 58895.285258063064 0.31955316094035446 6.613040005422381 0.061661408037157014 1.042830127783069 0.4198757577945133 0.040576315417471656 0.04791442746717481 0.475 0.459 0.827 0.839
ztfr  True F99 58895.50734889257 0.6414356092581912 5.192487699496418 9.195600867689423 1.0707437646960987 0.8787339097309511 -1.011628964191488 6.954272238531967 0.244 0.23 0.783 0.795