bps_used variant success reddening_law calibration DM e_DM st e_st Tmax e_Tmax dm15 e_dm15 EBVhost e_EBVhost rchi2_data rchi2_data_model fitprob_data fitprob_data_model
c-o  True O94 0 35.89939739350993 0.11031624301130387 0.9272830274830933 0.040687871828466164 58725.86748465647 0.4801690440940316 None None 0.015619304475358609 0.07187120239705216 0.811 0.785 0.65 0.677
c-o  True F19 6 35.900372043709595 0.10544974607436347 0.9271887814703647 0.040728351628276226 58725.87290788456 0.4804694615420738 None None -0.03285302577921587 0.07228991207653682 0.814 0.788 0.646 0.673
c-o-ztfg  True F19 6 35.786246050256395 0.0832481756752212 0.8956711583898106 0.03410786731998814 58725.92926112733 0.3889647433785833 None None 0.01373403829419863 0.06314398770307397 0.63 0.605 0.935 0.95
c-o-ztfg-ztfr  True O94 0 35.70510528195618 0.08776693184048985 0.9003198319261875 0.033346465366800915 58726.021948446396 0.37912636839495933 None None 0.09658092541897627 0.06245915048085943 0.783 0.743 0.852 0.898
c-o-ztfg-ztfr  True F19 6 35.73491942813804 0.08171855641169522 0.9023151022420101 0.03279847098185471 58726.012614827545 0.3726046465297193 None None 0.04221936006949503 0.06212355103268125 0.74 0.702 0.901 0.935
c-o-ztfr  True F19 6 35.79166529171289 0.09182507097045776 0.9193508414329538 0.03462533898395798 58726.0448989307 0.39717882364488327 None None 0.01805238669604829 0.06746900138721713 0.894 0.853 0.639 0.704
c-ztfg-ztfr  True F19 6 35.68404265974727 0.08190854146902456 0.9118690196116792 0.032312935216221236 58726.000567025796 0.3686575278277163 None None 0.07213580019789817 0.06173000900135101 0.484 0.456 0.996 0.998
J-asg-c-o-ztfg-ztfr 1D3 True F19 6 35.710108873509114 0.0779557324370241 0.8935611929994193 0.03243356805054392 58726.096370415464 0.3681832070611715 None None 0.04867964000161606 0.061150045271529896 0.777 0.743 0.888 0.924
J-c-o 1D3 True O94 0 35.68823000071798 0.09143108342888381 0.8719740758829667 0.040298117646599324 58726.15971008269 0.48138736939398585 None None 0.08271340038082531 0.06748810533914015 1.361 1.266 0.15 0.209
J-c-o 1D3 True F19 6 35.71832043982814 0.08650283693093846 0.8778556604355865 0.039027017092053785 58726.12848517077 0.46200845222584214 None None 0.03930975086406621 0.06526028616449721 1.3 1.21 0.186 0.251
J-c-o-ztfg 1D3 True F19 6 35.70530545346367 0.07840683864671695 0.8771271335078237 0.03388800105116923 58726.09048766791 0.3869261794614514 None None 0.044004537384880575 0.06156986732983354 0.791 0.742 0.784 0.845
J-c-o-ztfg-ztfr 1D3 True O94 0 35.730757954906174 0.08541735175491862 0.9018104687854559 0.03267213228860319 58726.180295903956 0.37212440163475996 None None 0.11389694508789736 0.06144834001402808 0.849 0.801 0.758 0.833
J-c-o-ztfg-ztfr 1D3 True O94 1 35.73967323385258 0.08427892327327013 0.9023361281885963 0.032580118967977904 58726.16722358089 0.3710902571633333 None None 0.10137935756495775 0.06125309329053147 0.807 0.762 0.825 0.883
J-c-o-ztfg-ztfr 1D3 True O94 2 35.754279579016384 0.08498292747362873 0.906402410606373 0.03269936878265823 58726.13003709004 0.3723538698438639 None None 0.10912069862552949 0.06135946727844256 0.793 0.752 0.847 0.897
J-c-o-ztfg-ztfr 1D3 True O94 3 35.715979168447035 0.08387802412001544 0.9014076246008724 0.03257015793063829 58726.1755111913 0.37099177069078126 None None 0.09742975634725409 0.06128594620965006 0.814 0.767 0.815 0.877
J-c-o-ztfg-ztfr 1D3 True O94 4 35.72280905425702 0.08330580946993582 0.9020828903527223 0.03249349144868167 58726.16683309888 0.3700991735869534 None None 0.09215974596021395 0.06122705485728213 0.782 0.738 0.858 0.908
J-c-o-ztfg-ztfr 1D3 True O94 5 35.7490844622612 0.08387908312573882 0.9062665325810254 0.03265104247099944 58726.12906914828 0.3719070326984709 None None 0.09565317375201349 0.06122357620723686 0.777 0.737 0.868 0.912
J-c-o-ztfg-ztfr 1D3 True F19 6 35.7098013198893 0.07953492916638344 0.8963001566145071 0.03230183804495967 58726.06677710939 0.3680789853444626 None None 0.052161351803456706 0.061174798189807186 0.721 0.681 0.926 0.955
J-c-o-ztfg-ztfr 1D3 True F99 6 35.74252840803807 0.07962221239212984 0.8874051306471423 0.03276083264894358 58726.17560938715 0.3716042198635238 None None 0.0366930843832024 0.06160496597880961 0.828 0.764 0.793 0.881
J-c-o-ztfg-ztfr 1D3 True O94 6 35.70842934014215 0.0800049397817576 0.8952760042550632 0.03256568557593502 58726.077954480155 0.37102701600568166 None None 0.052275517057101935 0.061422833522218 0.715 0.674 0.931 0.959
J-c-o-ztfg-ztfr 1D3 True O94 7 35.735816431715854 0.07997873636038588 0.8970533608909211 0.03239557079671673 58726.21388507632 0.36910176319435034 None None 0.05565782888757308 0.061383723367615724 0.815 0.761 0.813 0.884
J-c-o-ztfg-ztfr 1D3 True O94 8 35.752459387847765 0.07999217225109675 0.8926747334273277 0.032532124379213365 58726.26313713285 0.3697713627334589 None None 0.06137888010575956 0.06180377430278004 0.895 0.824 0.676 0.799
J-c-o-ztfg-ztfr 1D3 True O94 9 35.73806851719421 0.08002129515256137 0.8958005099748271 0.032394556807908134 58726.22476665018 0.3691149273353362 None None 0.057200903400986464 0.06145762966916413 0.831 0.774 0.789 0.869
J-c-o-ztfg-ztfr 1D3 True O94 10 35.78492839436287 0.09069725659815975 None None 58725.794745214065 0.3808720469516818 1.0689919328383806 0.0609951865086311 0.16287938745037478 0.061209097625302994 1.199 0.749 0.156 0.907
J-c-o-ztfg-ztfr 1D3 True O94 11 35.79730930041487 0.08974565585833848 None None 58725.787793611824 0.37998182186593504 1.0685458133152936 0.06096625404046715 0.15476541926487586 0.06115002012289654 1.168 0.73 0.192 0.925
J-c-o-ztfg-ztfr 1D3 True O94 12 35.81949027336166 0.08958898586317851 None None 58725.779625157025 0.37886937523159153 1.067943243942626 0.0609281004383913 0.15432189083069983 0.061118109429730706 1.132 0.709 0.24 0.942
J-c-o-ztfg-ztfr 1D3 True O94 13 35.75898048675171 0.08759322541664433 None None 58725.78497844666 0.3791364622777123 1.068654586112959 0.06093679638633105 0.13415881987450093 0.06105856375980011 1.139 0.712 0.23 0.94
J-c-o-ztfg-ztfr 1D3 True O94 14 35.77000207083606 0.08769732291593411 None None 58725.785194267366 0.3786316633937409 1.06831750940459 0.060928693923976894 0.1372655157822611 0.06114172538228112 1.128 0.706 0.246 0.945
J-c-o-ztfg-ztfr 1D3 True O94 15 35.805552841860106 0.08667454204029516 None None 58725.76469568063 0.37691948755404814 1.0671515765988486 0.06085971408953484 0.12655165336115773 0.06095805683872545 1.065 0.668 0.349 0.967
J-c-o-ztfr 1D3 True F19 6 35.730288595267275 0.08472856491305931 0.9030535244834998 0.033745341397126524 58726.1134068532 0.38954918040523434 None None 0.04343246176661959 0.06310565521977182 0.926 0.87 0.592 0.684
J-c-ztfg-ztfr 1D3 True F19 6 35.696106255235414 0.07896795247394332 0.9135560578121574 0.03197438117375719 58725.97234718107 0.36545831740138385 None None 0.06576178401717897 0.0608659485460064 0.472 0.445 0.998 0.999
J-o-ztfg-ztfr 1D3 True F19 6 35.714098954514 0.08072233446106347 0.9022471361826712 0.032530770835388 58726.0223289632 0.3700135453834873 None None 0.06467697428069229 0.061271598107832094 0.682 0.644 0.942 0.964
J-o-ztfr 1D3 True O94 0 35.6591759788787 0.09287540434511975 0.9071941668025527 0.034593499783491695 58726.03060976167 0.3933261092069126 None None 0.13937235064575623 0.06710438572919762 0.699 0.663 0.884 0.915
J-ztfg-ztfr 1D3 True O94 0 35.66995466047194 0.08634561645039827 0.9223112477023299 0.0318824329285043 58725.96933305934 0.36255753931945073 None None 0.13479315483756496 0.060755136280134674 0.315 0.29 1.0 1.0
J-ztfg-ztfr 1D3 True F19 6 35.707167804516956 0.07982537118758198 0.9228990327555787 0.031605151762382544 58725.9689081364 0.35977788601439253 None None 0.0783515233938941 0.06063926756244243 0.315 0.29 1.0 1.0
o-ztfg-ztfr  True F19 6 35.7352618175705 0.08322121478370792 0.9079239524202865 0.0332718895330502 58725.97167001123 0.37675014590914824 None None 0.05686950968624788 0.06235248163874683 0.734 0.697 0.889 0.923
ztfg-ztfr  True O94 0 35.65028787483549 0.08933605119510182 0.9196725456523747 0.03224088570940316 58726.02311451479 0.366143835025769 None None 0.14238585830113146 0.06137263212467151 0.329 0.304 1.0 1.0
ztfg-ztfr  True F19 6 35.688126943759876 0.08212320006861734 0.9196160868890966 0.0319673674433451 58726.02530614309 0.36294253503317087 None None 0.08646115068517278 0.06126689614751902 0.329 0.304 1.0 1.0