bps_used variant success reddening_law t0 e_t0 x0_mag e_x0_mag x1 e_x1 c e_c rchi2_data rchi2_data_model fitprob_data fitprob_data_model
c  True F99 58726.74352487366 4.3916689902769965 5.721071521199303 2.7594474822625474 0.2983515931012578 5.358325233398936 -0.6311157187383716 4.576076230063842 -1 -1 -1 -1
c-o  True F19 58725.96781877178 0.4496748901406489 6.616756096393681 0.06564343436170066 -0.8391913190821462 0.3453083357330776 0.09273935303574186 0.05984345104875851 45.454 20.358 0.0 0.0
c-o  True F99 58725.905446018936 0.35371762338712787 6.10205098713458 0.05680488129954437 -0.8144296739414411 0.29902922951775973 -0.04607592731914126 0.050671621136284206 0.674 0.658 0.765 0.78
c-o-ztfg  True F19 58726.15972227966 0.2372232877998669 6.639588830912957 0.03316822089156413 -0.9216493085557702 0.21980692695316578 0.11232898651124004 0.03678649799538653 39.536 19.316 0.0 0.0
c-o-ztfg  True F99 58726.13160170711 0.20783955671010365 6.119510085926879 0.030768004972649865 -0.9072214448622762 0.19532674376337328 -0.030959915611136785 0.03223375689086273 0.505 0.48 0.979 0.985
c-o-ztfg-ztfr  True F19 58726.0974103866 0.1900716732886594 6.133286519872613 0.0314315888793709 -0.8349484501480015 0.17506609280571844 0.016109703369551896 0.02873393890695914 0.621 0.417 0.966 0.999
c-o-ztfg-ztfr  True F99 58726.07158443662 0.16393372345287946 6.135131984589897 0.02936389597808133 -0.8210418029980636 0.1519403217687908 -0.0038761841806740803 0.026215883653338025 0.612 0.524 0.969 0.992
c-o-ztfr  True F19 58725.96130569862 0.26272635597336497 6.637859724602734 0.06197445610736493 -0.7454593329748027 0.2248060872735864 0.12615347629489365 0.04965095502902658 36.711 15.653 0.0 0.0
c-o-ztfr  True F99 58725.93579721271 0.21682718765365178 6.118744436613838 0.05411843931705145 -0.7292769897907565 0.19165803772759812 -0.018550674625113478 0.04328596388152017 0.734 0.616 0.821 0.927
c-ztfg  True F99 58726.29256793857 0.25314226806222295 6.155014949477323 0.05081585038254077 -0.796683029519782 0.23472238212159724 0.032164995183580194 0.08252511217170987 0.334 0.327 0.987 0.988
c-ztfg-ztfr  True F19 58726.15347324387 0.2057356664314021 6.675819235651333 0.03375967615066074 -0.7488739628858837 0.1925951258057813 0.16997087473206413 0.033858637252363856 44.351 20.924 0.0 0.0
c-ztfg-ztfr  True F99 58726.15040277202 0.1818357318510339 6.154489608870655 0.03169216547783569 -0.7497029910313604 0.16753307738964726 0.024665019683029064 0.03163045314283964 0.389 0.382 0.998 0.998
c-ztfr  True F99 58726.00673785558 0.263009361934271 6.161461792133732 0.06193102427559052 -0.6036671530406061 0.22698983362124922 0.024968097079072667 0.053842743353108104 0.434 0.425 0.958 0.962
J 1D3 True F99 58726.41399404123 6.2866151440453875 5.777571910916288 67.81174116420627 -6.183900634151817 9.149960162990531 -0.07524903849762947 23.51004582446125 -1 -1 -1 -1
J-c 1D3 True F99 58726.87931075363 0.5625416048494076 6.137752158522176 0.05521815831626163 -0.6771720823283025 0.48614869383660375 0.011711659438995825 0.03812632995868566 0.393 0.359 0.758 0.783
J-c-o 1D3 True F99 58726.09107644834 0.32037889215268633 6.1591325495891684 0.04470147538166568 -1.0082509952230754 0.27650955957965523 0.01730012677130247 0.03205054058304595 1.518 0.89 0.095 0.57
J-c-o-ztfg 1D3 True F99 58726.189661151686 0.20295846487043284 6.14208862041513 0.0275233932700246 -0.9682055724454286 0.19137052381414837 0.005030645113763617 0.02343057948014078 1.031 0.601 0.419 0.949
J-c-o-ztfg-ztfr 1D3 True F19 58726.111307533705 0.1888650006911883 6.140013070293703 0.029141307758643892 -0.8503633786295517 0.17318684910721352 0.024958116595164455 0.024166101183283783 0.69 0.4 0.932 1.0
J-c-o-ztfg-ztfr 1D3 True F99 58726.11424611792 0.18857609578423104 6.668223907181634 0.02933103438933264 -0.8632985009945449 0.17288138161957134 0.15799196047275219 0.02431719765064019 31.499 14.145 0.0 0.0
J-c-o-ztfg-ztfr 1D3 True O94 58726.113802965294 0.18823728536502984 6.668241079873464 0.029278458425893 -0.8633392222787968 0.17259812777599415 0.15798672961204624 0.024242806413586563 34.222 15.28 0.0 0.0
J-c-o-ztfr 1D3 True F99 58726.02133840215 0.20596474925530628 6.162953751035482 0.042487916862110064 -0.8050695946809276 0.1830018736722774 0.022097670666381977 0.030177812206998205 1.026 0.701 0.427 0.873
J-c-ztfg 1D3 True F99 58726.36688090411 0.24769406128836793 6.151098214048637 0.02902111053521556 -0.8164585832651184 0.23216058983540183 0.027824363198907152 0.02789181336680727 0.377 0.365 0.988 0.99
J-c-ztfg-ztfr 1D3 True F99 58726.19487207853 0.17864403195717296 6.157374461199227 0.027388489795522348 -0.7694229473538359 0.1653955454119883 0.029679006742117285 0.023060073397813543 0.433 0.413 0.997 0.998
J-c-ztfr 1D3 True F99 58726.10488812534 0.24983104031635456 6.172092716927596 0.043401643813706425 -0.6580246364364255 0.21609280415048282 0.03701597069908767 0.031584184326460686 0.526 0.498 0.935 0.95
J-o 1D3 True F99 58726.01566089905 0.34857675523674536 6.301330689782294 0.10491367125592603 -1.2701051517848545 0.3432826219215066 0.09141812856477084 0.05470273074010169 0.638 0.604 0.783 0.812
J-o-ztfg 1D3 True F99 58726.15568582289 0.20979371334598135 6.142693820520158 0.031789159760602086 -1.0887048044682737 0.20979567035678254 0.00615026195967938 0.023840203946865295 1.099 0.597 0.337 0.935
J-o-ztfg-ztfr 1D3 True F99 58726.100706238896 0.16305139893359447 6.149319772610087 0.030628765856541115 -0.9087847618612956 0.15746005402613758 0.014580424367720692 0.022260695100158236 0.856 0.592 0.713 0.975
J-o-ztfr 1D3 True F99 58725.99238325683 0.2122302980909146 6.20394007655961 0.0762328046957001 -0.8680173307542056 0.1982439304276026 0.04675740818591856 0.046444253646251946 0.947 0.734 0.533 0.815
J-ztfg 1D3 True F99 58726.329762333604 0.26077260094140364 6.142624987543446 0.03305762783761037 -0.9492352554647738 0.2677569989323653 0.0263121172159138 0.02808911777075076 0.42 0.406 0.957 0.962
J-ztfg-ztfr 1D3 True F99 58726.1811969312 0.1815707275858685 6.153630149475067 0.03108362235714934 -0.8242835510858177 0.17613231380261035 0.02861373889612369 0.0235688380271417 0.468 0.446 0.989 0.992
J-ztfr 1D3 True F99 58726.0839137733 0.2587905529953332 6.186606131711542 0.07898922674919628 -0.717055660356964 0.24180742696961086 0.04594326734173203 0.047009887464829904 0.627 0.608 0.821 0.837
o  True F99 58725.965809864385 0.4420451344392051 7.008953823853968 1.2171847607070727 -1.3674160678027274 0.42983861668869977 0.5364443787737829 0.7498354480399827 0.499 0.489 0.836 0.843
o-ztfg  True F99 58726.09455755351 0.2154410704828274 6.1212558732983275 0.03412391511739565 -1.0244601954976793 0.21449705843140318 -0.030533290937971604 0.03251654143227486 0.455 0.443 0.982 0.984
o-ztfg-ztfr  True F19 58726.07594840627 0.1929277940810152 6.655049643087392 0.03483343834555023 -0.8993751012958775 0.18426759648180596 0.1432269706817717 0.029421604710861794 30.185 13.854 0.0 0.0
o-ztfg-ztfr  True F99 58726.05387594663 0.1664956728323585 6.134221789998897 0.03325911831963652 -0.8778093328074491 0.1596866916527664 -0.003431921386190747 0.02720331463989307 0.638 0.54 0.947 0.985
o-ztfr  True F99 58725.871068502136 0.2220320770369009 5.562416165195207 0.375594820903662 -0.7577929655861099 0.21086944380861752 -0.39947345185354166 0.262847552862158 0.545 0.533 0.949 0.955
ztfg  True F99 58725.79185743102 0.5606490275653843 6.866781189606401 1.1686589749204757 -1.426507939596584 0.509632762072721 1.5955487851083587 2.0987819360102673 0.292 0.286 0.977 0.979
ztfg-ztfr  True F19 58726.13779836758 0.2092328022177639 6.671732894087233 0.03660937842220723 -0.806777300484443 0.20579239864426305 0.16881948569952468 0.034123050802982224 37.398 17.663 0.0 0.0
ztfg-ztfr  True F99 58726.13493196704 0.18495579978367335 6.150433255319813 0.03494503322781453 -0.8048753812677699 0.17815669568164852 0.023225154048312744 0.03200034657811157 0.418 0.412 0.992 0.993
ztfr  True F99 58725.634807636365 0.30935060763875255 -3.69794024264497 5.908456665280183 -0.7440139504648732 0.38522010764624437 -7.824748376602594 5.108596785495207 0.366 0.363 0.951 0.953