bps_used variant success reddening_law calibration DM e_DM st e_st Tmax e_Tmax dm15 e_dm15 EBVhost e_EBVhost rchi2_data rchi2_data_model fitprob_data fitprob_data_model
c-o  True O94 0 35.42288794546728 0.09631691121992195 1.0564915445911187 0.03990771738529387 58596.35104008715 0.5331105908497883 None None 0.16526721649116388 0.06640485113248289 1.114 1.031 0.323 0.42
c-o  True F19 6 35.46189185657239 0.0933317316353639 1.0564110078842555 0.03990106351384241 58596.351969729345 0.5330406663054356 None None 0.12443047327428652 0.06604157818466948 1.115 1.031 0.322 0.42
c-o-ztfg  True F19 6 35.397057287655784 0.08656125941728945 1.0053074130721307 0.03404117275647433 58597.06809505845 0.40449167045803214 None None 0.13539184835643883 0.062197629471761426 1.305 1.225 0.133 0.194
c-o-ztfg-ztfr  True O94 0 35.32947048439345 0.09266125844187877 0.9929710018650632 0.03356264024802784 58597.29338173977 0.3921597930913828 None None 0.2014980154080147 0.062386665087632596 1.2 1.128 0.185 0.27
c-o-ztfg-ztfr  True F19 6 35.37068099077484 0.08640862509411029 0.9918499162257091 0.03256494153922019 58597.28993935526 0.37780538325702817 None None 0.14577734198164022 0.06176882561435965 1.124 1.057 0.276 0.375
c-o-ztfr  True F19 6 35.397200712085315 0.09016433342246508 1.0165084278229557 0.03372147589476588 58597.08658514914 0.4045949252606578 None None 0.152322212607098 0.06402154641859105 1.157 1.087 0.248 0.336
c-ztfg-ztfr  True F19 6 35.255275555119674 0.08977473228414982 0.9478499392129582 0.03287620287296258 58597.543929692336 0.3670944384030492 None None 0.18091678990689639 0.06171932453047046 0.637 0.593 0.874 0.908
J-asg-c-o-ztfg-ztfr 1D3 True F19 6 35.291617055595744 0.09131666143458327 0.9685698249454238 0.03462683059594803 58597.5718253059 0.4069060436869832 None None 0.1873085149103833 0.06236096316929695 2.547 2.44 0.0 0.0
J-c-o 1D3 True O94 0 35.25883236271564 0.10147814883646192 1.0023489101537526 0.03924437263913131 58597.240927299106 0.5115556207477949 None None 0.2547232083345273 0.06539589774988656 2.328 2.125 0.0 0.001
J-c-o 1D3 True F19 6 35.29115284229159 0.09417973322774637 0.9832415662317652 0.03556554967965908 58597.477720946496 0.4503023443892184 None None 0.21407495076640273 0.0640618315570429 2.372 2.165 0.0 0.001
J-c-o-ztfg 1D3 True F19 6 35.300584174536205 0.09031062391751297 0.9654388406879014 0.03451769964510969 58597.49813498801 0.41428732027422804 None None 0.17830491590521366 0.062370765216801634 2.278 2.074 0.0 0.0
J-c-o-ztfg-ztfr 1D3 True F99 0 35.2908818644228 0.09505092701741055 0.9640388312930412 0.03561122427285541 58597.45622229661 0.4234740202658143 None None 0.2197010367667897 0.0633125523936339 2.683 2.426 0.0 0.0
J-c-o-ztfg-ztfr 1D3 True O94 0 35.24793765212946 0.09525815758709945 0.9753989965171629 0.033141694873335986 58597.43930973498 0.3861898167755874 None None 0.24137222523431642 0.0616928441192885 1.715 1.57 0.003 0.011
J-c-o-ztfg-ztfr 1D3 True O94 1 35.24516684405634 0.09395642618030899 0.9785584705178568 0.03300596445232542 58597.43411824643 0.383926256195009 None None 0.22560109483102334 0.06144280155684111 1.6 1.468 0.009 0.027
J-c-o-ztfg-ztfr 1D3 True O94 2 35.27400872091282 0.09439399662258542 0.9789152220965089 0.03277604104404854 58597.424882094565 0.3808837230433709 None None 0.2368836657560584 0.06144270112876149 1.472 1.355 0.026 0.064
J-c-o-ztfg-ztfr 1D3 True O94 3 35.227336257745186 0.09381679086029249 0.976969311646355 0.033072269112702946 58597.447311733056 0.3850095689016708 None None 0.22254235199426622 0.061529430772195165 1.662 1.523 0.005 0.017
J-c-o-ztfg-ztfr 1D3 True O94 4 35.22994081117833 0.09317257651600146 0.9770444677523034 0.032927255612798405 58597.44023158795 0.38294547784551386 None None 0.217228933361555 0.061441569472938405 1.578 1.448 0.011 0.032
J-c-o-ztfg-ztfr 1D3 True O94 5 35.253595622945525 0.09300172081820943 0.9790928901277304 0.0326710808955585 58597.420042638274 0.37937398906140324 None None 0.21943133258229022 0.06127874078530402 1.414 1.304 0.041 0.092
J-c-o-ztfg-ztfr 1D3 True F19 6 35.29465558467082 0.08936024158622077 0.9646918899529169 0.0328300608906054 58597.550156862286 0.3827790634173427 None None 0.18146687208989157 0.06177707723252513 1.734 1.583 0.002 0.01
J-c-o-ztfg-ztfr 1D3 True F99 6 35.331425374894394 0.08964795641164777 0.9512164090868727 0.035210525888321 58597.59345219476 0.4187914751457905 None None 0.15705463097676284 0.06366562420988453 2.761 2.484 0.0 0.0
J-c-o-ztfg-ztfr 1D3 True O94 6 35.28837077750453 0.09068928255335679 0.9608770157462613 0.03385769881146719 58597.57864066735 0.3981297946579576 None None 0.181977007045812 0.0626798268240294 1.905 1.732 0.0 0.003
J-c-o-ztfg-ztfr 1D3 True O94 7 35.26722976015066 0.09005571507115538 0.9599011579592602 0.0332831191290909 58597.601195112315 0.38949475020881985 None None 0.18040883302367774 0.062267993869200615 2.098 1.903 0.0 0.0
J-c-o-ztfg-ztfr 1D3 True O94 8 35.34017507891944 0.09011771674210686 0.9531815300377636 0.03406596188104576 58597.64343530611 0.401058425414266 None None 0.18429833661339745 0.06354189007389179 2.72 2.454 0.0 0.0
J-c-o-ztfg-ztfr 1D3 True O94 9 35.27914592122356 0.09018986895497677 0.9575421459170047 0.03342038657738403 58597.61757629639 0.39163745462428073 None None 0.18184035314777458 0.06248872528641272 2.225 2.015 0.0 0.0
J-c-o-ztfg-ztfr 1D3 True O94 10 35.271708928336324 0.09917614741633768 None None 58597.32847551061 0.40240786054865485 1.0460132173945689 0.061613245288950944 0.2616857572615014 0.06243151854000149 3.413 1.982 0.0 0.0
J-c-o-ztfg-ztfr 1D3 True O94 11 35.278904615923615 0.09822327432278985 None None 58597.32142413448 0.400148173215594 1.045290746884484 0.06155860472690112 0.25296400060185115 0.06227681594878033 3.283 1.916 0.0 0.0
J-c-o-ztfg-ztfr 1D3 True O94 12 35.29671862592636 0.0979453213077379 None None 58597.31614758211 0.39821176924987167 1.0451100177697978 0.06149868125843717 0.253514014707915 0.06218903678168514 3.195 1.862 0.0 0.001
J-c-o-ztfg-ztfr 1D3 True O94 13 35.2328598472545 0.09641678133526345 None None 58597.31853023745 0.39772269027246915 1.0448411815008247 0.06148750133055243 0.23080315567514212 0.0620345333690795 3.155 1.849 0.0 0.001
J-c-o-ztfg-ztfr 1D3 True O94 14 35.25502847335384 0.09664773203548636 None None 58597.31553893157 0.39900457752255464 1.044909437128281 0.061528551787273844 0.23687709115930614 0.06225282394498019 3.201 1.881 0.0 0.001
J-c-o-ztfg-ztfr 1D3 True O94 15 35.26604055297908 0.09512746841809128 None None 58597.30031579575 0.392742587212903 1.0434242529120605 0.06135324938131965 0.22294158962094607 0.061768389810796465 2.896 1.707 0.0 0.003
J-c-o-ztfr 1D3 True F19 6 35.28104041122346 0.09243054598021269 0.9778970804189432 0.033319247422637525 58597.510875900785 0.39746102902736813 None None 0.21441369746883346 0.06303843337868636 1.781 1.632 0.003 0.011
J-c-ztfg-ztfr 1D3 True F19 6 35.21886285474083 0.09039404490558373 0.9372545165633379 0.03334562804205122 58597.585185353586 0.37211761883388794 None None 0.1929694182348348 0.061171334082801045 0.865 0.793 0.638 0.732
J-o-ztfg-ztfr 1D3 True F19 6 35.28305365934996 0.09187630606989894 0.9802559824081186 0.03318393983341923 58597.265529945675 0.389989341641386 None None 0.21140426029224405 0.062209783740684144 1.538 1.418 0.021 0.049
J-o-ztfr 1D3 True O94 0 35.145537540351654 0.1021651997953991 0.9962398909558284 0.033887011210679545 58597.13756758946 0.40494657769052583 None None 0.3424857147761888 0.06579796435778384 1.009 0.947 0.452 0.549
J-ztfg-ztfr 1D3 True O94 0 35.156576834921744 0.09983956027790745 0.9520584762069635 0.034020253763827994 58597.38582681289 0.37632433647733576 None None 0.2697826001148547 0.061175790349332564 0.592 0.549 0.893 0.922
J-ztfg-ztfr 1D3 True F19 6 35.216219373438875 0.09245736820894718 0.9482728627533976 0.03316389111866362 58597.405931118854 0.37015503625764473 None None 0.21195332609607154 0.06106586938502398 0.6 0.554 0.887 0.919
o-ztfg-ztfr  True F19 6 35.37121317265075 0.08869429192675327 1.007642810069414 0.033236921540298434 58597.06944368182 0.38699641773948523 None None 0.16700871182023183 0.06237887570825201 1.094 1.033 0.325 0.415
ztfg-ztfr  True O94 0 35.199118356171574 0.09810496120749418 0.9598776840915366 0.03333015979034925 58597.36096721928 0.3702142415298906 None None 0.2518914189067123 0.0615585581549217 0.415 0.395 0.966 0.972
ztfg-ztfr  True F19 6 35.26004222359432 0.09046345504271805 0.9598613624398414 0.03273165318542183 58597.361401803486 0.36473986814254133 None None 0.19354174674125893 0.06135703210132699 0.415 0.395 0.965 0.972