bps_used variant success reddening_law t0 e_t0 x0_mag e_x0_mag x1 e_x1 c e_c rchi2_data rchi2_data_model fitprob_data fitprob_data_model
c  True F99 58598.703920486034 0.483948546325866 7.3119920366809 0.6380516500818407 -0.14209128461518786 0.5482627203758177 0.3675353882697875 0.782039268879019 0.544 0.54 0.58 0.583
c-o  True F19 58597.49089873114 0.2155754095587597 6.042549362439826 0.06228353449747439 -0.18314153701037347 0.17782127140901668 0.1690718913016017 0.0466237200157527 3.809 1.312 0.0 0.14
c-o  True F99 58597.61800406582 0.1436201861481197 7.079019282230306 0.05089347460623209 -0.24007839425144886 0.1263167792584869 0.15785150414877852 0.03959909923921164 1.975 1.795 0.003 0.01
c-o-ztfg  True F19 58597.49284751874 0.15932421780212785 6.020779352661372 0.03405868583358256 -0.2520944920138696 0.15655561512276042 0.15589656561654971 0.02954614457962031 3.441 1.312 0.0 0.114
c-o-ztfg  True F99 58597.58328376914 0.11880283173401697 7.047010633744655 0.030801169647241763 -0.28414894382960554 0.1155664723951501 0.1364647320920135 0.02715955836439821 1.606 1.468 0.018 0.045
c-o-ztfg-ztfr  True F19 58597.53413270513 0.1352954706905494 5.93988011077947 0.03287094750698517 -0.2952648542422269 0.13100933935405631 0.13879551705670545 0.026518257126508054 1.305 0.585 0.087 0.986
c-o-ztfg-ztfr  True F99 58597.61094572133 0.09868968386033326 5.945962178854624 0.02974214722146984 -0.32789265305502563 0.09645377103189402 0.13860480430096891 0.024313571652273006 1.272 1.156 0.109 0.224
c-o-ztfr  True F19 58597.56109364234 0.16557677744641286 6.044376299530841 0.060219416727323394 -0.2644420288116812 0.14312832327004724 0.17397374760760514 0.04412346761855583 3.008 1.088 0.0 0.33
c-o-ztfr  True F99 58597.645326331825 0.11193344141399554 7.077671546571965 0.0495188707544165 -0.3065097819900956 0.10246113269695194 0.1603323993035436 0.037150703425702696 1.462 1.316 0.036 0.097
c-ztfg  True F99 58597.874002859426 0.20859380414912476 7.017441558357083 0.0517674510689622 -0.4284645396323035 0.23611517474671667 0.09096410085977108 0.08117043475435645 1.523 1.423 0.133 0.171
c-ztfg-ztfr  True F19 58597.67930379132 0.16125848688837185 6.017203111115643 0.03688323044519915 -0.42911265460969517 0.1729783334269017 0.16027404291643266 0.03397454072262851 3.181 1.339 0.0 0.137
c-ztfg-ztfr  True F99 58597.76346691841 0.12487622077805742 7.0400152176654025 0.033717290746853514 -0.47578409494818125 0.13396080654259862 0.13942656731270445 0.031358116629142486 0.88 0.795 0.619 0.73
c-ztfr  True F99 58597.92960969815 0.1526340635376527 7.09903554716681 0.06113638145590156 -0.46013743277112995 0.15025655230325774 0.18356312416587006 0.05041894134429946 0.903 0.835 0.554 0.631
J 1D3 True F99 58598.12815449813 1.08720847894829 5.561687778299337 68.50862489495472 12.077419996881012 68.06399164474858 -0.056386948961356084 23.93948232110403 -1 -1 -1 -1
J-c 1D3 True F99 58598.09363643664 0.22521794814290133 5.992443954288973 0.05229160291699554 -0.430387828063989 0.3008289274099905 0.16551542645928277 0.03370866728895646 1.639 1.538 0.146 0.174
J-c-o 1D3 True F99 58597.622105455936 0.1318721945794391 5.975586408187539 0.04003743444890687 -0.23845254124971416 0.126190519044154 0.15450292469398794 0.027594211147252377 1.767 1.613 0.008 0.023
J-c-o-ztfg 1D3 True F99 58597.5881914421 0.11202824944778739 5.950216449230886 0.027338024950499418 -0.2828742562791951 0.11506891771348826 0.13996817519392385 0.021237488594908354 1.49 1.353 0.033 0.082
J-c-o-ztfg-ztfr 1D3 True F19 58597.53740062358 0.13317948013965558 5.941397879898172 0.02996599086167023 -0.2954233585323475 0.1309176004692662 0.14029114923654862 0.022455760777445474 1.235 0.55 0.132 0.994
J-c-o-ztfg-ztfr 1D3 True F99 58597.53755241102 0.13315932735243763 6.02274111255874 0.029992674281574136 -0.2961272406377583 0.1308912481104156 0.16065847189268456 0.022476468293748223 2.521 1.004 0.0 0.465
J-c-o-ztfg-ztfr 1D3 True O94 58597.53755140268 0.13310319692678182 6.022746790092687 0.029982715061568358 -0.2960973641523712 0.13082872586288286 0.16065836953798873 0.022465087834243832 2.695 1.047 0.0 0.385
J-c-o-ztfr 1D3 True F99 58597.64331987077 0.10584416624970255 5.970662554761834 0.03895682837229449 -0.3057507698437828 0.10249045745012707 0.15446297635541334 0.027070998191092332 1.357 1.228 0.068 0.155
J-c-ztfg 1D3 True F99 58597.768367519966 0.16137956309496715 5.938374289380532 0.032682646427718724 -0.5150171531885581 0.20667184686606252 0.1386240466655312 0.027420736851801696 1.299 1.165 0.211 0.302
J-c-ztfg-ztfr 1D3 True F99 58597.744712721076 0.11562857056102673 5.940448831212338 0.028683056070852975 -0.4823112960172173 0.13240025048642334 0.1410448573510995 0.022836115156292525 0.797 0.723 0.745 0.834
J-c-ztfr 1D3 True F99 58597.86433285875 0.13526373291976837 5.970569539110453 0.04209573730483702 -0.47575870690515276 0.1496399416420049 0.15988870731312915 0.029808033918008275 0.863 0.775 0.619 0.724
J-o 1D3 True F99 58597.19658682057 0.1656085103552326 5.973038095242766 0.08781452695076657 -0.0750333935610128 0.14237022481723244 0.14933150193692207 0.0497791870496754 1.008 0.92 0.449 0.565
J-o-ztfg 1D3 True F99 58597.35910930396 0.12831400856652075 5.944990081911678 0.03133996454144455 -0.18426082983391018 0.12472098665040617 0.13608610510879632 0.022032841233149473 0.989 0.894 0.481 0.627
J-o-ztfg-ztfr 1D3 True F99 58597.47313565813 0.10377630467104021 5.940600130565782 0.030719792333013914 -0.269187220949766 0.10219045806602974 0.13532051584107888 0.021538384453155344 0.903 0.813 0.646 0.794
J-o-ztfr 1D3 True F99 58597.44379803138 0.12063494158097221 5.967831031875629 0.07138584112138197 -0.22998151098776087 0.11077548576279361 0.15078208533731274 0.0442807837426955 1.006 0.91 0.458 0.616
J-ztfg 1D3 True F99 58597.52712452244 0.19091741898668485 5.923690706586246 0.03701567694813208 -0.47633912998957034 0.2739239186956802 0.13497629976623085 0.02777269128586055 0.322 0.308 0.926 0.933
J-ztfg-ztfr 1D3 True F99 58597.61172265418 0.12744737069363807 5.928178912622278 0.03210325408205625 -0.4471960604764283 0.147866160462192 0.13467968377707157 0.02344948136373125 0.323 0.299 0.997 0.998
J-ztfr 1D3 True F99 58597.677040054405 0.1558468817782682 5.940234823820572 0.075404744449386 -0.444138248922136 0.17529244730698643 0.1413564955990776 0.045306106059771666 0.351 0.329 0.974 0.98
o  True F99 58597.10616658309 0.1789365530079443 7.2992547851117795 0.6367077778217389 -0.14092152954390408 0.21645574079344487 0.2938950850320612 0.402395896714567 1.067 0.97 0.38 0.489
o-ztfg  True F99 58597.3229833213 0.1338319296840732 7.04118533063777 0.034623768261140844 -0.18743145675378384 0.12471706310443789 0.13234184683676004 0.027941102912410577 1.041 0.952 0.406 0.531
o-ztfg-ztfr  True F19 58597.42224357148 0.14577728009125507 6.014092112003763 0.03643358529194351 -0.2596605761183517 0.13935322686052937 0.15401713523361754 0.027825704871697308 2.312 0.916 0.0 0.616
o-ztfg-ztfr  True F99 58597.458140924966 0.10791769437716522 7.036880021346678 0.03423497482889352 -0.27035731671097596 0.10233931354853612 0.13198253984862593 0.0260552328893514 0.945 0.858 0.566 0.713
o-ztfr  True F99 58597.41863973755 0.12663221647384837 7.143802778421202 0.23963727024073977 -0.24242156188848774 0.11540428692445964 0.20214242391916773 0.16005953776493018 1.098 0.969 0.324 0.514
ztfg  True F99 58596.87264117784 0.8009402434371793 8.06828758165563 2.040550355573979 -1.142755851479477 0.7847134232036506 2.168912742451079 3.2776082864704006 0.234 0.22 0.873 0.882
ztfg-ztfr  True F19 58597.565123039414 0.17740040800191778 6.006534997528675 0.03928356055026441 -0.41936006890026223 0.19320000849680802 0.15488163858510828 0.03429887298372814 2.324 1.041 0.003 0.409
ztfg-ztfr  True F99 58597.609150985736 0.1379342347173618 7.024631145924131 0.03675126327195278 -0.4474471874826741 0.1488043577026034 0.13060182964716394 0.03183742870032651 0.346 0.325 0.99 0.993
ztfr  True F99 58597.477901315884 0.237752293887632 2.4980780863436673 4.970487582949181 -0.35065786279555067 0.19471685674045514 -3.2344295525652216 3.887134153588562 0.325 0.306 0.957 0.964