bps_used variant success reddening_law t0 e_t0 x0_mag e_x0_mag x1 e_x1 c e_c rchi2_data rchi2_data_model fitprob_data fitprob_data_model
c  True F99 59308.69869758214 2.2260351212126634 15.643210567348353 19.9382688694272 -0.858426264728479 1.224856887330453 6.407099296713721 17.07376360455243 0.52 0.519 0.669 0.669
c-o  True F19 59302.94770036932 0.6365221918642214 8.400698560117954 0.12232016379709466 2.0406955394617246 0.7362909051281317 0.3451449077796519 0.09830759393251434 0.926 0.804 0.572 0.747
c-o  True F99 59302.95747062797 0.6055950166598913 9.375327024031428 0.1198729056576664 2.0310330533299306 0.711433983942598 0.31329882246996593 0.09560593639211667 0.565 0.561 0.963 0.965
c-o-ztfg  True F19 59302.51130996113 0.36310477867869256 8.175101549678061 0.05392501992493838 2.6663874893901642 0.5429542510207486 0.13007078707185 0.04400477900574912 1.258 1.027 0.102 0.42
c-o-ztfg  True F99 59302.534092269154 0.3545468128229749 9.147422348901284 0.052955241292484675 2.6397539049260397 0.5281642753499699 0.09854262044906678 0.042647818453823726 0.704 0.683 0.946 0.959
c-o-ztfg-ztfr  True F19 59302.45555982669 0.28963875756971535 8.041651772586032 0.044647717958201986 2.645022205936615 0.3845326287831736 0.07354390558127887 0.035250160783541144 0.679 0.614 0.985 0.997
c-o-ztfg-ztfr  True F99 59302.465354755106 0.28075990784893734 8.042448631845033 0.04393254814700662 2.624063375019871 0.37327561910620377 0.07169544087971844 0.034475334201045864 0.679 0.659 0.985 0.99
c-o-ztfr  True F19 59302.71536432007 0.42324589921556244 8.380970856022884 0.11181574494061448 2.2625696627340206 0.43988228243638694 0.2902758019438988 0.09183458996061174 1.0 0.853 0.474 0.76
c-o-ztfr  True F99 59302.722584995856 0.400608832087383 9.356263754363878 0.11020419748557288 2.243306598904576 0.4233540015037723 0.2592358925926494 0.0900517173684921 0.625 0.612 0.982 0.986
c-ztfg  True F99 59302.6676639347 0.41041707893345586 9.149778806192996 0.06671475925566699 3.2143851488829993 0.6962989247814174 -0.11509350141894245 0.13421888183031913 0.569 0.566 0.967 0.968
c-ztfg-ztfr  True F19 59302.42776934645 0.34463834126797066 8.186608303062512 0.048412574458016853 2.9409316297240093 0.4572983399200363 0.07658689462740556 0.04210411631233297 1.268 0.979 0.092 0.516
c-ztfg-ztfr  True F99 59302.483670929694 0.33557434389555457 9.16132974048194 0.047535185197742434 3.0022273704742446 0.44560443607786016 0.041165154329531425 0.0409263267559011 0.614 0.602 0.987 0.99
c-ztfr  True F99 59302.50861323094 0.7631122970015382 9.310170303788805 0.11097005715137488 2.7871316929630243 0.6372039041072163 0.1782629516573842 0.09935694559177963 0.594 0.589 0.952 0.955
J 1D3 False F99 59300.40243218618 -1 17.5059787720296 136.06683862376977 4490590.612463172 475659482.525811 -1.5703096256840388 27.840739242871745 None None None None
J-c 1D3 True F99 59302.7892044516 0.612675385709684 8.270584977306966 0.14468974480847685 5.256144604558969 2.9170844111327847 0.08942768886013637 0.05861232565352621 3.215 1.636 0.004 0.133
J-c-o 1D3 True F99 59302.60795565327 0.3597533464812476 8.08736575049433 0.0808815437003721 2.2717342999047347 0.6613298079208447 0.11593440379462834 0.05055491134172216 1.374 1.249 0.086 0.167
J-c-o-ztfg 1D3 True F99 59302.510872275234 0.2764623919894446 8.036029182598835 0.04966174026672877 2.662714986818233 0.48802540582699505 0.0704277232579371 0.03260782082951369 0.98 0.941 0.515 0.598
J-c-o-ztfg-ztfr 1D3 True F19 59302.36086359115 0.2556543391231903 8.039303192697176 0.043963756236066805 2.605164706812194 0.37543516875862404 0.07465203451014024 0.03019509230539797 0.874 0.678 0.78 0.987
J-c-o-ztfg-ztfr 1D3 True F99 59302.34975760866 0.256124987407014 8.168212675413722 0.044036580051556515 2.599680513282416 0.3753731695384811 0.10685931925211359 0.03027850379727293 1.297 0.992 0.04 0.499
J-c-o-ztfg-ztfr 1D3 True O94 59302.349801886834 0.2560725952322189 8.168195655872882 0.0440294619240622 2.599618202176056 0.375325393079655 0.10684828246683942 0.030267253908914875 1.335 1.022 0.026 0.426
J-c-o-ztfr 1D3 True F99 59302.60066645022 0.3023991621082432 8.104908351390842 0.07073801128835693 2.4623306169981087 0.42983359790058334 0.11575859279184417 0.048928987896233636 1.005 0.942 0.464 0.594
J-c-ztfg 1D3 True F99 59302.40883265596 0.32396524658854786 8.081827252297153 0.061482095845008355 3.213599406361336 0.6799305725660474 0.043512877915993654 0.04263773171901274 1.069 1.044 0.363 0.399
J-c-ztfg-ztfr 1D3 True F99 59302.40474965619 0.2647947939894171 8.06298403755316 0.04641928205136532 2.9917580490695945 0.4382100544915942 0.04658892049235303 0.031040614520463774 0.855 0.839 0.769 0.796
J-c-ztfr 1D3 True F99 59302.43084685746 0.42797095877495267 8.133225510341237 0.07636692670027749 3.016110016321487 0.6291621665658239 0.09270202532024446 0.053111253122709076 1.092 1.058 0.334 0.38
J-o 1D3 True F99 59302.54408663868 0.3884496920083284 7.7705116891326735 0.1413450419405896 1.7727738351904199 0.6522662437333 -0.040359829676542266 0.07998022596532021 1.223 1.212 0.215 0.224
J-o-ztfg 1D3 True F99 59302.57421695104 0.26698352468042186 7.98270033183903 0.051630352154505565 2.406019561176742 0.4726093358794124 0.06098725126446859 0.032015012699292446 0.937 0.902 0.596 0.664
J-o-ztfg-ztfr 1D3 True F99 59302.4985569683 0.23147469876724622 7.997264912302318 0.04482675982941969 2.47944214823943 0.36028478170241324 0.047083687080661886 0.028903366236638084 0.831 0.811 0.845 0.875
J-o-ztfr 1D3 True F99 59302.510586106786 0.319895446340764 7.964976101498773 0.10689419361981263 2.2765580739100204 0.42982895202173765 0.03305709079932896 0.07018756737457257 0.992 0.964 0.488 0.541
J-ztfg 1D3 True F99 59302.47166568194 0.3134240906246807 8.03092625340172 0.06470680588707844 2.8742620042491134 0.6661466121917586 0.044305337043402254 0.04171697578032001 1.16 1.147 0.267 0.28
J-ztfg-ztfr 1D3 True F99 59302.43920753343 0.25985149037994115 8.025407217328173 0.049438238886544784 2.7824064898602847 0.43550442168222225 0.03612866174956713 0.031202383481653093 0.861 0.852 0.741 0.757
J-ztfr 1D3 True F99 59302.338301758005 0.4669450769307916 8.027114317478937 0.11976423829444073 2.7894927605824003 0.6361082177606737 0.03565292299577762 0.07636629618250647 1.242 1.225 0.195 0.209
o  True F99 59303.341095430864 0.6224094529554965 4.193688500199752 1.9945690090078623 3.7967250431612354 1.0230140468799342 -3.9583085539240397 1.8256930136223553 0.346 0.341 0.996 0.997
o-ztfg  True F99 59302.61638690587 0.34243804188115506 9.094969635150639 0.054128748863536004 2.3903953134730123 0.5070670294473439 0.09415248298685076 0.041564846233423686 0.589 0.585 0.986 0.987
o-ztfg-ztfr  True F19 59302.504688883564 0.2839450150271515 8.129865729005843 0.047069635548776 2.4816418941207843 0.3784079925888068 0.08902809374045556 0.03535318451929647 1.106 0.915 0.256 0.674
o-ztfg-ztfr  True F99 59302.51349680038 0.2753619630514276 9.102358121167953 0.046256351831858784 2.4670073393283904 0.3674800884633319 0.055879275035670334 0.034599257196814386 0.637 0.622 0.992 0.994
o-ztfr  True F99 59302.811520404066 0.41484910036671624 9.780953557225219 0.4179912157839813 2.048023211503386 0.426018886112189 0.5835912400364995 0.31318921621278756 0.628 0.622 0.973 0.975
ztfg  False F99 59301.80528429771 0.4812175843781349 14.715191282958402 9.66411963221346 1.4071436591525215 0.7567454056637624 10.777517373163752 14.373859809567207 None None None None
ztfg-ztfr  True F19 59302.52527855267 0.33342702001377145 8.149777084385823 0.05112817874296422 2.79481807599006 0.45173562843709364 0.06323046798976278 0.04150834444591498 1.187 0.97 0.182 0.529
ztfg-ztfr  True F99 59302.522406742675 0.3269600089552732 9.123442937423155 0.05042467430687305 2.7927561316619913 0.44151649628934275 0.03062489155048236 0.04062796196065486 0.581 0.577 0.989 0.99
ztfr  True F99 59303.32869358964 0.8638418409176732 3.819816511753281 2.3704345498873227 3.800102112300291 0.7698540160346221 -4.601510196059509 2.2116452463598653 0.57 0.565 0.935 0.938