bps_used variant success reddening_law t0 e_t0 x0_mag e_x0_mag x1 e_x1 c e_c rchi2_data rchi2_data_model fitprob_data fitprob_data_model
c  True F99 58599.06466154649 2.286426698482448 8.253393282448085 0.3343576921315186 2.474985839919981 2.440023278076486 -0.7205485621827447 0.9358639346808272 4.283 4.262 0.038 0.039
c-o  True F19 58600.33787518066 0.6717951724051766 7.473566380771041 0.08629319813834185 0.6785113746784841 0.5068556123808005 -0.08154183263145584 0.0694569530994988 0.609 0.573 0.936 0.956
c-o  True F99 58600.32814060092 0.6451255691176846 8.546287468870322 0.08332307946710507 0.6747767411310466 0.48941874680086844 -0.08819530302244785 0.06706644380415455 0.574 0.572 0.955 0.956
c-o-ztfg  True F19 58601.14299733281 0.33487054644143727 7.475756504888439 0.03762068980977053 0.47885937944203744 0.35622158068605003 -0.08358365666650669 0.03756542147168385 0.598 0.547 0.969 0.985
c-o-ztfg  True F99 58601.14938494623 0.3217113716151398 8.548707426187097 0.03670567331440073 0.4606316690214671 0.34280963740381987 -0.090173657567892 0.03655514775566736 0.545 0.539 0.986 0.987
c-o-ztfg-ztfr  True F19 58601.067148184135 0.23419936825363988 7.441124126742119 0.03518753594044659 0.28288670792187426 0.24604388079428186 -0.09271221639209319 0.03211579481448216 0.622 0.552 0.984 0.996
c-o-ztfg-ztfr  True F99 58601.11603802701 0.21981328774432782 7.441634708582088 0.03429562514448009 0.23995784411625334 0.23267434204964849 -0.09256716922458813 0.03120428359306553 0.619 0.611 0.984 0.986
c-o-ztfr  True F19 58600.709531102606 0.3186360376089497 7.483978474982017 0.0759484653339978 0.35624687026536217 0.29481998336974335 -0.0751186193984769 0.06195838877997735 0.671 0.59 0.945 0.982
c-o-ztfr  True F99 58600.784149975836 0.29573905414634893 8.560875341773148 0.0731116906203309 0.3147720944479548 0.27871873412756376 -0.07874256484573247 0.059646523015734275 0.638 0.63 0.964 0.967
c-ztfg  True F99 58601.51505100566 0.39359233144177236 8.526024826453105 0.045102757495464094 0.5058692835657788 0.43146381825985497 -0.19187810103199765 0.11573452457367328 0.586 0.583 0.827 0.829
c-ztfg-ztfr  True F19 58601.15394849212 0.2537549850164312 7.464638440625699 0.03587793230376124 0.2743861125629101 0.27827962128528033 -0.09630978199186904 0.039212742591626014 0.801 0.694 0.75 0.874
c-ztfg-ztfr  True F99 58601.20034687493 0.23882154524226143 8.537371513054008 0.03492846155422818 0.2342544181052596 0.26269325429820517 -0.10292345548534228 0.037956206490630216 0.73 0.72 0.837 0.848
c-ztfr  True F99 58600.87480918573 0.33013944926809174 8.552802581800806 0.07830067140857502 0.2868527369023442 0.3342457849138164 -0.09076688983036262 0.07280808409266903 0.921 0.912 0.544 0.555
J 1D3 True F99 58600.811800916774 2.0978156458304045 8.870519269464491 61.62823719988428 4.084618908863604 26.112710408731317 0.0181259138683073 21.95030162320136 -1 -1 -1 -1
J-c 1D3 True F99 58600.95350890958 0.6922463372890881 7.471468108057271 0.06656081886210645 0.8217270977323425 1.017855871190313 -0.09888433036455407 0.03744202893808875 1.21 1.204 0.304 0.307
J-c-o 1D3 True F99 58600.572280447814 0.47617360368881645 7.449854371108369 0.05567414044703987 0.7044165498396298 0.49268693993634527 -0.09297316373156635 0.03514786242075623 0.545 0.536 0.976 0.978
J-c-o-ztfg 1D3 True F99 58601.12077291547 0.28323055137516406 7.441876392970572 0.033357487169064184 0.45811637153982965 0.33865658191829273 -0.10165258824167808 0.025547730047511503 0.527 0.504 0.992 0.995
J-c-o-ztfg-ztfr 1D3 True F19 58601.06291028402 0.2303759243639288 7.436375844499544 0.032543794512625124 0.29054738541716363 0.24507129193934923 -0.09971325023308746 0.025683853255614498 0.605 0.524 0.99 0.998
J-c-o-ztfg-ztfr 1D3 True F99 58601.062861617946 0.23034303622529426 7.464313294104844 0.03256127942434811 0.2898736994135498 0.24503320016330596 -0.09263486914719266 0.02569963031350192 0.634 0.552 0.983 0.997
J-c-o-ztfg-ztfr 1D3 True O94 58601.06286804422 0.23033296607210832 7.464313082804568 0.032559384193884544 0.28985717159466895 0.2450231487910604 -0.0926349547974886 0.025696528313663862 0.637 0.555 0.982 0.996
J-c-o-ztfr 1D3 True F99 58600.80072626953 0.26657487652430417 7.444764233523486 0.050889445766467985 0.3408989481197181 0.27668494355057155 -0.09510104715689349 0.035015148918170425 0.61 0.595 0.98 0.984
J-c-ztfg 1D3 True F99 58601.318306979134 0.30740185521569324 7.442514282458879 0.035649757707714794 0.4273752876512882 0.41520906257809115 -0.11593656157736366 0.030147797730163767 0.533 0.514 0.906 0.918
J-c-ztfg-ztfr 1D3 True F99 58601.18252685858 0.22028269591120472 7.434333404642521 0.0319017696552753 0.2340986306534923 0.2542274917286815 -0.10784844612738201 0.025868037285341997 0.665 0.652 0.914 0.923
J-c-ztfr 1D3 True F99 58600.89820486825 0.29040888813505517 7.446014147078202 0.05241824721086858 0.3145369894513171 0.3211703096195505 -0.09996496239518902 0.035758103072352755 0.788 0.779 0.724 0.736
J-o 1D3 True F99 58600.629471468244 0.5216612499515644 7.418517004213125 0.10642340284155904 0.633141565818729 0.5701654996028672 -0.1088331202248877 0.060196486347834866 0.447 0.444 0.989 0.99
J-o-ztfg 1D3 True F99 58601.16371974287 0.293703926491892 7.428682649047605 0.03780746015608645 0.4195426261877021 0.36323240525418 -0.10642007047873887 0.02627887453742381 0.441 0.417 0.997 0.998
J-o-ztfg-ztfr 1D3 True F99 58601.11807560573 0.2128044568432529 7.424652962255747 0.035140480968171475 0.21041888493270866 0.23669349118930985 -0.10560790100874 0.02528680815873682 0.549 0.531 0.995 0.997
J-o-ztfr 1D3 True F99 58600.79744863539 0.278952306102837 7.430013632484039 0.08299056899791986 0.28664380898761355 0.2909351543964207 -0.10218361874875986 0.052032035059233026 0.551 0.541 0.989 0.991
J-ztfg 1D3 True F99 58601.353127050614 0.31808622370138545 7.4274812772794565 0.041754300343576675 0.36270068318932397 0.4625499348863427 -0.11763476609718104 0.03001920060121112 0.176 0.172 0.994 0.995
J-ztfg-ztfr 1D3 True F99 58601.190595944325 0.227384385361996 7.422315170728259 0.03611148833018173 0.18656783461777987 0.26368714581763864 -0.11136927841038535 0.026562915369315827 0.575 0.563 0.951 0.957
J-ztfr 1D3 True F99 58600.8875175358 0.30441751366903436 7.428561896280624 0.0918420947051601 0.23462292838384546 0.3492427668161644 -0.10704127359119117 0.05321498290210457 0.705 0.696 0.771 0.781
o  True F99 58600.35978957224 0.7160802079608949 9.3352256935433 2.248892818234818 0.32241226055481953 0.860325712712093 0.4627289485223729 1.527003507359147 0.474 0.471 0.977 0.977
o-ztfg  True F99 58601.21170105551 0.34067074882686876 8.535508080813724 0.040560315846970126 0.4316848765593193 0.3704795961069516 -0.09472697176872756 0.03676253547695749 0.45 0.447 0.995 0.996
o-ztfg-ztfr  True F19 58601.07877561801 0.24282784235011612 7.4582762393747375 0.0391760366636884 0.24841685014032105 0.25457445614259167 -0.090949214231635 0.033345391157006035 0.605 0.527 0.983 0.996
o-ztfg-ztfr  True F99 58601.12725816563 0.2278121830856364 8.530346610775975 0.038269746355292275 0.20646753974218224 0.24019157032569735 -0.09792432058196521 0.03246000222005929 0.566 0.56 0.992 0.993
o-ztfr  True F99 58600.75146292967 0.3048078876924549 8.84562223888378 0.4105695102717093 0.27138815821324824 0.29154784554997615 0.13121164732614668 0.2986375411062612 0.569 0.564 0.981 0.982
ztfg  True F99 58601.43206593205 0.7505864644025158 8.558974022805439 0.3169819497349545 0.3325404565223407 1.0242339696257123 0.10923696249024928 2.099560919562621 0.174 0.172 0.972 0.973
ztfg-ztfr  True F19 58601.16615699075 0.26387099278146336 7.45332702201213 0.03961894135649384 0.22607109848857027 0.2901445051280287 -0.09922296732793379 0.03947494897267043 0.705 0.595 0.832 0.925
ztfg-ztfr  True F99 58601.211097431835 0.24814849034694372 8.525222763544303 0.03864064368736438 0.18781433266487518 0.27293737732331524 -0.10635837338309392 0.038242486040995366 0.641 0.634 0.891 0.898
ztfr  True F99 58600.84819391286 0.3308090325157821 10.660291018295872 4.18851789643122 0.029762914254151555 0.48140982075771727 1.5002890748805493 3.066626947152066 0.854 0.843 0.585 0.597