bps_used variant success reddening_law calibration DM e_DM st e_st Tmax e_Tmax dm15 e_dm15 EBVhost e_EBVhost rchi2_data rchi2_data_model fitprob_data fitprob_data_model
c-o  True O94 0 36.41821534689294 0.39133434880408485 1.2281884259592377 0.0528513595008252 58528.658723104316 1.1527137589924525 None None -0.19245135036117333 0.3279986898786368 0.866 0.818 0.565 0.611
c-o  True F19 6 36.3511208996862 0.34771402770970467 1.1131391443839669 0.1290322435364621 58530.23655479853 1.3657875920394085 None None -0.1853873514097795 0.3274144340923837 0.843 0.801 0.587 0.628
c-o-ztfg  True F19 6 36.06235580833382 0.10569342173525537 1.090321819031241 0.05878579635914522 58530.6724555833 0.6279444267986118 None None 0.12611884263188375 0.06723774597515268 0.694 0.669 0.829 0.853
c-o-ztfg-ztfr  True O94 0 35.998805648235965 0.10446137520261845 1.1987975101247457 0.03783318456907299 58529.765412600544 0.672956865284257 None None 0.16501176785434585 0.07240440358580962 0.702 0.645 0.886 0.933
c-o-ztfg-ztfr  True F19 6 36.09612012130597 0.09792068748444095 1.1991210527395229 0.036619692732625594 58529.82092044212 0.6235367873147502 None None 0.1526904133749788 0.06800681219703418 0.763 0.698 0.82 0.889
c-o-ztfr  True F19 6 36.277437464466374 0.1945830107747046 1.0998872413571728 0.05845932765982032 58530.19469806998 0.7059745119817114 None None -0.15341886653077252 0.19775305082666178 0.58 0.537 0.934 0.957
c-ztfg-ztfr  True F19 6 35.751634987887 0.1287891151489424 1.037878756584226 0.0455886139554152 58530.880279800534 0.6288954399340909 None None 0.23401832895082458 0.06786244304463931 0.435 0.399 0.978 0.986
J-asg-c-o-ztfg-ztfr 1D3 True F19 6 36.33253949183376 0.11233159283665363 1.2336735945916382 0.055023053150709246 58530.34386393185 0.721412018286508 None None 0.055452901817069536 0.07759051615987601 7.596 6.383 0.0 0.0
J-c-o 1D3 True O94 0 36.397610531877454 0.1455267849134131 1.063159656352449 0.044080263734895805 58531.02761909659 0.4394037943335316 None None -0.19329353286417691 0.10121505038987927 0.769 0.671 0.705 0.805
J-c-o 1D3 True F19 6 36.32088411234253 0.10916110265679568 1.0646335175953974 0.03984501927928497 58531.011879666534 0.406125437728896 None None -0.18747517696996385 0.07766211942037983 0.756 0.66 0.718 0.816
J-c-o-ztfg 1D3 True F19 6 36.08623305874154 0.09489026751842321 1.0013570954536266 0.03673627751639589 58531.41731521331 0.40047569087685336 None None 0.031880583757049 0.0663266801952966 1.157 0.969 0.273 0.503
J-c-o-ztfg-ztfr 1D3 True F19 0 36.15121738303887 0.10948810228960261 1.043624171777181 0.040577888672211175 58531.576412516326 0.4551501849865976 None None 0.04285005321529799 0.07188664187942455 1.856 1.435 0.002 0.048
J-c-o-ztfg-ztfr 1D3 True F99 0 36.12248506653034 0.10437885864453526 1.0428527806342416 0.03916741018722024 58531.639042659524 0.44014914681945866 None None 0.07770989602397502 0.07151932656206139 1.787 1.344 0.003 0.086
J-c-o-ztfg-ztfr 1D3 True O94 0 36.13486544931532 0.10395781669877577 1.0414998999447693 0.03815240295395112 58531.60041387725 0.42821755759295405 None None 0.05422423310355434 0.06970946814587035 1.855 1.422 0.002 0.053
J-c-o-ztfg-ztfr 1D3 True O94 1 36.20417601682915 0.1058017772768941 1.052673755911331 0.038420796368865674 58531.56218796234 0.43121865366221906 None None 0.02268934607270605 0.06895516095636166 1.768 1.364 0.004 0.077
J-c-o-ztfg-ztfr 1D3 True O94 2 36.208830600220224 0.10417964699836603 1.056894213029825 0.03953120227016466 58531.635453958086 0.4362618730463955 None None 0.026929793553735506 0.07011430032580025 1.981 1.472 0.001 0.037
J-c-o-ztfg-ztfr 1D3 True O94 3 36.172659592878894 0.10508711939208747 1.049214440721194 0.038062520023928764 58531.55588189337 0.4278687383382238 None None 0.023151879163649882 0.06865625986873429 1.719 1.33 0.006 0.094
J-c-o-ztfg-ztfr 1D3 True O94 4 36.179760292822266 0.10585753490109463 1.0502922349872876 0.03835484032861382 58531.56643512245 0.42973840346032893 None None 0.02006559876624011 0.06882201793973412 1.765 1.359 0.004 0.079
J-c-o-ztfg-ztfr 1D3 True O94 5 36.21656984299456 0.10630627326802519 1.0567414733185085 0.03950824729946305 58531.596750896446 0.43486520905976944 None None 0.014395609649734293 0.06918177785535379 1.894 1.42 0.001 0.053
J-c-o-ztfg-ztfr 1D3 True F19 6 36.152380828820256 0.09736663729695805 1.056393582340626 0.03928659995140191 58531.55484730316 0.4260434205818003 None None 0.019330826265203646 0.06811205279845776 1.685 1.276 0.007 0.13
J-c-o-ztfg-ztfr 1D3 True F99 6 36.134725474861185 0.0992147553087973 1.0622750757105635 0.04099556017291034 58531.65846270018 0.4333160288239907 None None 0.06013521961887654 0.07087404469283418 1.683 1.204 0.008 0.192
J-c-o-ztfg-ztfr 1D3 True O94 6 36.141891011819034 0.10223299056101882 1.0565962102660038 0.04147443142937248 58531.59181152905 0.4443908920966668 None None 0.030882235894999024 0.07101494223392185 1.707 1.268 0.006 0.136
J-c-o-ztfg-ztfr 1D3 True O94 7 36.15317766534137 0.09782315949290364 1.0603502399292404 0.03850925350010364 58531.540729198685 0.42145873802548844 None None 0.014360045427102357 0.06817153959619883 1.555 1.19 0.021 0.207
J-c-o-ztfg-ztfr 1D3 True O94 8 36.15152408229807 0.09360532840104319 1.0628754635490572 0.038309190985588895 58531.573981704496 0.416204471674418 None None 0.03498720496538217 0.0697479100996241 1.538 1.155 0.023 0.245
J-c-o-ztfg-ztfr 1D3 True O94 9 36.150970548103075 0.09685100943417621 1.0603477880985366 0.0383766314245182 58531.5420747756 0.42004709868858603 None None 0.018925914973838526 0.06838764986261733 1.537 1.176 0.023 0.222
J-c-o-ztfg-ztfr 1D3 True O94 10 36.17953039245969 0.0995096805782127 None None 58531.082847856196 0.4256159956343098 0.7129127320465486 0.06427238893387952 0.011256312044311267 0.06934671729892392 1.777 1.283 0.003 0.122
J-c-o-ztfg-ztfr 1D3 True O94 11 36.17750164501155 0.09984531227113627 None None 58531.06872669105 0.4250274059958122 0.7140912610123358 0.06411579654562229 0.009533660240507143 0.06884328918227427 1.735 1.257 0.004 0.142
J-c-o-ztfg-ztfr 1D3 True O94 12 36.13320054382819 0.09975347850526209 None None 58531.001915895264 0.4227870039939272 0.7221687403270292 0.06363097141128553 0.013091353766053356 0.06799673892798172 1.553 1.152 0.02 0.247
J-c-o-ztfg-ztfr 1D3 True O94 13 36.2135471916891 0.09989217882132324 None None 58531.03186510549 0.4248840469020539 0.7196676298806567 0.06409320668652457 0.016052191275235408 0.06751633239493604 1.637 1.204 0.01 0.19
J-c-o-ztfg-ztfr 1D3 True O94 14 36.202698779130415 0.09897832890707697 None None 58531.06039774066 0.4245213381478828 0.7161023334726127 0.06407020222813473 0.018801374665175244 0.06845072817877892 1.699 1.238 0.006 0.157
J-c-o-ztfg-ztfr 1D3 True O94 15 36.1228530912375 0.10091322684227333 None None 58531.019013418416 0.4210291585944229 0.7270727563802972 0.06329398130150023 0.026059328895711754 0.06654431830103358 1.437 1.103 0.045 0.31
J-c-o-ztfr 1D3 True F19 6 36.35026493990526 0.10349721396719398 1.0743519085945223 0.03640010447116728 58530.93041199485 0.40497463750811075 None None -0.23033828297588477 0.0735023949435179 0.624 0.541 0.926 0.969
J-c-ztfg-ztfr 1D3 True F19 6 36.22262774801111 0.11790562839167636 1.1073628399147142 0.05849029810977942 58532.09867400024 0.6330210981847602 None None 0.027835436856016794 0.07465646660473405 2.374 1.424 0.0 0.09
J-o-ztfg-ztfr 1D3 True F19 6 36.12820525208331 0.09953818898900907 1.0512933716494341 0.04006646355116408 58531.57684467954 0.4319195028249031 None None 0.03399373020953597 0.06876770693957805 1.897 1.387 0.001 0.069
J-o-ztfr 1D3 True O94 0 36.50195310396943 0.13366322313946696 1.0847935288283077 0.039586183652682044 58530.879816146575 0.44015499612538744 None None -0.27964385666077773 0.09270833634484907 0.681 0.592 0.875 0.942
J-ztfg-ztfr 1D3 True O94 0 36.201753668674854 0.15072671837206847 1.1138084168050852 0.06803646113089094 58532.561291491256 0.8161647983993225 None None 0.09161723309731694 0.08229102249966429 3.843 2.006 0.0 0.004
J-ztfg-ztfr 1D3 True F19 6 36.23855931362733 0.12165144592821259 1.173785888066603 0.06615756977526017 58533.06172478262 0.5593345556596098 None None 0.1141262456614129 0.07799577263856793 3.313 1.52 0.0 0.06
o-ztfg-ztfr  True F19 6 36.14614443894015 0.09766820019885282 1.20401984743037 0.03793181045857744 58529.63218764517 0.6786787119004205 None None 0.11087568703350272 0.06949524004463789 0.898 0.825 0.623 0.732
ztfg-ztfr  True O94 0 35.7213783378099 0.1465647703571623 1.071759312058854 0.053273038941812706 58530.65388943181 0.6668285566296408 None None 0.2904812085593888 0.07224938758787137 0.373 0.342 0.989 0.993
ztfg-ztfr  True F19 6 35.803369681149235 0.13313033989319073 1.0717684226082873 0.05122817400559897 58530.65392922925 0.6390010214791303 None None 0.23908508468446069 0.06766152443744261 0.373 0.342 0.988 0.993