bps_used variant success reddening_law t0 e_t0 x0_mag e_x0_mag x1 e_x1 c e_c rchi2_data rchi2_data_model fitprob_data fitprob_data_model
c  False F99 58526.144897992366 9.312761353271219 6.890796661376953 42.08987445532044 0.0 388.24039166021305 0.0 9.786036971075424 None None None None
c-o  True F19 58530.94158184012 0.35645435496467825 6.078549861051183 0.2032190162683203 0.7411379890282428 0.37061573661120106 -0.21764593126326748 0.1369195423620341 1.703 0.926 0.048 0.53
c-o  True F99 58530.9515600283 0.2906833894195664 7.069757047031311 0.1544943894633804 0.75207325792912 0.32586581562292116 -0.24757126635192073 0.10389016165811303 0.552 0.546 0.903 0.907
c-o-ztfg  True F19 58530.65032431248 0.2709145822445384 6.463438234713832 0.071320088439026 0.9569214243429737 0.33743455669187233 0.033811839380640626 0.04747164327262728 1.957 1.159 0.005 0.277
c-o-ztfg  True F99 58530.6331690365 0.22392043966862782 7.434653234970545 0.06577009690235583 0.9598610972800339 0.29724508870408284 -0.007884225517305969 0.04409020608644569 0.862 0.825 0.642 0.691
c-o-ztfg-ztfr  True F19 58530.64889826275 0.24494530063644576 6.342978681560792 0.06708939402152295 0.8793286760160535 0.28105689542259693 0.018188930474820283 0.04481219948920745 0.936 0.683 0.558 0.889
c-o-ztfg-ztfr  True F99 58530.62426445393 0.1961773144874453 6.323807591312153 0.06182305247854728 0.8780467898126448 0.2444013477395865 0.0009699871431509095 0.04149703232934365 0.925 0.852 0.576 0.684
c-o-ztfr  True F19 58530.9356110379 0.30257945045532814 6.023345612218795 0.1944670627453494 0.6186090379124541 0.3012473990672358 -0.2417426400247914 0.13284881664031298 1.547 0.968 0.056 0.498
c-o-ztfr  True F99 58530.92660542704 0.24361676268717145 7.028186045370372 0.1501522875521953 0.6195315246350125 0.26131192778694673 -0.2625173815220462 0.10222110001818407 0.603 0.58 0.914 0.929
c-ztfg  True F99 58530.98434787695 0.5467877785020921 7.715443812916316 0.2122612910820289 1.2580799216385925 1.0156459960567166 0.48246363388836466 0.5002313645101693 0.471 0.469 0.798 0.8
c-ztfg-ztfr  True F19 58530.27277145523 0.3614713677157302 6.476378358586752 0.0847550171415092 0.7167803554974146 0.5120034172911456 0.12074290495591113 0.06083858895657035 1.872 1.388 0.038 0.17
c-ztfg-ztfr  True F99 58530.18757584239 0.29941989506311717 7.451731579019933 0.07965607774109677 0.6259234644631886 0.46245060008898414 0.08729712462280173 0.0574000286313965 0.668 0.66 0.771 0.777
c-ztfr  True F99 58530.09938100846 1.4061298517167875 7.267503846185581 0.7743109559964799 0.07480365399019755 0.5383054757612802 0.0020915733954041745 0.5901338565479116 0.373 0.37 0.828 0.83
J 1D3 True F99 58531.55000580669 7.916086783831341 16.712768231679533 66.57713136157716 29.419030125489293 88.52311834393703 3.4871553012996044 23.006721267343508 -1 -1 -1 -1
J-c 1D3 True F99 58530.703349903546 0.229131401921523 6.148176221397827 1.128839754434416 0.6621872338800023 3.7557679831760336 -0.03521395089731125 0.36288389255433445 0.472 0.468 0.623 0.626
J-c-o 1D3 True F99 58530.626353336556 0.17072780710713678 6.295714933834149 0.08873455378030945 0.857767365681976 0.2891557901141196 -0.014545509789506349 0.048751744461803116 1.112 0.84 0.332 0.654
J-c-o-ztfg 1D3 True F99 58530.64440854222 0.16277860992531318 6.364594691865209 0.05845170150089865 0.9831193666305813 0.2725755833652168 0.02019862415085993 0.033446541778239816 0.86 0.766 0.664 0.79
J-c-o-ztfg-ztfr 1D3 True F19 58530.636155222266 0.23144592433189304 6.34796473240347 0.0627895000783399 0.873767374798311 0.27884602436435896 0.02351027766901497 0.03842165202167248 0.87 0.606 0.673 0.958
J-c-o-ztfg-ztfr 1D3 True F99 58530.63574014258 0.23146042336080908 6.460857197140308 0.06288220086492917 0.8727559946418023 0.27866620687142796 0.051974436348699624 0.038498589086107045 1.592 1.004 0.019 0.46
J-c-o-ztfg-ztfr 1D3 True O94 58530.63586303887 0.23133540354753684 6.460848510818367 0.0628648658016109 0.8727875953869206 0.2785424001504047 0.051953967310232385 0.03848431465295266 1.688 1.051 0.01 0.388
J-c-o-ztfr 1D3 True F99 58530.62219872115 0.15328547029462308 6.253653138142317 0.08442828509662406 0.7440976405458783 0.24653518699397645 -0.029103563986298903 0.047719643772875374 1.081 0.805 0.356 0.735
J-c-ztfg 1D3 True F99 58530.70041672146 0.20890850319301837 6.483053108126224 0.09565459691645414 1.8613000963010418 0.6091436934714453 0.07170740041144019 0.04192348155890517 0.424 0.418 0.923 0.926
J-c-ztfg-ztfr 1D3 True F99 58530.554037049995 0.17129104966741318 6.364335434121282 0.07383938637228596 1.0566519747961798 0.38686527861938086 0.04014895634800688 0.034696060829109227 0.761 0.705 0.723 0.783
J-c-ztfr 1D3 True F99 58552.8198784275 0.5004679095084245 7.999927323767924 0.14263169329048084 0.18575807580242681 0.44813961977352695 0.7002313155171036 0.07450289035989449 15.298 15.221 0.0 0.0
J-o 1D3 True F99 58530.80763116911 0.18261409473037504 6.435690009780962 0.10552032512858796 0.5825130165794663 0.30880950296547055 0.06829165007178944 0.05858423382485261 0.599 0.59 0.887 0.894
J-o-ztfg 1D3 True F99 58530.83804007585 0.1802935017012303 6.398362606174189 0.0610065484308559 0.7014882209985447 0.29025347569830884 0.04552762329966813 0.035358110380292164 0.614 0.573 0.923 0.948
J-o-ztfg-ztfr 1D3 True F99 58530.846905738166 0.1724051250637157 6.379192921004439 0.058164495524637316 0.6820915032297608 0.24407280873241385 0.045034030848801934 0.034284195300208854 0.712 0.648 0.871 0.927
J-o-ztfr 1D3 True F99 58530.81010194174 0.17765794714039945 6.35390222800439 0.09729656484890488 0.6089928628719081 0.2534832799373774 0.03301937179194078 0.05602527813387782 0.803 0.7 0.725 0.844
J-ztfg 1D3 True F99 58530.73411167298 0.23736327298892235 6.463075626875375 0.11168630486652156 1.566650531766593 1.027022937045979 0.06779631561792848 0.0429731065038334 0.506 0.501 0.831 0.834
J-ztfg-ztfr 1D3 True F99 58530.77127411505 0.21915557509591116 6.354398857167334 0.07248895661520663 0.6267057432132772 0.4537027660723468 0.05209031593025004 0.03519380917013387 0.723 0.637 0.743 0.825
J-ztfr 1D3 True F99 58552.825686273856 0.4960236225459453 8.005748089342642 0.14251132568966107 0.1782121125771463 0.4486177654996287 0.7032543487173133 0.07439841112179496 16.975 16.891 0.0 0.0
o  True F99 58530.91757460534 0.3100339803941879 6.616261440234907 1.466258124073523 0.8634234780619462 0.48901113522355655 -0.5584560632554534 1.016804665249867 0.634 0.627 0.815 0.821
o-ztfg  True F99 58531.05392185958 0.2867769916354317 7.4960258177003904 0.07199268517994321 0.770783296812424 0.30058846892084795 0.03327063425191623 0.04820745991268084 0.581 0.574 0.923 0.927
o-ztfg-ztfr  True F19 58531.05575727158 0.3285759672064088 6.498287200186324 0.0716257502341907 0.7155100438793351 0.2835187774436246 0.07496758649791957 0.04803947063077374 1.512 1.078 0.048 0.359
o-ztfg-ztfr  True F99 58531.036221169445 0.26380643941539195 7.484833314651245 0.0683432103011668 0.7129344568360934 0.24645912444711007 0.04238464316171253 0.04600272366247031 0.725 0.675 0.837 0.886
o-ztfr  True F99 58530.809984125066 0.2937786588316833 6.6732994070961595 0.5435152513095826 0.6322524401113173 0.2669408310064176 -0.5074549068571244 0.3780234077059085 0.625 0.615 0.883 0.891
ztfg  True F99 58532.02950613361 1.7069273959697386 7.51718431402664 0.8260748136166167 1.4039749925918747 2.8561419787707245 -0.21845356281960837 3.392032521358307 0.599 0.597 0.616 0.617
ztfg-ztfr  True F19 58531.271908349234 1.0247651010437113 6.518265062629949 0.09057521454723282 0.41080268519151897 0.5187363242215525 0.14146481677899775 0.06394730785419188 1.752 1.399 0.072 0.182
ztfg-ztfr  True F99 58531.19144411966 0.9970474516114741 7.495553115164112 0.08715713247501614 0.3268562758222224 0.47266048693911883 0.10988819213453169 0.06105050709234475 0.666 0.658 0.74 0.747
ztfr  True F99 58529.74024333409 3.3203827485103736 8.448856711469672 8.127756791830237 0.09509755682728124 0.7100669220085584 0.8524914574722084 5.654719095353293 0.619 0.614 0.538 0.541