bps_used variant success reddening_law t0 e_t0 x0_mag e_x0_mag x1 e_x1 c e_c rchi2_data rchi2_data_model fitprob_data fitprob_data_model
c  True F99 58729.99924358273 1.0062759105480275 7.101209523524929 1.1981896083489654 -2.84102116629365 0.7513603656521974 0.913025591663218 1.3060319618415313 -1 -1 -1 -1
c-o  True F19 58730.271254413834 0.36027947431833585 6.684481809437525 0.06759916508224767 -2.048783815689352 0.3851605561803029 -0.02771556328167652 0.06265703478007306 32.826 14.906 0.0 0.0
c-o  True F99 58730.24847924883 0.26751982529879603 6.257063404072198 0.05633821181581482 -2.030581061316237 0.3154823285646846 -0.14800790125834418 0.05007571886262545 0.999 0.923 0.438 0.504
c-o-ztfg  True F19 58730.25207846835 0.1515278283586051 6.703809126226431 0.035329983098538936 -1.8542073193388413 0.19660663536742648 -0.019420928072544693 0.04026176111873356 21.928 10.902 0.0 0.0
c-o-ztfg  True F99 58730.25123202808 0.13262456372602419 6.276414315523191 0.03202623883684842 -1.8609898884452534 0.17062389932424057 -0.13819216128993295 0.033715089062135 0.423 0.397 0.997 0.998
c-o-ztfg-ztfr  True F19 58730.23234980673 0.13283021642542528 6.304533697422581 0.03287252482170752 -1.8263483015050637 0.16149219686889174 -0.058777296676535584 0.030331534306822873 0.705 0.365 0.93 1.0
c-o-ztfg-ztfr  True F99 58730.21383206027 0.11196937280575214 6.301659557906341 0.0299799674325433 -1.8270782286286986 0.1354904197678638 -0.08302920260692231 0.026771474200974935 0.694 0.555 0.939 0.993
c-o-ztfr  True F19 58730.20172342924 0.2147984473862878 6.736131274448516 0.06263283198425708 -1.870179151924793 0.22526962784537105 0.04904433126274519 0.05106793686710504 19.836 9.078 0.0 0.0
c-o-ztfr  True F99 58730.17179056233 0.1630226380594241 6.298303829666585 0.05322555666537858 -1.849553487848219 0.1804872855430725 -0.08498550004142727 0.04303543313614965 1.133 0.885 0.294 0.629
c-ztfg  True F99 58730.26951818684 0.15103595434536238 6.297124170334075 0.05274423437181072 -1.8084875675248626 0.1905380858413611 -0.10289377760580512 0.09113498045799825 0.175 0.171 1.0 1.0
c-ztfg-ztfr  True F19 58730.21775642036 0.1410589636313345 6.758168689492985 0.03522166917700002 -1.8106747781765082 0.17101187707667775 0.08869382092892569 0.03596047675868426 20.444 10.145 0.0 0.0
c-ztfg-ztfr  True F99 58730.20283716767 0.12095433414011887 6.331487769616271 0.03229703930651207 -1.82150956049207 0.14414355276566704 -0.03242551011364485 0.032775779550128885 0.294 0.272 1.0 1.0
c-ztfr  True F99 58730.12792078248 0.18782928342705588 6.380541321421946 0.06252856884141109 -1.8915832396166403 0.20060368915813107 0.0100140975424079 0.055680261498454835 0.414 0.4 0.98 0.983
J 1D3 True F99 58726.807726854844 1.7364099500672825 6.682167942965575 17.228079150858182 13.363609376606789 49.23381558370573 0.1751251920129398 5.904344633641515 -1 -1 -1 -1
J-c 1D3 True F99 58730.2235555705 0.5970751977084977 6.378434286668352 0.06749411156009655 -2.1544360625442236 0.5359493834583686 0.022700874189044644 0.04769543290425157 0.509 0.498 0.729 0.737
J-c-o 1D3 True F99 58730.29498008238 0.23985136754826097 6.3630054772108195 0.04843352459852561 -2.1781206734470695 0.2947836926737085 -0.030108278624765054 0.03435762689593636 2.438 1.473 0.003 0.118
J-c-o 2D True F99 58730.23982238035 0.249107712303082 6.3452443642760805 0.04979129806024549 -2.156098524201204 0.2985177883848799 -0.050514350893908946 0.03726446463798022 1.927 1.456 0.023 0.126
J-c-o-ztfg 1D3 True F99 58730.270154012396 0.132273125141468 6.327772691395391 0.029642011186770578 -1.8633581676824844 0.17016670781486054 -0.0586461162113514 0.025504954081845402 1.315 0.778 0.109 0.811
J-c-o-ztfg-ztfr 1D3 True F99 58730.22111407892 0.11099639907068841 6.332753115620788 0.028226750549467796 -1.8422699147275787 0.13446683303420148 -0.04397795819654896 0.022665012996294275 1.024 0.668 0.427 0.963
J-c-o-ztfg-ztfr 2D True F19 58730.22659221986 0.1325316160290738 6.315674229702778 0.03136894008966692 -1.8321331019365954 0.16131702480021046 -0.043993415991224014 0.026994050776625512 0.823 0.392 0.804 1.0
J-c-o-ztfg-ztfr 2D True F99 58730.22426422761 0.13259437922649708 6.746356530615698 0.031543898087584434 -1.8362177526286714 0.16124284187145635 0.06334847724067119 0.027169080670661323 15.812 7.694 0.0 0.0
J-c-o-ztfg-ztfr 2D True O94 58730.224184425926 0.13240987992399084 6.7463330676191084 0.03150072392187944 -1.8362277942514824 0.16101197150827876 0.06328333603375041 0.02710597783339641 17.002 8.255 0.0 0.0
J-c-o-ztfr 1D3 True F99 58730.17776050068 0.15710780772623925 6.3711880122725475 0.04500211800999809 -1.9111460604556556 0.17447709076027154 -0.017206215256865925 0.03242655960834217 1.41 0.966 0.07 0.517
J-c-ztfg 1D3 True F99 58730.24192780299 0.1515683483100976 6.351032856514485 0.03088812614153427 -1.8063849727251997 0.19207238552156386 0.0009245530720897635 0.030837810379522268 0.318 0.261 0.999 1.0
J-c-ztfg-ztfr 1D3 True F99 58730.19688341695 0.11992263710374833 6.34866153034389 0.028761336321959614 -1.8334345690825693 0.14316564585086344 -0.008335430137988424 0.024793170116953814 0.379 0.307 1.0 1.0
J-c-ztfr 1D3 True F99 58730.11047617041 0.18369411062423982 6.395829996221389 0.045220178265336704 -1.9065856679555153 0.19409874061729782 0.025271672698675043 0.03391234962504526 0.402 0.382 0.992 0.994
J-o 1D3 True F99 58730.166835645854 0.28113702077587605 6.6739278846404035 0.12287104047664105 -2.087426348192403 0.3866762583607968 0.12047915736329202 0.0638206286271614 1.242 1.137 0.263 0.332
J-o-ztfg 1D3 True F99 58730.26702039821 0.1367048261514764 6.330556864954248 0.03504328410749979 -1.8342650313917324 0.18693333342558718 -0.05776161326399463 0.026065011437426313 1.465 0.852 0.054 0.689
J-o-ztfg-ztfr 1D3 True F99 58730.21475931866 0.11296376438697524 6.328128502531112 0.03289084008131688 -1.8335427428700601 0.14229917292496766 -0.04648979814289613 0.023801052963832493 1.069 0.699 0.349 0.935
J-o-ztfr 1D3 True F99 58730.16545600133 0.16430202563849824 6.443568910865215 0.08626166427776681 -1.8571516474508467 0.19081783575719954 0.022990697338567165 0.05244207070807053 1.44 1.041 0.072 0.406
J-o-ztfr 2D True F99 58730.14725054246 0.16555614138571456 6.399663892303794 0.09864630164154857 -1.8620233664447963 0.19083227311216158 -0.006849638516846435 0.06181104835457717 1.418 1.083 0.08 0.352
J-ztfg 1D3 True F99 58730.216088247085 0.1557671746862069 6.334756114307035 0.03583714083254661 -1.8150846011914932 0.21480720787276597 0.005772662113284839 0.030557762780145135 0.177 0.174 1.0 1.0
J-ztfg-ztfr 1D3 True F99 58730.18615321271 0.12161530888343257 6.3366312009061545 0.0330910461041977 -1.8372238743584217 0.15236322766674418 -0.01207140908783631 0.025164943777863092 0.358 0.286 1.0 1.0
J-ztfg-ztfr 2D True F99 58730.17904074683 0.12198761833410042 6.331025535037728 0.03362094497061648 -1.8368360379562336 0.15259050957147247 -0.019726442232231287 0.026689341767186153 0.352 0.323 1.0 1.0
J-ztfr 1D3 True F99 58730.094187390074 0.19301025666698077 6.422194875505922 0.08651540156818348 -1.8576982264243294 0.2170644978632408 0.03848632131909489 0.051777789058346534 0.415 0.402 0.98 0.983
o  True F99 58729.72311672509 0.44971678969790857 1.3742086011711778 3.7769381009876195 -1.861944129503795 0.43632629279625956 -3.6813978956146434 3.020440313268312 0.199 0.191 0.963 0.966
o-ztfg  True F99 58730.243535112095 0.13727554411359727 6.281604933722452 0.03653814611424462 -1.8366976197963523 0.1878852992666772 -0.13763294930543224 0.034105369480667204 0.442 0.415 0.991 0.995
o-ztfg-ztfr  True F19 58730.22176208294 0.135004083870777 6.725340204504439 0.03689152574509103 -1.821948586086957 0.17085878100945803 0.04162048991827136 0.030933270712607736 15.118 7.36 0.0 0.0
o-ztfg-ztfr  True F99 58730.2048507256 0.11372014658914034 6.294153218898934 0.03447593846814408 -1.825505222387645 0.1431969628881604 -0.08672771936108209 0.027756524822262763 0.722 0.575 0.904 0.986
o-ztfr  True F99 58730.03140954979 0.16911214885755532 4.799485510177194 0.5426803006442662 -1.8726718862212928 0.192595078932864 -1.1337891743240645 0.392496759144123 0.417 0.382 0.991 0.995
ztfg  True F99 58729.78623350256 0.5004066675788109 7.231527190914884 1.6694245012346112 -2.2647798853739967 0.4126332309601686 1.9192972839706344 2.8704283312867562 0.106 0.103 1.0 1.0
ztfg-ztfr  True F19 58730.207938036954 0.14357666591396206 6.7482354352666984 0.03865476378360913 -1.8064025592380228 0.18258877340982504 0.08637702016057255 0.0360566435127785 16.407 8.18 0.0 0.0
ztfg-ztfr  True F99 58730.19104343817 0.1227157018994885 6.319438382677316 0.036103679660250375 -1.8264808977080587 0.15337809812839895 -0.0363024629414761 0.03298812687000307 0.254 0.245 1.0 1.0
ztfr  True F99 58729.88811311076 0.34298266612386424 1.4075292974304323 6.279707347485828 -1.8428638422226529 0.27811428390769255 -3.773062897636258 5.062706440887514 0.345 0.335 0.981 0.983