bps_used variant success reddening_law t0 e_t0 x0_mag e_x0_mag x1 e_x1 c e_c rchi2_data rchi2_data_model fitprob_data fitprob_data_model
c  True F99 59167.188242895194 6.640565901998253 8.223341435624622 1.3446422557534423 2.6797043181269578 9.590498474291726 -0.23217121342562788 3.4314699202925216 0.89 0.89 0.345 0.345
c-o  True F19 59168.34178251106 0.725901426608389 8.32844649365682 0.20448542267449454 -0.5123694595630768 0.8431299115940885 0.12989195304004023 0.14933050413160126 0.699 0.661 0.846 0.881
c-o  True F99 59168.34067780907 0.7117216460998712 8.192882122773636 0.20140129362395018 -0.5183041961985722 0.8286452382608382 0.09408779354534103 0.14691576627179215 0.496 0.495 0.976 0.976
c-o-ztfg  True F19 59167.96004457661 0.5449417887356514 8.220449330108888 0.0635289560604812 0.14432846972809427 0.5922930770702264 0.02332446285541684 0.05896624432126761 0.849 0.786 0.702 0.791
c-o-ztfg  True F99 59167.96331338039 0.5382194579531354 8.085179363749043 0.06291675513231937 0.1394504651791303 0.5848333859672292 -0.011749226056466933 0.05791637187837278 0.486 0.483 0.992 0.992
c-o-ztfg-ztfr  True F19 59167.93989679858 0.5110645814734612 8.08093563165736 0.06262784308553725 0.1084198541365696 0.5597756127862726 -0.0040994526122476675 0.05187992760417638 0.405 0.395 1.0 1.0
c-o-ztfg-ztfr  True F99 59167.939333144124 0.5041878049978623 8.08330833258622 0.06211703763249101 0.10547364774771847 0.553152929287201 -0.007625660947428965 0.051253387630319815 0.405 0.403 1.0 1.0
c-o-ztfr  True F19 59168.26038290599 0.6474410772125273 8.335698026232237 0.1949299858144132 -0.48469908209745816 0.7736227910486344 0.13268306783092793 0.14855801536693333 0.724 0.664 0.864 0.919
c-o-ztfr  True F99 59168.25390966515 0.6346670399035377 8.201482977610247 0.19207935274491555 -0.48573244834064955 0.7621793660893802 0.09711121851187215 0.14629281751018838 0.394 0.393 0.999 0.999
c-ztfg  True F99 59168.04851107062 0.7009998175294824 8.096117802440524 0.06795651271204936 0.8976209872711601 0.8172784895120948 -0.23200929130301653 0.22925499892197668 0.235 0.234 0.99 0.99
c-ztfg-ztfr  True F19 59167.86779006596 0.6355804829462898 8.241226534221546 0.06864155513426161 0.5207769981775343 0.6851800411573302 0.03898905974082652 0.062125920620613714 1.02 0.895 0.431 0.58
c-ztfg-ztfr  True F99 59167.86790736923 0.6282003054725055 8.106131119096432 0.06802610236456075 0.5228758320534252 0.6786286811607938 0.0024739277168264826 0.06119482442483675 0.249 0.244 0.999 0.999
c-ztfr  True F99 59167.35193093914 2.180688856803596 8.412393855698543 0.33830534699566317 1.0534447245118637 1.9754130354462232 0.24979616886435452 0.26684665183594053 0.189 0.188 0.995 0.995
J 1D3 False F99 59164.192638 15.403018975547564 7.963722229003906 -1.0 0.0 -1.0 0.0 8.872611115727134 None None None None
J-c 1D3 True F99 59166.96110517054 7.173739395475385 8.348470208704374 0.3841810395505981 2.073729029022976 4.57642792861382 0.051026145513668 0.2094431179121159 0.448 0.448 0.639 0.639
J-c-o 1D3 True F99 59168.39628777313 0.753529545196142 8.05992009392169 0.12665134906791767 -0.6029158151438068 0.8207249524541614 -0.016657001568316968 0.07430429769988785 0.517 0.511 0.972 0.974
J-c-o-ztfg 1D3 True F99 59167.93363860681 0.5397911811178009 8.077168407711556 0.058771770936850744 0.13297033650874668 0.5863274259842854 -0.02621850351258217 0.043322207585485564 0.476 0.472 0.994 0.994
J-c-o-ztfg-ztfr 1D3 True F19 59167.915761802054 0.5166617040212246 8.067943748809286 0.05664261220519359 0.08110183816675136 0.5563856945890389 -0.019561817971376294 0.04201872102457329 0.405 0.392 1.0 1.0
J-c-o-ztfg-ztfr 1D3 True F99 59167.919159577985 0.5153871514187691 8.207739167718355 0.05688757763267101 0.08476322544995211 0.5566029615712312 0.01567711846223122 0.04226217479788315 0.783 0.712 0.832 0.91
J-c-o-ztfg-ztfr 1D3 True O94 59167.91915661878 0.5153586924536707 8.207729617272388 0.056880029178057484 0.08468718315337653 0.5565692877731152 0.01567549290638654 0.04225268148710022 0.825 0.748 0.772 0.874
J-c-o-ztfr 1D3 True F99 59168.317789552224 0.6541432363290635 8.061044216746016 0.10487492330033125 -0.5941246707410166 0.7458865477046788 -0.015773306513258326 0.07151114270379463 0.414 0.409 0.998 0.999
J-c-ztfg 1D3 True F99 59167.9745715607 0.6805420845736215 8.113590313207506 0.0671795709580802 0.6997587656551791 0.7589455578151888 -0.04196685703098154 0.05476696177271686 0.295 0.289 0.983 0.984
J-c-ztfg-ztfr 1D3 True F99 59167.86128947378 0.637344525974348 8.090283166270149 0.05977527461932803 0.46549975548953654 0.6636100287242571 -0.019123071544304163 0.044714259351355416 0.255 0.247 0.999 1.0
J-c-ztfr 1D3 True F99 59168.87262095521 0.9856663357015479 8.057983288804328 0.12450452444075213 -0.4960996225928599 1.1951936372901926 -0.028573062018910547 0.07885484083458069 0.262 0.259 0.989 0.99
J-o 1D3 True F99 59167.97606784273 0.8278495932448984 7.957353451500164 0.17728363045731224 -1.022174767977062 1.0337994122529792 -0.06937063760434253 0.10606048179666316 0.519 0.518 0.951 0.952
J-o-ztfg 1D3 True F99 59167.73469805559 0.585433245854215 8.050090797358285 0.06234867371892632 -0.0033440560998944284 0.6578505959230496 -0.03606952150544983 0.04375499914204042 0.47 0.468 0.99 0.99
J-o-ztfg-ztfr 1D3 True F99 59167.728334010346 0.5431426362158627 8.046654633617782 0.058940321734521496 -0.021214957086900015 0.6114219711836096 -0.033984358859664034 0.04213221058008705 0.383 0.381 1.0 1.0
J-o-ztfr 1D3 True F99 59167.94239523902 0.71685950103778 7.992837867214106 0.13348104284128343 -0.8661542001467267 0.9370779540007333 -0.05600871691701639 0.09259104892889393 0.398 0.397 0.997 0.997
J-ztfg 1D3 True F99 59167.761243219786 0.8076042651728472 8.083607430730837 0.07560732582785676 0.5665636279015684 0.9288155379495081 -0.03998868595152906 0.05361363335250927 0.164 0.163 0.976 0.976
J-ztfg-ztfr 1D3 True F99 59167.639361330585 0.6964691955494898 8.065294350764201 0.06439914353545315 0.3946471005737592 0.7837409303540135 -0.027925453536515113 0.045144864813868694 0.142 0.137 1.0 1.0
J-ztfr 1D3 True F99 59167.39303470925 2.3007168446188815 8.006420356882483 0.14068408104944635 0.3769494200049247 3.012638740058952 -0.06341717105005731 0.09547256970202257 0.142 0.14 0.983 0.983
o  True F99 59168.468690841095 0.8898802825639309 11.974936586637039 3.2885296619156557 -1.408125303881635 0.9097349378359835 2.545316478928108 1.958183991273279 0.457 0.457 0.971 0.971
o-ztfg  True F99 59167.77238655885 0.5926596342952567 8.057255590327193 0.06690350394987096 0.018147678828655252 0.6594998972169469 -0.02430830260315307 0.05839252281782417 0.484 0.483 0.986 0.986
o-ztfg-ztfr  True F19 59167.758065718415 0.5530997568185592 8.191799002181074 0.06616596283271557 0.01303860751513796 0.6261241067119706 0.013112890200497752 0.052836501686417445 0.844 0.766 0.721 0.83
o-ztfg-ztfr  True F99 59167.758914993196 0.5454754998541792 8.05648192196684 0.0655203624157516 0.01053921204038813 0.6182865346252893 -0.023186699167889888 0.05216437388520841 0.389 0.388 0.999 0.999
o-ztfr  True F99 59168.08223274949 0.7478816511831483 8.309151965228738 0.6096379818813928 -0.9553757013749025 0.9279079675628663 0.18527515045881152 0.4594747129873102 0.403 0.402 0.996 0.997
ztfg  True F99 59166.94678719502 1.1653603993368549 11.225934607637544 13.841355333339115 -0.5620324592577232 1.3564046971040942 6.945958474838191 22.119014114233693 0.127 0.126 0.973 0.973
ztfg-ztfr  True F19 59167.67777356565 0.7060245491845575 8.216582960429225 0.07436442456624255 0.48411923970081816 0.8247641532104872 0.028805937728399705 0.06284834843973436 1.103 0.956 0.352 0.489
ztfg-ztfr  True F99 59167.67788894181 0.6972620619247154 8.081282418814293 0.07365070415209217 0.48370298132631095 0.8156801433075748 -0.008090152384386953 0.06193991524294958 0.13 0.129 1.0 1.0
ztfr  True F99 59165.09598038561 4.968925647601739 0.464617562872506 9.1203888146242 -0.32718626631134795 1.8463127197293587 -6.69921248819683 8.757038312333865 0.086 0.086 0.987 0.987