bps_used variant success reddening_law calibration DM e_DM st e_st Tmax e_Tmax dm15 e_dm15 EBVhost e_EBVhost rchi2_data rchi2_data_model fitprob_data fitprob_data_model
c-o  True O94 0 36.24806993868021 0.16660597347401584 0.998685671500598 0.0646337583366956 59858.64017229192 0.5818527636106741 None None 0.5452671046220684 0.0985453409812712 1.285 1.272 0.123 0.133
c-o  True F19 6 36.35981246499727 0.15622454539505595 0.9986629092503991 0.0646319324340742 59858.64065100329 0.5818352805812468 None None 0.5035680071873827 0.10023382067155322 1.285 1.272 0.123 0.133
c-o-ztfg  True F19 6 36.34279512089522 0.1731312877252257 1.0400689420232634 0.05882106251469911 59858.55549471261 0.4613753339568844 None None 0.5866460804395858 0.07125636921247912 1.324 1.31 0.067 0.075
c-o-ztfg-ztfr  True O94 0 36.05650328470156 0.17272260076809925 1.0033219118157253 0.05054930791465362 59858.60135172292 0.46097962443548895 None None 0.6788509470078765 0.07048839445294776 1.451 1.434 0.017 0.02
c-o-ztfg-ztfr  True F19 6 36.19837454705426 0.16298856357151037 1.0018497603097523 0.048939240574698575 59858.61549676444 0.4509682039594415 None None 0.6309820404538741 0.07050873713471659 1.451 1.435 0.017 0.02
c-o-ztfr  True F19 6 36.254439486626104 0.1426636573588687 0.9693318724953219 0.05178264508683398 59858.74743463219 0.5123159575705328 None None 0.5262287189465924 0.09531661956672563 1.345 1.328 0.069 0.078
c-ztfg-ztfr  True F19 6 36.04850543196523 0.19613879925818745 1.049413425783511 0.053029964473679164 59858.45715685381 0.40209724216072845 None None 0.7497513973320677 0.07029843072488823 0.793 0.784 0.777 0.789
J-c-o-ztfg-ztfr 1D3 True O94 0 35.80248277966676 0.21410093214927445 1.0833175837950955 0.059216737656291256 59857.75106974497 0.5031368979518175 None None 0.8707528983044154 0.07073298659844168 3.067 2.832 0.0 0.0
J-c-o-ztfg-ztfr 1D3 True O94 1 35.639982461098505 0.19841815428873422 1.0236827936696693 0.051452067477703554 59857.82648642079 0.4551932498910445 None None 0.8350404392894256 0.0651035022890964 2.517 2.404 0.0 0.0
J-c-o-ztfg-ztfr 1D3 True O94 2 35.72503692535937 0.20453900584826482 1.0069446381655422 0.0519826867045528 59857.73332389455 0.46130535338508044 None None 0.8773180391652567 0.06622157962324778 2.779 2.644 0.0 0.0
J-c-o-ztfg-ztfr 1D3 True O94 3 35.64200591214157 0.2010202783352364 1.0281552479439704 0.05260969893410438 59857.78772461523 0.4623376431734753 None None 0.841713127044912 0.06547875211405862 2.635 2.509 0.0 0.0
J-c-o-ztfg-ztfr 1D3 True O94 4 35.637287487578654 0.19864851726200383 1.0238085583564682 0.05189462409769534 59857.80902592194 0.45787381023437046 None None 0.8329156354680199 0.06526117893578826 2.573 2.454 0.0 0.0
J-c-o-ztfg-ztfr 1D3 True O94 5 35.64121710841814 0.19511983516324552 1.0045941176537436 0.04964708661462189 59857.86393929926 0.4446424405731567 None None 0.8278869294402784 0.06496403214062939 2.422 2.321 0.0 0.0
J-c-o-ztfg-ztfr 1D3 True O94 6 35.79153076034053 0.20567786941783983 0.9626992422598748 0.05592230251132933 59857.3844658528 0.504527145914144 None None 0.8791982537496787 0.0724040191142129 4.101 3.847 0.0 0.0
J-c-o-ztfg-ztfr 1D3 True O94 7 35.73937858538496 0.2041455712288978 0.9636605013168857 0.05583970725956455 59857.386981517186 0.5039114126145791 None None 0.8713136963980536 0.07232406248678815 4.065 3.818 0.0 0.0
J-c-o-ztfg-ztfr 1D3 True O94 8 36.009507259582065 0.22367414502338837 0.9082117091374621 0.06499682463441782 59857.106237433014 0.5617779135006294 None None 0.9601747708186743 0.08678409770239193 7.338 6.617 0.0 0.0
J-c-o-ztfg-ztfr 1D3 True O94 9 35.77950346037104 0.2081238906845773 0.955411644167709 0.057365205496271186 59857.29334500288 0.5192357065644693 None None 0.889882145352346 0.07423510146391021 4.484 4.194 0.0 0.0
J-c-o-ztfg-ztfr 1D3 True O94 10 35.64799757428366 0.20418114794718845 None None 59857.725056691714 0.4571592150841269 1.0837738140916133 0.06979067045309319 0.9061676101511236 0.0661853722247051 3.163 2.708 0.0 0.0
J-c-o-ztfg-ztfr 1D3 True O94 11 35.638927664974744 0.20086513090930153 None None 59857.79123140024 0.4496553175209475 1.083333758900863 0.06926263590409006 0.88815860694695 0.06571500331982595 2.995 2.568 0.0 0.0
J-c-o-ztfg-ztfr 1D3 True O94 12 35.661806536581885 0.20010456789040404 None None 59857.811500434924 0.4475630655442932 1.083572098058157 0.0691817585330362 0.8855754737183278 0.06563819238879967 2.939 2.522 0.0 0.0
J-c-o-ztfg-ztfr 1D3 True O94 13 35.55291065047322 0.19263696655448298 None None 59857.890147602506 0.4382844305979828 1.0825602631939506 0.06833224139833197 0.8405603262701267 0.06483948329739103 2.684 2.312 0.0 0.0
J-c-o-ztfg-ztfr 1D3 True O94 14 35.629670916193234 0.1991060581667019 None None 59857.74975361772 0.45389622448238404 1.083776925747441 0.06956277494406256 0.87675487560776 0.06605613448565514 3.073 2.634 0.0 0.0
J-c-o-ztfg-ztfr 1D3 True O94 15 35.57206862916613 0.18737174869420284 None None 59857.98376170311 0.4290203505729427 1.0819407635077587 0.06750593063320214 0.8139390344406708 0.06423243766097159 2.428 2.098 0.0 0.0
J-c-o-ztfg-ztfr 2D True F19 6 35.929918281396326 0.18888403192118572 0.98485535495351 0.049515091633500014 59857.843474375295 0.44532550112148733 None None 0.7992243049622952 0.06767257965803337 2.575 2.476 0.0 0.0
J-o-ztfr 1D3 True O94 0 35.40227856584565 0.20418199788622265 0.9698692027572668 0.04669277080385035 59858.90254250473 0.5265679323770256 None None 1.1817909954726937 0.08411972712258353 1.413 1.367 0.063 0.084
J-ztfg-ztfr 1D3 True O94 0 35.87964718305636 0.2136191085997733 1.174114404578728 0.047728818394204696 59859.25903207604 0.5407064086180795 None None 0.8059324797182871 0.07695921960847397 2.103 1.398 0.004 0.121
o-ztfg-ztfr  True F19 6 36.16338201915174 0.16156630349669254 0.9866306999448188 0.04746048456128878 59859.118361627705 0.44092955674013223 None None 0.6440174135608151 0.06938575134339428 1.146 1.131 0.239 0.258
ztfg-ztfr  True O94 0 35.94975063562721 0.19218729297057957 1.0589792711608643 0.04450110224610655 59859.12915520879 0.36983887585376446 None None 0.750829594910901 0.062464334682784214 0.248 0.245 0.999 0.999
ztfg-ztfr  True F19 6 36.10203950512685 0.1855776832471816 1.0589827615408163 0.04378072489036853 59859.12951820567 0.36815328031635863 None None 0.7184504387145481 0.06315338123593356 0.248 0.245 0.999 0.999