bps_used variant success reddening_law t0 e_t0 x0_mag e_x0_mag x1 e_x1 c e_c rchi2_data rchi2_data_model fitprob_data fitprob_data_model
c  True F99 59349.38200765884 2.3081262855408147 9.011863447634216 1.0516987890682794 -1.0147109385087556 2.506520367108466 -0.18377033349423988 2.2238021851305394 0.336 0.334 0.854 0.855
c-o  True F19 59349.20446301217 0.5684515802775814 8.060422620824903 0.13429038756064274 -0.8048747914010022 0.6302480257720844 -0.04572646033028522 0.10370181746614601 0.415 0.389 0.993 0.995
c-o  True F99 59349.19954738739 0.5519513156665747 9.106499929583025 0.13101445099670297 -0.8115947498023085 0.6164525219969871 -0.05968575065101078 0.10091198092733523 0.346 0.344 0.998 0.998
c-o-ztfg  True F19 59349.087322183215 0.279522910930428 8.064842621372318 0.040064874433714356 -0.2402193580302866 0.3124673467895707 -0.05895686300788928 0.04376657251730586 0.574 0.499 0.982 0.995
c-o-ztfg  True F99 59349.087920780294 0.2711947744872871 9.111195784109954 0.03940130270526767 -0.24043070017665338 0.3031351668350798 -0.07279284050595655 0.04276215520311839 0.417 0.412 0.999 0.999
c-o-ztfg-ztfr  True F19 59348.99739924257 0.24697386270978353 8.019671359832174 0.0387269084870531 -0.18785200594492635 0.28516861566693746 -0.05519419112738319 0.034476015275423405 0.326 0.306 1.0 1.0
c-o-ztfg-ztfr  True F99 59348.99604169758 0.23975575284980322 8.020988786168363 0.038104192607383194 -0.18702935986432898 0.27711019212877924 -0.05627164735925421 0.033806545645151585 0.326 0.321 1.0 1.0
c-o-ztfr  True F19 59348.88303455596 0.3876041156666083 8.149946418628137 0.11648091546416044 -0.34606787412085993 0.46440283232240537 0.021783193434690977 0.089721760382835 0.359 0.325 1.0 1.0
c-o-ztfr  True F99 59348.8763412728 0.3768431227701732 9.197674281240285 0.11380712102542025 -0.3396664941892976 0.4538289552010075 0.008319929182953845 0.08760134923256699 0.275 0.272 1.0 1.0
c-ztfg  True F99 59349.139419984596 0.2863153083043471 9.101893895075015 0.04023017152852373 -0.13586702628975092 0.3390014893309628 -0.18594308512301067 0.13926236970293024 0.464 0.46 0.976 0.978
c-ztfg-ztfr  True F19 59348.997950594945 0.25435325164939554 8.075068451293097 0.039318446209602315 -0.1840973119885062 0.29867950676172006 -0.03986201924470418 0.03905242987835974 0.512 0.429 0.995 0.999
c-ztfg-ztfr  True F99 59348.99810038612 0.2466518339292201 9.121732156810825 0.03865486182109181 -0.18184356694712103 0.2899557079786635 -0.05397763361748983 0.03827211879621234 0.328 0.323 1.0 1.0
c-ztfr  True F99 59348.85247065293 0.40292843176317156 9.21039175543466 0.12246581348957501 -0.3737339284007467 0.5114568776424878 0.026217865234487096 0.09926334223726992 0.23 0.229 1.0 1.0
J 1D3 False F99 59345.06297991045 -1 12.189237810794726 -1 11.682886074901187 24.032092202085643 1.085622407069467 -1 None None None None
J-c 1D3 True F99 59349.05381264942 0.599769713299828 7.981535598635478 0.11622335382136305 -1.1814024031733303 0.7677288264156404 -0.06257221728026442 0.07138151940785634 0.388 0.327 0.91 0.942
J-c-o 1D3 True F99 59348.989987095425 0.5145317397575665 8.025777981976713 0.09801335976751295 -0.8420672960512572 0.5933407612377549 -0.04471386861837402 0.06472792533486012 0.357 0.349 0.999 0.999
J-c-o-ztfg 1D3 True F99 59349.03402942808 0.26596421121428065 8.014635944139194 0.03800070303238212 -0.25457963955269836 0.3020625285462882 -0.06612713960532109 0.03420089682320317 0.419 0.414 1.0 1.0
J-c-o-ztfg-ztfr 1D3 True F19 59348.95901845014 0.2437970113232074 8.020314209530735 0.03719068105799028 -0.20149986048810223 0.2840199264291505 -0.054546243668712927 0.030446826025291262 0.329 0.309 1.0 1.0
J-c-o-ztfg-ztfr 1D3 True F99 59348.9585267127 0.24380503033092465 8.075428338681183 0.03723788049789762 -0.20151727665397562 0.2840885551504894 -0.040929359816691574 0.03049850699032655 0.451 0.392 1.0 1.0
J-c-o-ztfg-ztfr 1D3 True O94 59348.95852384735 0.24379689836957588 8.075428292668233 0.037235149955167225 -0.20150957901732913 0.28407994571856415 -0.04092864471953327 0.0304943904297742 0.461 0.399 1.0 1.0
J-c-o-ztfr 1D3 True F99 59348.804161648906 0.35855401250244157 8.061248271250747 0.08085926418894192 -0.4069973724541662 0.441226585369604 -0.02226907592015781 0.05710006339425868 0.287 0.282 1.0 1.0
J-c-ztfg 1D3 True F99 59349.042462498226 0.27643237389285324 8.01542562986451 0.038944755014844304 -0.23891916818208744 0.3239367336308818 -0.0710828420283563 0.04546646338202471 0.501 0.491 0.975 0.977
J-c-ztfg-ztfr 1D3 True F99 59348.955860733986 0.24294423538727775 8.021960022817536 0.03703145139379865 -0.19792966657571168 0.28892344194109276 -0.0541713491849575 0.03206533728592828 0.333 0.327 1.0 1.0
J-c-ztfr 1D3 True F99 59348.78525929393 0.3809738378026891 8.064654487598428 0.08389240150077164 -0.44233584006086185 0.49948235334965063 -0.01545700860817527 0.05917634222381555 0.264 0.247 1.0 1.0
J-o 1D3 True F99 59348.54738317542 0.81681274693508 8.047580976412512 0.154390618608926 -0.421702777941083 0.9822702271233608 -0.03645029273399264 0.09637953471970875 0.368 0.367 0.993 0.993
J-o-ztfg 1D3 True F99 59348.97625746679 0.29162502942133434 8.018105347216537 0.039725737621042194 -0.10780581935786675 0.32973124570165424 -0.06091618149705274 0.034204537929704376 0.399 0.397 0.999 0.999
J-o-ztfg-ztfr 1D3 True F99 59348.90802709207 0.2531152370884348 8.022603628489284 0.037956654036104376 -0.07570296901303403 0.2957363352299386 -0.05516469900399447 0.03004028344197349 0.293 0.29 1.0 1.0
J-o-ztfr 1D3 True F99 59348.6691969516 0.4204762931800477 8.029251789743729 0.11675295170132967 -0.08229818946693551 0.5345951455927523 -0.05079300423772608 0.08171672339693044 0.233 0.232 1.0 1.0
J-ztfg 1D3 True F99 59348.976924040035 0.30562439190061114 8.018716645033148 0.04128277821178259 -0.09174579279735981 0.3545894444461197 -0.0576943127001378 0.04547178508770483 0.5 0.496 0.935 0.937
J-ztfg-ztfr 1D3 True F99 59348.905901444334 0.26121420619161984 8.023509964749735 0.03856249159588308 -0.06270590071454293 0.3115688348118875 -0.052705092919943436 0.032091694267859794 0.275 0.273 1.0 1.0
J-ztfr 1D3 True F99 59348.6143933569 0.4624961117137619 8.034669339348742 0.11973933159838042 -0.002428493377877738 0.6442274209520492 -0.047284801860944234 0.08210247759612109 0.144 0.143 1.0 1.0
o  True F99 59349.33657892385 1.178912592141636 11.379837432285992 3.1965049950930142 -0.8774171424409957 1.2045175542573159 1.4745784951868914 2.044770936987938 0.384 0.382 0.98 0.98
o-ztfg  True F99 59349.03846496633 0.29851588439718213 9.116337361120236 0.04111937098728134 -0.08871030543869018 0.33230696614988103 -0.06403517593077124 0.042920909737273256 0.399 0.396 0.998 0.998
o-ztfg-ztfr  True F19 59348.95239130045 0.26601693319911746 8.07573204221167 0.04017503375819125 -0.057222268834317094 0.3064778035250982 -0.04146977919644528 0.034671074022423636 0.426 0.37 1.0 1.0
o-ztfg-ztfr  True F99 59348.95233037032 0.2580756692202145 9.122275342051095 0.03953811225282735 -0.05883036111487321 0.2976470020795704 -0.0554963197055274 0.03400694596475238 0.288 0.286 1.0 1.0
o-ztfr  True F99 59348.75814606638 0.4483831513715121 9.052937876050011 0.5429312440375352 -0.03600698750743915 0.5422131700385084 -0.11015419345094765 0.4153084524309839 0.233 0.232 1.0 1.0
ztfg  True F99 59348.33131300306 0.8856664539027094 9.633448974666228 1.4157081351581946 -0.8839043876541484 1.1124996645036092 2.044152566157967 3.5652282907019632 0.472 0.467 0.921 0.924
ztfg-ztfr  True F19 59348.95307343523 0.27489855675090674 8.07748214483413 0.04083341301676099 -0.041435837638558404 0.32286460538390743 -0.03728967653959383 0.039004008028123656 0.459 0.383 0.995 0.999
ztfg-ztfr  True F99 59348.95389488147 0.26662405173522435 9.123978626596818 0.040171867957392034 -0.04303638708721352 0.31323513842809086 -0.05146525605273047 0.03824777451231693 0.266 0.263 1.0 1.0
ztfr  True F99 59348.72544327976 0.5171276822358816 8.905146502515649 4.193572813311277 0.06418825112065962 0.7381555293696027 -0.23080466890386353 3.351483754878724 0.119 0.118 1.0 1.0