bps_used variant success reddening_law calibration DM e_DM st e_st Tmax e_Tmax dm15 e_dm15 EBVhost e_EBVhost rchi2_data rchi2_data_model fitprob_data fitprob_data_model
c-o  True O94 0 38.22271210050656 0.33732334677824954 1.8044032919383164 0.11059239443297691 59219.25724794737 0.3400006284187613 None None -0.7043212054698279 0.27699965697839835 1.238 1.228 0.244 0.251
c-o  True F19 6 38.12143688700805 0.26984692862658877 1.8034957176454955 0.11028866424461517 59219.329098565206 0.3400006311368264 None None 0.25443930975505025 0.1457286950371593 0.942 0.933 0.503 0.513
c-o-ztfg  True F19 6 37.70201104082894 0.18397189120071872 1.2624852733316012 0.05638808330063213 59232.6867304441 0.6379892911656333 None None 0.3102459301089876 0.0921930661428486 0.543 0.535 0.926 0.93
c-o-ztfg-ztfr  True O94 0 38.258529944128576 0.13008716811980706 1.3496799872759333 0.0690672579044788 59233.03461040257 0.8144702331735489 None None -0.059088400487514875 0.08461624804728822 0.711 0.705 0.852 0.858
c-o-ztfg-ztfr  True F19 6 38.23461347034043 0.11803152026617009 1.3590997414348243 0.062107077164913344 59232.948051743246 0.7504926926387026 None None 0.11203089072602757 0.08384393430331799 0.698 0.693 0.864 0.87
c-o-ztfr  True F19 6 38.56687753637057 0.1290015434003185 1.671614233384826 0.253305678599622 59225.846635664675 6.899371799637671 None None 0.02212345563827698 0.12204647442271441 0.438 0.434 0.985 0.986
c-ztfg-ztfr  True F19 6 38.31566757559784 0.13261572020264975 1.3312207606932107 0.07603494804169192 59233.08202253219 0.8485968645092499 None None 0.055158164780538324 0.09921164244260605 0.945 0.937 0.523 0.532
J-c-o 1D3 True O94 0 38.6689107162422 0.2864250313301301 1.634042806380416 0.17739326665898494 59224.15579806972 5.1634217444503125 None None -0.6297350032242481 0.3373137796373348 0.72 0.704 0.767 0.783
J-c-o 1D3 True F19 6 37.970156120201636 0.1783704880895524 1.5693386372628122 0.07021775587854069 59225.95645213486 2.0005498680216083 None None 0.2715325149260776 0.10091514481063853 0.439 0.428 0.963 0.967
J-c-o 2D True F19 6 37.965129006199795 0.16744657311221478 1.4684522665178867 0.08217742123170906 59229.36237806008 2.0590819218851992 None None 0.2516469849569111 0.10605738623557343 0.395 0.389 0.977 0.979
J-c-o-ztfg 1D3 True F19 6 38.21932312335975 0.14552247956174855 1.4262651562227437 0.0845011342721467 59232.37883309888 1.0284846827968266 None None 0.154232938506543 0.09993292758677354 1.058 1.046 0.389 0.402
J-c-o-ztfg 2D True F19 6 37.939069275765995 0.14966166909678205 1.3210693315227702 0.06354450558420971 59232.675182169456 0.7386770066078163 None None 0.22562927544323422 0.08753967920800405 0.675 0.668 0.847 0.854
J-c-o-ztfg-ztfr 1D3 True O94 0 38.44812355196939 0.1223194812833114 1.2676594976879245 0.062407967791381254 59233.309774573514 0.7090780357038867 None None -0.12400299508402947 0.07803134234663824 0.966 0.952 0.515 0.537
J-c-o-ztfg-ztfr 1D3 True O94 1 38.508388104596214 0.12745663407869895 1.2946543515128646 0.06386086471467174 59233.205685194655 0.7357761386042557 None None -0.14367128642708338 0.07812722506213363 0.927 0.914 0.576 0.595
J-c-o-ztfg-ztfr 1D3 True O94 2 38.46841334515283 0.12289068532960662 1.3640786379278687 0.0691279399440341 59232.83210460665 0.8098223358579055 None None -0.17445548206381972 0.08511206009138189 0.867 0.857 0.668 0.682
J-c-o-ztfg-ztfr 1D3 True O94 3 38.483806986547 0.1262333131909149 1.2688058878232622 0.0617825459546812 59233.33178434739 0.7005711288258193 None None -0.12294798459486052 0.07528362360247191 0.943 0.929 0.551 0.572
J-c-o-ztfg-ztfr 1D3 True O94 4 38.515064495091664 0.1283247665731072 1.2982753595915362 0.06384671554231706 59233.18344608899 0.740374425090647 None None -0.14054075317746584 0.07665521588255958 0.92 0.907 0.587 0.606
J-c-o-ztfg-ztfr 1D3 True O94 5 38.50890814825638 0.1270879975386776 1.379581149646936 0.0680325262871175 59232.792244118995 0.8132206712266918 None None -0.1955154201871824 0.08407389774140027 0.825 0.817 0.728 0.739
J-c-o-ztfg-ztfr 1D3 True F19 6 38.30937774954256 0.11190131682498249 1.389409964719906 0.0656804536389415 59232.6411409899 0.8154495560518077 None None 0.09283925516371669 0.08551851252650489 0.761 0.754 0.812 0.821
J-c-o-ztfg-ztfr 1D3 True F99 6 38.3092416222707 0.11369155845490123 1.3902679371814615 0.06745817114336712 59232.63379247479 0.8394977301856476 None None 0.09864545096584353 0.08670388784286631 0.743 0.736 0.833 0.841
J-c-o-ztfg-ztfr 1D3 True O94 6 38.30627834718161 0.11735654443534908 1.3902959145347118 0.07116863441629455 59232.639956072315 0.8850085077172535 None None 0.09590074099616264 0.09091099793811251 0.758 0.751 0.815 0.824
J-c-o-ztfg-ztfr 1D3 True O94 7 38.40346074899785 0.11271075383211987 1.4000545355088305 0.06799193276893324 59232.550969558295 0.8781330401000895 None None 0.08183062959189395 0.08550677505731034 0.772 0.764 0.799 0.808
J-c-o-ztfg-ztfr 1D3 True O94 8 38.457428898946546 0.11121140135445373 1.423250374213967 0.06849817318120358 59232.38846958464 0.8995258757627598 None None 0.12515659989108877 0.09179327594239917 0.749 0.743 0.826 0.834
J-c-o-ztfg-ztfr 1D3 True O94 9 38.40532055233057 0.11124715589072781 1.395993213886945 0.06780209769831559 59232.56782516708 0.8743552373259379 None None 0.07684342760279084 0.08522033421393922 0.777 0.77 0.792 0.802
J-c-o-ztfg-ztfr 1D3 True O94 10 38.30838048254013 0.1221963646241766 None None 59232.45569978331 0.8217258924421803 0.7956323691251104 0.08538193218278625 -0.05795829396967699 0.07384205477165195 0.934 0.925 0.564 0.579
J-c-o-ztfg-ztfr 1D3 True O94 11 38.35929979489891 0.12544347200396416 None None 59232.58258702095 0.8117976621226001 0.7958033057811416 0.08498138873768574 -0.08335335386460832 0.07372518909477825 0.926 0.917 0.577 0.591
J-c-o-ztfg-ztfr 1D3 True O94 12 38.328980431262146 0.11738055908475914 None None 59232.57211450083 0.5586984926504468 0.7928827989123385 0.08249723235126846 -0.08071309409068896 0.08136031532079332 0.881 0.873 0.645 0.658
J-c-o-ztfg-ztfr 1D3 True O94 13 38.33330997187542 0.12391115098274887 None None 59232.48565561274 0.8149675898355007 0.7956935027366844 0.0849930516392815 -0.06289019467725447 0.07396010407731261 0.915 0.905 0.594 0.609
J-c-o-ztfg-ztfr 1D3 True O94 14 38.358570239713 0.12119068973004762 None None 59232.548144553046 0.8107401880560142 0.7956436822118762 0.08475380297490893 -0.08328373465265126 0.07472236523954147 0.921 0.912 0.585 0.598
J-c-o-ztfg-ztfr 1D3 True O94 15 38.35237989929649 0.12116840344257206 None None 59232.59429772134 0.5521010959280235 0.7914816263717672 0.08050131857685298 -0.0894989078715749 0.07699678364728091 0.853 0.845 0.688 0.7
J-c-o-ztfg-ztfr 2D True F19 6 38.20756772265034 0.11375193848999221 1.3568264410336746 0.060510753871556446 59232.974660168584 0.7274890610000013 None None 0.12482162220939373 0.08224481091515154 0.651 0.646 0.92 0.924
J-c-o-ztfr 1D3 True F19 6 38.41814257231367 0.11529441386605814 1.416287224679801 0.08937521076471627 59231.48980858202 1.4886177549207193 None None -0.0008469720180751804 0.10553894353100678 0.51 0.503 0.974 0.977
J-c-o-ztfr 2D True F19 6 38.39285027740111 0.11729999456984733 1.383429045934007 0.11085046838492771 59232.09346366382 1.828815996995606 None None -0.004367147564690354 0.1112321262133093 0.531 0.526 0.967 0.969
J-c-ztfg-ztfr 1D3 True F19 6 38.36292712357294 0.11771762110140147 1.339854115914789 0.07735881589535631 59232.99753380728 0.861822399604188 None None 0.03737189914135158 0.09618777804909064 0.952 0.942 0.522 0.535
J-c-ztfg-ztfr 2D True F19 6 38.27698091801152 0.12366223281720058 1.3270551286155698 0.07321515803646979 59233.15095375876 0.8108537835086792 None None 0.07325318482164872 0.09505338590014853 0.862 0.855 0.643 0.652
J-o-ztfg-ztfr 1D3 True F19 6 38.23676946040906 0.10925177940138124 1.3403919479944537 0.061217988387966826 59231.945081296784 0.7589307240149923 None None 0.13342513158727387 0.08051376608241698 0.515 0.506 0.962 0.966
J-o-ztfg-ztfr 2D True F19 6 38.102264185734924 0.10624988217702516 1.2923227398176906 0.049545918959991345 59232.501122854424 0.580048509081166 None None 0.17270574384543583 0.07275403326215849 0.29 0.288 0.999 0.999
J-o-ztfr 1D3 True O94 0 38.7717739143864 0.24342850622779144 1.553562659711654 0.21986212959010049 59227.25577128697 5.228882476266658 None None -0.5711761812178308 0.3444914449864188 0.479 0.472 0.952 0.955
J-ztfg-ztfr 1D3 True O94 0 38.26569513344407 0.12413915308456469 1.173941155365843 0.09317796901045747 59232.07718359953 0.7315530560561827 None None 0.021532756484034327 0.08511424752734492 0.597 0.575 0.859 0.876
J-ztfg-ztfr 1D3 True F19 6 38.256560390701075 0.09951152635794853 1.2059924658473067 0.06083545337686237 59232.1886317026 0.6106498241462182 None None 0.050048018118585856 0.07634844368087187 0.363 0.352 0.981 0.983
J-ztfg-ztfr 2D True F19 6 38.13618830923742 0.09601331403325318 1.2027897649868105 0.04626361679290288 59232.50938316097 0.48028706215344075 None None 0.10755264164715685 0.06894916686344747 0.16 0.158 1.0 1.0
o-ztfg-ztfr  True F19 6 38.08462570022765 0.10801654387584812 1.2874357526693059 0.048927342302440884 59232.54284065822 0.570277307660805 None None 0.17706521559891955 0.07268537472630592 0.29 0.288 0.998 0.998
ztfg-ztfr  True O94 0 38.113141193847426 0.09687638856536072 1.19096696026894 0.044412497602754265 59232.470138462486 0.4628576980979309 None None 0.08389675304565732 0.0659479884529597 0.138 0.137 0.999 0.999
ztfg-ztfr  True F19 6 38.15833162691527 0.09375864817529796 1.1908981930340747 0.043296835189392216 59232.470004178365 0.4530293039016792 None None 0.0893948711698578 0.06763291845176221 0.138 0.137 0.999 0.999