bps_used variant success reddening_law t0 e_t0 x0_mag e_x0_mag x1 e_x1 c e_c rchi2_data rchi2_data_model fitprob_data fitprob_data_model
c  True F99 59230.09562279964 3.6508150655550096 9.520421966226817 1.4460511568096879 2.6648545559947654 4.435423839459594 0.3727785007662842 2.4333212063802576 1.073 1.07 0.368 0.37
c-o  True F19 59233.300943592236 0.827241684364122 8.293084106706585 0.11064817772010169 1.841220937927272 1.0303466092204887 0.08918516330351564 0.15185394156251872 0.519 0.499 0.932 0.943
c-o  True F99 59233.30869406511 0.8152293586660784 9.330800774944851 0.10796948204237755 1.8456519943727494 1.0149629966508753 0.06983049249149767 0.14824542042366498 0.432 0.431 0.97 0.971
c-o-ztfg  True F19 59233.284851511315 0.6002993237708794 8.401379160998896 0.06707295371856595 1.1493714042648588 0.7058956770342598 0.25037882609957185 0.08509516775299858 0.56 0.532 0.941 0.955
c-o-ztfg  True F99 59233.29073464035 0.592869611299622 9.439062804331758 0.06595195008313967 1.142568228991284 0.6969086785224701 0.2313847963552521 0.08357550387205354 0.45 0.443 0.983 0.984
c-o-ztfg-ztfr  True F19 59233.446011701 0.5628754679656441 8.318987970845557 0.06488108683806795 1.7076033085773663 0.6521911567822657 0.018696203949578674 0.05887632119084698 0.802 0.749 0.769 0.836
c-o-ztfg-ztfr  True F99 59233.44092513592 0.5557570009843141 8.319336344970349 0.06405734657974878 1.7046923862069008 0.6432552053822025 0.015177127209337084 0.05797026810156611 0.803 0.771 0.768 0.81
c-o-ztfr  True F19 59233.000580979686 0.8185993115788438 8.185758695808577 0.09542221158585042 2.5663460196459598 0.839772069912359 -0.18828507008012507 0.09727755977956858 0.678 0.64 0.884 0.915
c-o-ztfr  True F99 59233.01571824863 0.7994281137254685 9.2247161403625 0.09317067633659609 2.5698057287248277 0.8264782762828704 -0.20713317498061973 0.09480565917351311 0.593 0.583 0.946 0.951
c-ztfg  True F99 59232.81305956069 0.8822499410153768 9.509494992353936 0.0994206049372717 1.0099094102935544 0.7518409835896872 0.43146464394392214 0.17299466756084844 0.585 0.583 0.811 0.812
c-ztfg-ztfr  True F19 59233.52340860525 0.5951621028818557 8.347776182479928 0.06685968233967896 1.4023521672687729 0.6756579531586282 -0.010808104407149402 0.0625651941665204 1.095 1.028 0.348 0.423
c-ztfg-ztfr  True F99 59233.52615684697 0.5864590124270306 9.386925944785533 0.06578026831064694 1.3980596406685717 0.6665329125753244 -0.029162306661192683 0.06145923763437618 0.949 0.914 0.52 0.566
c-ztfr  True F99 59232.74767215901 1.1730127899579907 9.179168267570084 0.09029295954569706 2.4155869460837174 0.9516590410638155 -0.2762582019685621 0.09897391668250032 0.55 0.548 0.904 0.906
J 1D3 False F99 59221.74870149106 4.3469116568506685 1.815777269543989 64.79158818453337 56.12501145979044 380.8251281673767 -2.971771259284044 22.945533684493263 None None None None
J-c 1D3 True F99 59224.41072050346 2.160830462863771 8.179950364584409 0.10908150682445172 5.306843666739137 1.8500750759674005 0.009180221691377114 0.11501415256672246 0.823 0.818 0.568 0.572
J-c-o 1D3 True F99 59232.78560563722 1.057158109277292 8.102152847140498 0.07883338878980779 3.0077877148078453 0.985471595768784 -0.22095332434246817 0.06331836503824849 0.815 0.8 0.684 0.703
J-c-o 2D True F99 59233.02331730681 1.0149943662710066 8.125287708417652 0.08291629374780148 2.7763309218087455 0.9819925513573646 -0.16506153091735848 0.07595396380746722 0.714 0.703 0.8 0.811
J-c-o-ztfg 1D3 True F99 59233.65012802872 0.68967881861317 8.257361038314581 0.06259546347327596 1.8445325619798163 0.7383316862768436 -0.10408988329376376 0.05000218182278569 1.536 1.4 0.048 0.096
J-c-o-ztfg-ztfr 1D3 True F99 59233.36382879804 0.6056720111074322 8.264549213205523 0.058072586538197794 1.7930065082792448 0.6471578259957963 -0.09165696353597316 0.04311818705222226 1.155 1.061 0.248 0.373
J-c-o-ztfg-ztfr 2D True F19 59233.49688578769 0.5841019309898979 8.290336044847558 0.0613202036692241 1.7852983754097025 0.659310894643954 -0.03509009783189983 0.0494716766603729 0.962 0.862 0.53 0.693
J-c-o-ztfg-ztfr 2D True F99 59233.4954366375 0.5837839030212694 8.352459482156599 0.06138369727277224 1.783886096298407 0.6592161746513395 -0.01969167144323048 0.04956592569378531 1.035 0.938 0.412 0.569
J-c-o-ztfg-ztfr 2D True O94 59233.49545053018 0.5837777269013057 8.352452641017676 0.061380973177271446 1.783919543453824 0.6592045070588533 -0.01970911461882319 0.04956093622397902 1.043 0.946 0.4 0.556
J-c-o-ztfr 1D3 True F99 59232.89527298295 0.8025578902976254 8.09014689696593 0.07531753914288357 2.6974231982792785 0.8092147738674373 -0.25557351373334236 0.06141579123193479 0.663 0.654 0.911 0.918
J-c-ztfg 1D3 True F99 59234.028155885826 0.677813130653526 8.22499047855589 0.06512289011209622 1.3668793612201442 0.7608087176800563 -0.17649894117041498 0.058159705780429304 1.903 1.795 0.029 0.043
J-c-ztfg-ztfr 1D3 True F99 59233.49816141963 0.6149526026801612 8.23934810124047 0.059902228396814895 1.4282201050432037 0.6634375654721739 -0.1267940378404046 0.045831352052035784 1.303 1.204 0.154 0.231
J-c-ztfr 1D3 True F99 59232.889828221196 1.0501696592459704 8.074549675655959 0.07806089822689972 2.3803309654996254 0.8967640430767404 -0.2803127012487002 0.06456102258417898 0.646 0.644 0.857 0.859
J-o 1D3 True F99 59234.13323724513 1.4900819377408783 7.54970818872045 0.3628295973529171 3.2023086066005018 2.909853488413311 -0.5109823045519463 0.1473917818662485 0.49 0.489 0.882 0.883
J-o-ztfg 1D3 True F99 59232.90259144742 1.0662318923924354 8.372192374123003 0.08479906355238716 1.7575049663246463 1.1429701645331265 -0.0760567699975501 0.05902497509777141 1.361 1.28 0.157 0.205
J-o-ztfg-ztfr 1D3 True F99 59232.614405137276 0.8239809481719377 8.35339240635652 0.07264820746342224 1.5711838186155884 0.8294826249847139 -0.048281288156670335 0.050171225730272606 0.996 0.909 0.468 0.594
J-o-ztfr 1D3 True F99 59233.19361517891 0.9931390259206935 8.049933582294566 0.16486486062667005 2.7533315631686 1.290244297299731 -0.27731181351189 0.11041569926815593 0.696 0.684 0.834 0.846
J-o-ztfr 2D True F99 59233.16386372468 0.995577220642756 8.127261467089202 0.20144674959580078 2.6856815430918197 1.2708247008566806 -0.2119612218235379 0.14433156340656186 0.656 0.645 0.872 0.882
J-ztfg 1D3 True F99 59232.955919320884 1.0923254348997207 8.352413999631016 0.08723037819418743 0.7222632139268448 1.1968959659258485 -0.1661080422654699 0.07496737443157653 0.829 0.829 0.506 0.506
J-ztfg-ztfr 1D3 True F99 59232.51254351179 0.8597664155661318 8.336037006543101 0.07752910705429832 0.9672741079539157 0.8517299413811497 -0.06792505389019517 0.05442308046164109 0.912 0.835 0.545 0.631
J-ztfg-ztfr 2D True F99 59232.70296011047 0.8591959696835547 8.35045181649182 0.07837026800958531 1.0366047251888308 0.8664067350949751 -0.03478253798075671 0.05713662466608327 0.648 0.622 0.827 0.849
J-ztfr 1D3 True F99 59232.70970639355 1.373329249682059 8.030918424514269 0.19718829309052394 1.7349383537848544 1.3387429178140569 -0.29181867225007113 0.13277962695927706 0.649 0.647 0.756 0.757
o  True F99 59234.67443562943 1.7306350357372335 5.760350542042534 4.082588593826729 6.925245084323423 6.878409677235729 -3.1492165925671127 3.9512714618684908 0.213 0.212 0.973 0.973
o-ztfg  True F99 59232.95313035812 0.806494408196022 9.476056622782028 0.08316492962712571 0.930771185869715 1.0489859493017277 0.22450115293821013 0.08997506744795632 0.186 0.186 0.999 0.999
o-ztfg-ztfr  True F19 59232.93988429583 0.7165230110995959 8.476873394295644 0.0810858440745577 1.607452526016265 0.8395093523190595 0.08368257568756088 0.06561969130439889 0.567 0.54 0.947 0.96
o-ztfg-ztfr  True F99 59232.94934218019 0.705631882725862 9.517191903203559 0.08021117388304537 1.617520038688828 0.828266766639229 0.06591587055019227 0.06476094172123699 0.48 0.47 0.98 0.983
o-ztfr  True F99 59233.10996436175 0.8160227430873502 11.182765612181118 0.7082329031479241 1.294057856964713 1.1159310160262697 1.3672084295900082 0.5464787275210322 0.337 0.335 0.995 0.995
ztfg  True F99 59231.325948514335 1.13687700729104 13.971195606599892 16.51366814053819 -1.4785274389945102 2.4623880683585155 9.606842728382054 26.182813833568417 0.057 0.057 0.811 0.811
ztfg-ztfr  True F19 59232.73844152488 0.7823911443190859 8.442712755700912 0.0838258538958371 1.053161132594673 0.8707004190058205 0.037844905583706095 0.06952986879299673 0.473 0.443 0.921 0.937
ztfg-ztfr  True F99 59232.75088613958 0.7727690246782452 9.483266723999629 0.0828983730519259 1.0685533020962752 0.8609928430341943 0.020594146547021693 0.06859508314745844 0.304 0.303 0.985 0.986
ztfr  True F99 59232.06937560011 1.2042518980420178 2.3850241544830757 4.801878289512205 2.1227866561030737 1.2593594568211994 -6.453957061226632 4.743814492072121 0.137 0.136 0.991 0.992