bps_used variant success reddening_law calibration Tmax e_Tmax DM e_DM st e_st EBVhost e_EBVhost rchi2_data rchi2_data_model fitprob_data fitprob_data_model
c-o  True O94 0 59753.86183884594 0.9910946164607694 37.85483469051867 0.20943084058887615 0.9566713777737319 0.0835031672106893 0.2087592129030052 0.14779506508150256 0.255 0.255 1.0 1.0
c-o  True F19 6 59753.8633390651 0.9906905517142199 37.894435407264936 0.1882533046024777 0.9566408354182053 0.08348343195507021 0.16369918520179916 0.14904676140921852 0.255 0.255 1.0 1.0
c-o-ztfg  True F19 6 59752.83348796008 0.535202560566655 37.89974882622417 0.12189683842342887 0.935544437989688 0.04779971279208585 0.09906681236436239 0.07452611775344012 0.241 0.241 1.0 1.0
c-o-ztfg-ztfr  True O94 0 59753.498082834325 0.49517925205528784 37.7446080309582 0.1125253512923004 0.9579415176147374 0.04477979135830832 0.22751215528025256 0.06853324040197063 0.346 0.345 1.0 1.0
c-o-ztfg-ztfr  True F19 6 59753.44489001036 0.48145499710580947 37.78396402731202 0.10432962331629787 0.9521569860079069 0.04316072287533298 0.17848904935783744 0.06796894915334092 0.356 0.355 1.0 1.0
c-o-ztfr  True F19 6 59754.441793590755 0.5468232014638346 37.781696282687555 0.1482772501683157 0.9708110284418763 0.04768078418715073 0.21465658413338676 0.12767483657971376 0.289 0.288 1.0 1.0
c-ztfg-ztfr  True F19 6 59753.25465269526 0.5192000661037203 37.73092305686345 0.11095857313745172 0.945666604014485 0.04592257512287373 0.2042401781403815 0.06985400031827957 0.444 0.443 0.991 0.991
J-c-o 0D True O94 0 59754.53542123819 1.1248559618181653 37.85929220257104 0.12189974571681933 0.9413777912659603 0.09667561738076974 0.18199694920846968 0.11605966723105539 0.409 0.402 0.994 0.995
J-c-o 0D True F19 6 59754.51692362875 1.0509260368297269 37.90474236447852 0.10778023335320305 0.9476731211592719 0.09113887064166273 0.1348998312228606 0.11629022516218164 0.41 0.402 0.994 0.995
J-c-o-ztfg 0D True F19 6 59753.20508818708 0.5550885828672706 37.79807944181974 0.1005667221419125 0.9258627901097366 0.051493972420004724 0.15910994126890954 0.06751986547900969 0.411 0.405 0.999 0.999
J-c-o-ztfg-ztfr 0D True O94 0 59753.80798851513 0.5085788450913815 37.78681344286526 0.10151430905978866 0.935946049260495 0.0464247068955963 0.19014920110986622 0.06682707870874117 0.465 0.459 0.999 0.999
J-c-o-ztfg-ztfr 0D True F19 6 59753.41390947108 0.4865091141813536 37.82380716501228 0.09640738689166387 0.9649776878910324 0.045051137290003554 0.16726493591934308 0.06636934074708821 0.455 0.449 1.0 1.0
J-c-o-ztfr 0D True F19 6 59754.58726582105 0.5678717477017964 37.918096075227744 0.09420274899045256 0.964997517801641 0.050838577348660145 0.08856999273801697 0.08044734997834739 0.39 0.384 1.0 1.0
J-c-ztfg-ztfr 0D True F19 6 59753.12200232633 0.5509418963431946 37.80030785364184 0.10171374726286306 0.9737086157326197 0.051191012112404996 0.18884173309471716 0.06903990336582773 0.627 0.615 0.933 0.94
J-o-ztfg-ztfr 0D True F19 6 59753.80785055167 0.4909541694265606 37.844527200259016 0.09395275210321224 0.9499384909834375 0.045130001015991676 0.13354291620310688 0.06593232991845381 0.478 0.471 0.999 0.999
J-ztfg-ztfr 0D True F19 6 59753.06549400591 0.5282488486294619 37.848868779868916 0.09969352805656363 1.0180618683917293 0.050794925406020604 0.17490513480177478 0.06952479868183233 0.625 0.616 0.916 0.922
o-ztfg-ztfr  True F19 6 59752.25138655978 0.4796023901951897 38.09831410197024 0.1100097042011957 1.1890319245818213 0.060544653905268045 0.11799765587015935 0.06770746331920303 0.331 0.33 1.0 1.0
ztfg-ztfr  True O94 0 59752.2801056305 0.49799033389449554 38.006191553598605 0.12604113745977655 1.189184114562654 0.06584417636340713 0.13313752793851352 0.08593884596086253 0.366 0.364 0.995 0.996
ztfg-ztfr  True F19 6 59752.11551360431 0.48336833516065475 38.07057519184365 0.1141837976981965 1.1890766309116987 0.06240310160879551 0.13376009186983887 0.0680479228225518 0.366 0.364 0.996 0.996