bps_used variant success reddening_law t0 e_t0 x0_mag e_x0_mag x1 e_x1 c e_c rchi2_data rchi2_data_model fitprob_data fitprob_data_model
c  True F99 59128.55672073022 2.1570431412773083 8.333367332237057 1.7518399492332781 -1.366523583022619 1.6400445428175279 0.8674083404704321 2.3676903112652514 0.296 0.293 0.744 0.746
c-o  True F99 59128.72527119248 0.6745991689436669 7.616408650728124 0.13448752968814023 -0.6710280432331928 0.6902092414274772 -0.3015781143525752 0.09774798072568804 0.306 0.305 0.995 0.995
c-o-ztfg  True F99 59129.136121261545 0.25254265450316354 7.782756119998745 0.041132098229174366 -0.31346598411810894 0.3346356183237536 -0.18481518021653115 0.041144154017815356 0.438 0.43 0.998 0.998
c-o-ztfg-ztfr  True F99 59128.767124990045 0.19068986192744986 7.761433099967823 0.03571160204223589 -0.6037888304356265 0.24318403645418826 -0.15068242775919588 0.029493166845436156 0.543 0.52 0.998 0.999
c-o-ztfr  True F99 59128.260612338716 0.2755270335463884 7.557290844562175 0.10730397719493703 -1.011659979978989 0.3309012369128697 -0.29681082898954114 0.08312646747495285 0.389 0.371 1.0 1.0
c-ztfg  True F99 59129.07709312225 0.29471518214853637 7.793842927364578 0.044153462067267876 -0.38400755911705975 0.377776694142991 -0.030628599726053495 0.13228969635096302 0.448 0.443 0.983 0.984
c-ztfg-ztfr  True F99 59128.7754168785 0.19529939572478022 7.764619291385886 0.0362409442044274 -0.6209599556891432 0.2504431174998542 -0.12640998182555596 0.032258848736086095 0.509 0.498 0.996 0.997
c-ztfr  True F99 59128.26609861808 0.29397719321087806 7.589168881305078 0.11653048606305713 -1.0514163629734998 0.35210854498624405 -0.2529108011543459 0.09399667725710797 0.313 0.306 0.999 0.999
J 1D3 True F99 59127.90508020814 4.311208262428672 8.822819499381762 53.569136959824874 42.07051203397369 197.43031785391142 0.005757045662892434 19.23021479907476 -1 -1 -1 -1
J-c 1D3 True F99 59128.592878664975 0.43858098193140405 7.6877794517423625 0.11393347287888199 -0.993506745060759 0.828101487151035 -0.10205217783305973 0.05620826080447518 0.546 0.535 0.741 0.75
J-c-o 1D3 True F99 59128.95945172418 0.43240995486307415 7.861517950833063 0.09749529035808428 -0.597855602705406 0.6530564418548713 -0.14347720450079776 0.0639393363401318 1.305 1.093 0.167 0.35
J-c-o-ztfg 1D3 True F99 59128.97555903454 0.2200177851671317 7.7935554009168175 0.03948600619529657 -0.3991471351751506 0.3118824598956337 -0.12967286421743873 0.03214298999707281 0.68 0.607 0.927 0.969
J-c-o-ztfg-ztfr 1D3 True F99 59128.950155664985 0.1872660681628931 7.819232325459024 0.03401923070272466 -0.6346683752797281 0.23486515351603696 -0.1584288400646011 0.026622017581036623 0.828 0.735 0.82 0.933
J-c-o-ztfr 1D3 True F99 59128.40172564835 0.24139631885897042 7.758377222837961 0.08375418475040639 -0.8893772214658296 0.3100319727690925 -0.12941969807325046 0.05973961079153434 0.595 0.53 0.979 0.993
J-c-ztfg 1D3 True F99 59128.95412935313 0.22331709537829983 7.778095834135058 0.04034548842454879 -0.4974753440137558 0.3221590363211757 -0.07098476613305812 0.03722404583738964 0.524 0.516 0.97 0.973
J-c-ztfg-ztfr 1D3 True F99 59128.72868699211 0.17958803522282538 7.771200026987664 0.034976391284713845 -0.6666660728801155 0.23846939317624463 -0.10830493002668055 0.027807173149005104 0.565 0.533 0.99 0.995
J-c-ztfr 1D3 True F99 59128.399475791586 0.24957696270325758 7.750772716224688 0.08231950052365213 -0.9581472347402804 0.32356262802431585 -0.11214489524141069 0.058578795365128236 0.495 0.446 0.983 0.992
J-o 1D3 True F99 59128.5213269762 0.4130899874042308 8.065800303841874 0.13999822953859797 -1.1712065335938102 0.898531432602291 0.03804545617340814 0.07960963388412239 0.455 0.45 0.949 0.952
J-o-ztfg 1D3 True F99 59128.928612822136 0.23320470079379785 7.802590305039743 0.041237370503719055 -0.40657617429205295 0.33201780582054935 -0.1283779375926162 0.0325930590369931 0.743 0.654 0.844 0.926
J-o-ztfg-ztfr 1D3 True F99 59128.677114548365 0.18243603645342937 7.781027679814825 0.035834678516827874 -0.6633994781558086 0.24090987459039911 -0.12410294380463183 0.027077986701549532 0.643 0.59 0.978 0.991
J-o-ztfr 1D3 True F99 59128.53010097171 0.2613554102490535 7.970863580559512 0.09874330454673419 -0.8126603926429867 0.337718212364207 -0.03940671261675763 0.07203460232126886 0.716 0.655 0.885 0.936
J-ztfg 1D3 True F99 59128.941843576045 0.23437224426988845 7.783773462784663 0.04247819048612212 -0.4733325800599072 0.34302561880695875 -0.07248375819881553 0.038042963360056595 0.638 0.629 0.865 0.872
J-ztfg-ztfr 1D3 True F99 59128.89394059568 0.1936307242106881 7.81962967946929 0.03552300659853198 -0.716343217871866 0.24498212891704055 -0.12800758096014475 0.028190999096272897 0.721 0.653 0.895 0.949
J-ztfr 1D3 True F99 59128.27059018749 0.2628273981072773 7.8568016204861 0.09995361200783887 -1.0541547337882262 0.3478683883485884 -0.03969721129230931 0.06810302067919428 0.342 0.334 0.996 0.997
o  True F99 59128.28673308907 1.140601768610148 8.313660375396147 3.235707515371656 -0.5487169107512213 1.3546709945160584 0.20792572272377352 2.311478657553981 0.3 0.299 0.975 0.975
o-ztfg  True F99 59129.076407312925 0.26670994135462367 7.790158924955816 0.04268848873054827 -0.3381851004097712 0.35661786015226615 -0.1869737502387478 0.04194101110205349 0.441 0.436 0.995 0.995
o-ztfg-ztfr  True F99 59128.71656928134 0.19663769585501636 7.768205404397955 0.036731468756701906 -0.6333222330916364 0.25118328922298194 -0.14695401657121154 0.029916687292041888 0.557 0.534 0.994 0.997
o-ztfr  True F99 59128.17579724765 0.2886249290021894 7.041098546565104 0.6109768914089742 -1.067811041660652 0.3512235485041204 -0.7042539692109335 0.48939050632394726 0.358 0.351 1.0 1.0
ztfg  True F99 59127.9237779516 0.30668051930146195 10.942853304478273 3.4883922421748914 -1.8560201878966258 0.5577179219366337 7.065182525667133 5.622711425540924 0.209 0.206 0.999 0.999
ztfg-ztfr  True F99 59128.72993100555 0.20197880315879377 7.770408428237843 0.037256455723549894 -0.6448548882748185 0.2592921398817378 -0.12433058677056544 0.032560130361923754 0.534 0.525 0.988 0.99
ztfr  True F99 59128.335608770096 0.3121862246707613 10.50973264219102 3.3769165436683237 -1.2132250648754535 0.3774001965215111 2.005135381819276 2.5060402083201185 0.248 0.241 0.999 0.999