bps_used variant success reddening_law calibration Tmax e_Tmax DM e_DM st e_st EBVhost e_EBVhost rchi2_data rchi2_data_model fitprob_data fitprob_data_model
c-o  True O94 0 59008.61670291607 0.6989481535469013 37.45594390084505 0.2084081699731128 0.7453461557502058 0.0806015779128343 0.03892944889778924 0.10836001899038047 0.502 0.5 0.963 0.964
c-o  True F19 6 59008.616975125784 0.6988517694207614 37.49936567124589 0.18072509133261494 0.7453298006194754 0.08059101501299816 0.02861756230308392 0.10972629045299065 0.502 0.5 0.963 0.964
c-o-ztfg  True F19 6 59008.46992854053 0.43926492994400484 37.371031769626114 0.11955203492992891 0.7407239134278132 0.04365745458993265 0.1063766701850553 0.07591256665958178 0.642 0.64 0.926 0.928
c-o-ztfg-ztfr  True O94 0 59008.505608751984 0.4247637157932984 37.39883917789828 0.10101311925256219 0.7587883476206024 0.039805643147638216 0.09421124258143491 0.07661143249060921 0.566 0.563 0.988 0.988
c-o-ztfg-ztfr  True F19 6 59008.49790054415 0.41344912633077985 37.43419464058993 0.09629622019932434 0.7665076962229579 0.038946269989671524 0.10099227995140955 0.06937335082417442 0.572 0.569 0.986 0.987
c-o-ztfr  True F19 6 59008.85818885095 0.4737517151730632 37.526135171747065 0.1124374085535591 0.7784841010513931 0.045879385449699446 0.04150879205366596 0.08452664081204835 0.388 0.386 0.999 0.999
c-ztfg-ztfr  True F19 6 59008.3652557759 0.47802983957096373 37.437577400421304 0.10557446475981107 0.7590243037080279 0.04637925900674317 0.09902851054191539 0.07742610306394201 0.793 0.789 0.744 0.749
J-c-o 0D True O94 0 59008.90408538404 0.8535193190479009 37.09662784433342 0.19016593334303772 0.6929139611083167 0.06857461233186167 0.19153385802217626 0.1352324202921673 1.714 1.535 0.02 0.052
J-c-o 0D True F19 6 59008.92076313741 0.8073093500121827 37.19947495181814 0.1722472832147838 0.7251747086146973 0.07119705550415746 0.22412125336897695 0.12125471429098693 1.85 1.692 0.009 0.022
J-c-o-ztfg 0D True F19 6 59008.517227144934 0.5102192532883437 37.19297492128175 0.13546308125971263 0.7446356394657644 0.04901534728624822 0.2176737794693599 0.0820790707561868 1.465 1.368 0.046 0.083
J-c-o-ztfg-ztfr 0D True O94 0 59008.45462460981 0.48790534205021974 37.299448995490934 0.11408300661406326 0.767186430548994 0.04478460886994209 0.16262303412239448 0.08541602022059958 1.215 1.15 0.158 0.231
J-c-o-ztfg-ztfr 0D True F19 6 59008.420121184055 0.47471603484881764 37.34649427137416 0.10773889710947618 0.7825645767836972 0.043550693299688324 0.17242586041485564 0.0752617075776064 1.234 1.174 0.14 0.202
J-c-o-ztfr 0D True F19 6 59008.775944822235 0.6048961975451725 37.3141337995297 0.140708554867914 0.7703458317312426 0.05448631269320519 0.2016115812672833 0.10901821698847175 1.318 1.235 0.102 0.163
J-c-ztfg-ztfr 0D True F19 6 59007.75508469708 0.6342301239145643 37.31025772260336 0.12277553007571688 0.8108646027530347 0.052339778304044786 0.19779439380875707 0.0852148080986509 1.732 1.65 0.012 0.02
J-o-ztfg-ztfr 0D True F19 6 59008.55030540247 0.46383708209896296 37.40660047031915 0.10410494286788978 0.8132467962990737 0.04243001499636713 0.15205585766093022 0.07375111516650881 1.091 1.029 0.324 0.421
J-ztfg-ztfr 0D True O94 0 59008.22332900605 0.6019989538080296 37.2952547749954 0.12920982421394975 0.8439330409188301 0.05137666479694945 0.2374284329735171 0.08879232573125374 1.483 1.378 0.076 0.12
J-ztfg-ztfr 0D True F19 6 59008.21879511451 0.5834315274168304 37.35357723659138 0.11875788920267559 0.8447254139598858 0.04972200791345182 0.20114313108551243 0.08056698571561069 1.48 1.376 0.076 0.121
o-ztfg-ztfr  True F19 6 59008.65875215846 0.38581256626722027 37.51018339130807 0.08994631530620738 0.7965266163475349 0.03567180362480671 0.06768345195151408 0.0657582310582756 0.35 0.349 1.0 1.0
ztfg-ztfr  True O94 0 59008.54990256114 0.3921269227180307 37.454583651974815 0.0934360419167622 0.8112671797568386 0.035783734536846745 0.11642094246233911 0.06847092764170944 0.236 0.234 0.999 1.0
ztfg-ztfr  True F19 6 59008.55022896498 0.3869640230849589 37.49269182337126 0.08939789214444573 0.8112815024515718 0.03521868071553625 0.08944753970797029 0.06505753060937097 0.236 0.234 0.999 1.0