bps_used variant success reddening_law calibration DM e_DM st e_st Tmax e_Tmax dm15 e_dm15 EBVhost e_EBVhost rchi2_data rchi2_data_model fitprob_data fitprob_data_model
c-o  True O94 0 36.72675851386126 0.12811800470104015 1.054205340559513 0.04619338695988339 59320.00431332737 0.48066192188898993 None None 0.25514534077649803 0.08347006094044958 0.494 0.489 0.97 0.972
c-o  True F19 6 36.78360242089428 0.11979503549924689 1.0541727968014858 0.04618683642362666 59320.005377285655 0.4806178822365631 None None 0.21695840219959203 0.08467751379884425 0.495 0.489 0.97 0.972
c-o-ztfg  True F19 6 36.6954570146983 0.13726244932183018 1.0936209711059632 0.06061987103370744 59319.258622206544 0.428270886461445 None None 0.30511586174957284 0.0685757373371866 1.204 1.18 0.201 0.226
c-o-ztfg-ztfr  True O94 0 36.63967131657388 0.13513795846487045 1.1270915722651085 0.058853393242613475 59319.266031852894 0.4068675154462024 None None 0.3289429670726201 0.071086270743338 0.894 0.874 0.672 0.708
c-o-ztfg-ztfr  True F19 6 36.69147391750689 0.124311582916725 1.1129628645982503 0.05180610364082149 59319.05226427737 0.3968706948930226 None None 0.3136779033896699 0.06418166075029184 0.75 0.737 0.888 0.902
c-o-ztfr  True F19 6 36.72307445661966 0.11416464692188719 1.0751912371874068 0.04350261550308508 59319.89353052402 0.45546559597033376 None None 0.2679409838643623 0.07830185420353332 0.548 0.538 0.982 0.985
c-ztfg-ztfr  True F19 6 36.631343657236 0.16378857721394843 1.1517047982974649 0.08498700643119296 59319.02092539666 0.433890787907977 None None 0.3693411490720932 0.07077349609402646 1.279 1.256 0.151 0.169
J-asg-c-o-ztfg-ztfr 1D3 True F19 6 36.524270599141545 0.12377041842685386 1.0528340469399686 0.040750513155417084 59319.26236617298 0.4006179176486111 None None 0.36778176972832244 0.0629913964927123 1.578 1.529 0.005 0.008
J-c-o 1D3 True O94 0 36.41976614208278 0.12449352355459783 1.0220962677336387 0.04592404439498494 59318.97918657035 0.4370418859529538 None None 0.41562406223590215 0.06453895154017959 1.041 1.001 0.407 0.461
J-c-o 1D3 True F19 6 36.47961580792454 0.11380544399516034 1.005250556718136 0.04269418686704931 59318.88373613365 0.41010825787594396 None None 0.3759077020727509 0.06509798031560744 1.084 1.053 0.353 0.391
J-c-o 2D True F19 6 36.529581807542705 0.11718567756693664 1.0239097867910962 0.04460453540602701 59318.902289813086 0.4468479945808626 None None 0.36147811979769223 0.06906847953116027 0.898 0.887 0.606 0.621
J-c-o-ztfg 1D3 True F19 6 36.51586081973982 0.12595998741526232 1.0480665043230466 0.043839236770703456 59319.17234127536 0.4181462894735752 None None 0.3738698677883786 0.06343083151624002 1.739 1.678 0.004 0.007
J-c-o-ztfg 2D True F19 6 36.58086798663741 0.12853082044994577 1.0647176553926092 0.048295209349895445 59319.18758842309 0.426134408611409 None None 0.34874858909914586 0.06549386342492479 1.395 1.369 0.06 0.072
J-c-o-ztfg-ztfr 1D3 True O94 0 36.49055830500559 0.13149300962837668 1.0788557722221206 0.041075679259830494 59319.37772665937 0.4024658500318558 None None 0.39638752162616914 0.06452370490716722 1.32 1.251 0.068 0.114
J-c-o-ztfg-ztfr 1D3 True O94 1 36.46280800625084 0.1276424586101044 1.0769312090465248 0.04041494895110772 59319.424644650484 0.39822057730405097 None None 0.371264467611464 0.0637222520681702 1.242 1.176 0.121 0.188
J-c-o-ztfg-ztfr 1D3 True O94 2 36.507063652418786 0.1271262716471822 1.0734731501339 0.04011560505971224 59319.40713241686 0.39537352152687744 None None 0.38620566612782325 0.06351876512069551 1.2 1.142 0.161 0.232
J-c-o-ztfg-ztfr 1D3 True O94 3 36.44505086981621 0.129735039903505 1.0754915141260244 0.04111718403401018 59319.40591886999 0.4021634947804738 None None 0.37666223160524853 0.06380037973693148 1.344 1.275 0.056 0.095
J-c-o-ztfg-ztfr 1D3 True O94 4 36.45011892158055 0.12832640511630558 1.075968919730866 0.04073704452491818 59319.42264361136 0.3998025717682783 None None 0.3705471650909499 0.06367374338912742 1.288 1.221 0.087 0.14
J-c-o-ztfg-ztfr 1D3 True O94 5 36.47243506781518 0.12380956199056795 1.0730790146352647 0.039655020849818964 59319.43916752692 0.393168046623648 None None 0.3630864127225451 0.06301530816293416 1.164 1.105 0.204 0.287
J-c-o-ztfg-ztfr 1D3 True F19 6 36.525310570881786 0.12251019749519235 1.058541420209344 0.03999994392658553 59319.29372650737 0.39572019891764243 None None 0.37705869409830856 0.06274705348631657 1.44 1.385 0.025 0.04
J-c-o-ztfg-ztfr 1D3 True O94 6 36.49238057607594 0.12690430574757408 1.0538202559624341 0.04193485114663354 59319.20650452584 0.4080843624896548 None None 0.39541214239692263 0.06375985059163886 1.565 1.5 0.007 0.014
J-c-o-ztfg-ztfr 1D3 True O94 7 36.46659122733485 0.12888801152386925 1.060153261080911 0.04282848323613202 59319.218747478146 0.411140680120664 None None 0.3950634851795674 0.06372276572752188 1.61 1.54 0.005 0.009
J-c-o-ztfg-ztfr 1D3 True O94 8 36.585440059713825 0.13723003115648866 1.048139700808995 0.04518541403889318 59318.996241069166 0.42907442887029557 None None 0.4448646985827065 0.06618516887178856 2.085 1.962 0.0 0.0
J-c-o-ztfg-ztfr 1D3 True O94 9 36.48475826863421 0.13073019744616476 1.0588966880726278 0.043354508688058346 59319.17952269536 0.4143951699715778 None None 0.4056802125368733 0.06407533020305789 1.688 1.612 0.002 0.005
J-c-o-ztfg-ztfr 1D3 True O94 10 36.53505322617209 0.11788780463258972 None None 59318.82372069723 0.3960795276707106 0.7663180580542374 0.06670643311665708 0.3507865149239198 0.06508069360273727 1.21 1.132 0.151 0.246
J-c-o-ztfg-ztfr 1D3 True O94 11 36.52301226113038 0.11748803783327344 None None 59318.831172037884 0.3958814590894677 0.7700662738097926 0.06658561899085728 0.3482399053231965 0.06465861400319518 1.194 1.116 0.168 0.269
J-c-o-ztfg-ztfr 1D3 True O94 12 36.48010218135822 0.11994664688876554 None None 59318.78877765442 0.4039500886056306 0.7880278896871276 0.06724239939694684 0.36567264036160707 0.06447452076761678 1.308 1.219 0.075 0.142
J-c-o-ztfg-ztfr 1D3 True O94 13 36.50564826386753 0.11758319607010942 None None 59318.824673836105 0.3943589241972932 0.7596372040795536 0.06655165744093398 0.34352269108391853 0.06358031393221786 1.186 1.111 0.177 0.277
J-c-o-ztfg-ztfr 1D3 True O94 14 36.53740235249214 0.11889183255663305 None None 59318.81057988546 0.3975650872162168 0.7673977221295304 0.0668941210349827 0.35703905166881467 0.06412069902473734 1.237 1.157 0.126 0.213
J-c-o-ztfg-ztfr 1D3 True O94 15 36.42383107443055 0.119414679028508 None None 59318.82932737421 0.437259612528287 0.8021234867435865 0.06688060749792057 0.358301858351088 0.06223186554078525 1.299 1.215 0.08 0.147
J-c-o-ztfg-ztfr 2D True F19 6 36.5875929758926 0.12340856298502886 1.0747997747916114 0.0439130775194796 59319.29730469585 0.4026075639719385 None None 0.35169819555606213 0.06406333362391849 1.155 1.13 0.215 0.248
J-c-o-ztfr 1D3 True F19 6 36.50070351269214 0.11151891025675267 1.0359760403980929 0.037916603684219514 59319.15919427228 0.388763606111178 None None 0.3860164383220459 0.06374736923373321 0.902 0.872 0.641 0.691
J-c-o-ztfr 2D True F19 6 36.55615039958575 0.11297350792072827 1.0539692207109967 0.04075513758791364 59319.19568273967 0.4112967759479736 None None 0.3640965949519834 0.06725767632707613 0.757 0.744 0.857 0.871
J-c-ztfg-ztfr 1D3 True F19 6 36.48981624050329 0.13096675114055217 1.072485090324738 0.0413935636855154 59319.64966334865 0.39939944427639684 None None 0.39205091228937916 0.06267557134708698 1.371 1.305 0.082 0.119
J-c-ztfg-ztfr 2D True F19 6 36.51533748942517 0.13934307703339954 1.0874585226844091 0.05073537127197617 59319.6174948296 0.4105739568471164 None None 0.3883390712077101 0.06510625568323947 1.312 1.279 0.114 0.137
J-o-ztfg-ztfr 1D3 True F19 6 36.5120677226054 0.1198471746738229 1.0404858746796322 0.03597249960027949 59319.18979198994 0.3823851606483346 None None 0.37933529779023467 0.06193709088424457 0.784 0.759 0.838 0.869
J-o-ztfg-ztfr 2D True F19 6 36.573417352742176 0.11918203867306579 1.0603555692496291 0.038562772566123865 59319.17187983758 0.39685277052156737 None None 0.35420757266717084 0.06259494876605758 0.644 0.631 0.962 0.969
J-o-ztfr 1D3 True O94 0 36.36941409478903 0.12048644580876307 1.0442563547741444 0.03712873235697773 59319.61957709573 0.41371467168934833 None None 0.49921811679092254 0.0675388130378648 0.584 0.558 0.966 0.976
J-ztfg-ztfr 1D3 True O94 0 36.41815322840659 0.1356560737565835 1.0522331290330746 0.03552978845727627 59319.49900965676 0.373144013457305 None None 0.4259231622936915 0.061740912780980144 0.497 0.466 0.981 0.988
J-ztfg-ztfr 1D3 True F19 6 36.4807714363795 0.12775814501142663 1.0472980864921464 0.035121271975971514 59319.466703419865 0.3718875199245445 None None 0.3949656813198166 0.06135513488334599 0.522 0.499 0.973 0.98
J-ztfg-ztfr 2D True F19 6 36.51169521882637 0.1294438557905836 1.0631038612637937 0.03794177836899689 59319.401049253596 0.3796384349624003 None None 0.3871780713574903 0.06196133614383163 0.427 0.416 0.993 0.995
o-ztfg-ztfr  True F19 6 36.72458637765753 0.11698271232567109 1.1140540931529803 0.04701223216789944 59319.1152186312 0.39817069915650477 None None 0.2916428835400921 0.06302482455554982 0.486 0.475 0.996 0.997
ztfg-ztfr  True O94 0 36.658818876889015 0.13375108626156385 1.1891329010794887 0.055272467280687076 59318.97409274953 0.40220515520331984 None None 0.30689706088287255 0.07579883580198353 0.308 0.296 0.998 0.999
ztfg-ztfr  True F19 6 36.74125916330892 0.1281669378162464 1.1890316578062425 0.05255260196123161 59318.971351069384 0.3942886277605827 None None 0.31917005966900575 0.06333723019926696 0.308 0.296 0.998 0.999