bps_used variant success reddening_law t0 e_t0 x0_mag e_x0_mag x1 e_x1 c e_c rchi2_data rchi2_data_model fitprob_data fitprob_data_model
c  True F99 59321.919454831426 0.9621202053257831 7.708791617181504 0.2536487536433782 3.2738498314507054 1.4546506278788136 -1.6936927865984275 1.0444388149747077 0.263 0.258 0.902 0.905
c-o  True F19 59320.09022453829 0.3984376691979006 7.57386754651998 0.10123564764103407 0.5342127154210832 0.37282229506932624 0.224289989379108 0.08005787336259801 1.291 0.957 0.154 0.522
c-o  True F99 59320.06234963462 0.3740765383781498 8.571015682944187 0.0948456568500742 0.516825629199184 0.34920033408454354 0.20221728818353565 0.07503044168999061 0.613 0.604 0.929 0.934
c-o-ztfg  True F19 59320.067989929215 0.23559693743221397 7.554548673279269 0.04149141778160713 0.6803958588012586 0.2743536557727884 0.20337559975510927 0.03972510243327427 1.499 1.088 0.029 0.331
c-o-ztfg  True F99 59320.073989334735 0.22303868239237476 8.545690167148674 0.04014093990184477 0.6682728141885546 0.2599639611341701 0.17680035641166703 0.037808857832365914 0.565 0.552 0.982 0.985
c-o-ztfg-ztfr  True F19 59319.90164426641 0.20084317435531507 7.459980329064276 0.03948096724947509 0.6841969739299858 0.24101802932901986 0.20908376464248418 0.03391723987954491 0.578 0.485 0.992 0.999
c-o-ztfg-ztfr  True F99 59319.889460485385 0.1883013634434794 7.464945350649341 0.03815923111133457 0.6838609614716586 0.22746672332901127 0.21027419381085832 0.03243490156220156 0.577 0.546 0.992 0.996
c-o-ztfr  True F19 59319.755165633906 0.273733232385216 7.651225016095333 0.08781729256277357 0.5602675607596349 0.2937771316047486 0.3003639618452071 0.0663416351331504 1.21 0.89 0.175 0.663
c-o-ztfr  True F99 59319.725189044184 0.2527495730188776 8.651774143321278 0.08145834652611968 0.5591765377638801 0.2752659951962269 0.2788733113562334 0.061625699771411524 0.586 0.56 0.98 0.987
c-ztfg  True F99 59319.97895054944 0.25261911477319976 8.516290749765634 0.058017618632258135 0.9899894986030865 0.3557643742525624 0.06025698435709555 0.11315770253851615 0.368 0.365 0.987 0.987
c-ztfg-ztfr  True F19 59319.87454870879 0.21365377292915735 7.590412663928885 0.04252295413551809 0.7670923907377385 0.2915388939724069 0.25785688933464945 0.04314646017968138 1.634 1.151 0.017 0.263
c-ztfg-ztfr  True F99 59319.87539956528 0.2015586730123773 8.583787265806347 0.04098899226269721 0.7836375001823813 0.27800953002983375 0.22920694016459833 0.04124167156805028 0.492 0.449 0.99 0.995
c-ztfr  True F99 59319.61577620377 0.28173329409382913 8.731995158020702 0.09309902646966017 0.6070800499975479 0.3779438542184315 0.3557371353133626 0.0774496588960447 0.33 0.325 0.996 0.997
J 1D3 False F99 59315.37293387139 2.991244758765675 41.102474122980084 135.0219488389549 -24.140025474083913 9.486018992895259 11.439174047971242 45.14488637805038 None None None None
J-c 1D3 True F99 59318.701033426114 0.1755271752704717 7.647330293069676 0.07402929955536346 0.1316543941346901 0.5411429965722605 0.33998776285614035 0.03750521534224911 2.101 1.962 0.032 0.047
J-c-o 1D3 True F99 59318.83044135074 0.1564647039227315 7.639121683794071 0.058340920972634006 0.11403111686859865 0.3160784566977249 0.34415901139533245 0.034431637706129746 1.355 1.303 0.103 0.134
J-c-o 2D True F99 59319.01011742889 0.19170709417016546 7.577354836447151 0.06751045418871453 0.15281043033790656 0.31966445676667266 0.2897875769741731 0.045763241429967794 1.196 1.154 0.221 0.265
J-c-o-ztfg 1D3 True F99 59319.108114139526 0.14384713842713373 7.510732761534412 0.03632986053587881 0.34156576089730945 0.24947223759510306 0.269690687618497 0.02612225939821584 2.109 1.582 0.0 0.013
J-c-o-ztfg-ztfr 1D3 True F99 59319.15814490735 0.13013685419075885 7.513936565660732 0.03503462310297674 0.375038093457395 0.21327952697419414 0.27498160278360756 0.024834054729907275 1.711 1.27 0.001 0.092
J-c-o-ztfg-ztfr 2D True F19 59319.71716216531 0.18839167510637078 7.470790144164628 0.03799458121894404 0.6059874615844463 0.23675174908629013 0.2252556509458536 0.030402525322849577 1.1 0.595 0.287 0.992
J-c-o-ztfg-ztfr 2D True F99 59319.71540966624 0.18838178625319793 7.5831204846993 0.03804888602050879 0.603362245758129 0.23665562006341048 0.2532574282082175 0.03046174843128913 1.754 1.038 0.001 0.398
J-c-o-ztfg-ztfr 2D True O94 59319.71520079144 0.18833670839537972 7.583124978720859 0.03804071567145721 0.603299745282504 0.2366130080730926 0.253263500744403 0.0304499721130868 1.813 1.077 0.0 0.326
J-c-o-ztfr 1D3 True F99 59318.98187096057 0.13821298558582334 7.631414188942262 0.054996746031813475 0.27722849608080335 0.2519372285538579 0.3448650979264334 0.033856273738397016 1.108 1.048 0.293 0.388
J-c-ztfg 1D3 True F99 59319.07392043287 0.14970091539454447 7.519726032403606 0.039722883570194635 0.4255554729379235 0.32402840573790315 0.28731515302849375 0.029581948592943597 2.703 2.191 0.0 0.002
J-c-ztfg-ztfr 1D3 True F99 59319.14345533984 0.13433376888385076 7.5178171484092635 0.03662873133703265 0.4128215378163968 0.2551957953650041 0.28469419091811016 0.026464733569646914 1.777 1.418 0.004 0.056
J-c-ztfr 1D3 True F99 59318.922772633465 0.1461596678589442 7.640971371503446 0.06037106480445552 0.335194158981755 0.3354418949275861 0.3530126375606891 0.03466254060987918 1.294 1.124 0.161 0.31
J-o 1D3 True F99 59318.70055641992 0.177297875465529 7.597982077287828 0.11016352833205485 0.06246185839660605 0.3936920701910736 0.32026586959774933 0.05711149207547126 1.498 1.445 0.075 0.095
J-o-ztfg 1D3 True F99 59318.89974257629 0.16104313497743833 7.467953745316072 0.03916491084852195 0.5274560893095986 0.2911125492771879 0.25042761346033804 0.026126105335399954 1.958 1.501 0.001 0.038
J-o-ztfg-ztfr 1D3 True F99 59319.02261954885 0.14177414760200316 7.468993038914467 0.038029953664687276 0.4459250505626736 0.2335857160838431 0.24907583578272027 0.025600458525486574 1.623 1.185 0.006 0.187
J-o-ztfr 1D3 True F99 59318.86257152204 0.1515051423073447 7.584473008127916 0.08676195761024434 0.2533763497185737 0.28161574012513196 0.3193773257045946 0.04934179666956164 1.191 1.127 0.208 0.282
J-o-ztfr 2D True F99 59319.02589640088 0.18103277127078618 7.4238869357858315 0.11581246371252776 0.3047698115939792 0.2866095599765746 0.20681600742138867 0.0731967545323259 0.969 0.948 0.518 0.553
J-ztfg 1D3 True F99 59318.840181564796 0.16728611208916946 7.488647447260229 0.04522515549605496 1.0279182130331748 0.45339404939868894 0.28181185174642187 0.029338802485452793 1.962 1.809 0.028 0.047
J-ztfg-ztfr 1D3 True F99 59318.969666382225 0.14556137280520914 7.473613572058568 0.04006794145266533 0.5225027597707608 0.2917801787861905 0.26430180712331963 0.026776848840653587 1.711 1.293 0.015 0.149
J-ztfg-ztfr 2D True F99 59319.14760661553 0.16623190978042368 7.447413297763623 0.04067226216632608 0.6967583989822658 0.303819785192203 0.2142255313944974 0.031824755864775185 0.937 0.913 0.553 0.588
J-ztfr 1D3 True F99 59318.78355372397 0.16326399049810458 7.554925994083735 0.10429270516503028 0.2896381714380526 0.4242937874307048 0.3065852626434769 0.05232717057784597 1.307 1.223 0.193 0.25
o  True F99 59320.75540361318 0.7170757100670194 9.023777046127922 1.9963741112929805 0.11945693648530875 0.7915299246375985 0.4930492953466961 1.2909757756757891 0.638 0.631 0.856 0.862
o-ztfg  True F99 59320.027933856676 0.29778675655935105 8.532135283909444 0.04244466143352603 0.6444760824287954 0.29110129445586747 0.17454566544811564 0.03765029892194958 0.602 0.596 0.948 0.951
o-ztfg-ztfr  True F19 59319.77905396829 0.23561190854014116 7.549072652260875 0.042059899052010456 0.6937027923809023 0.2599622962710757 0.22587446085471014 0.034219458038729736 1.306 0.947 0.09 0.567
o-ztfg-ztfr  True F99 59319.76175734452 0.21952757591262512 8.538747028888512 0.04090425690622316 0.6944676424753118 0.24549186792529334 0.19687689638353978 0.03281950930098071 0.546 0.531 0.992 0.994
o-ztfr  True F99 59319.71755050996 0.29403770550277436 7.974207465115649 0.5029613047910394 0.5734885621417776 0.3198058481895614 -0.1898875836943401 0.35566642491973716 0.556 0.55 0.976 0.978
ztfg  True F99 59319.169358097235 0.6558420510414759 10.363642690958493 3.8709891462551207 0.1860455043477009 0.5298784527373365 3.6232482781747453 5.785436820657912 0.341 0.339 0.935 0.936
ztfg-ztfr  True F19 59319.70805610501 0.25377087725218606 7.567140875594687 0.04472405876746378 0.810994916487932 0.32694714491692894 0.24950848254171976 0.042838991046011694 1.48 1.042 0.072 0.407
ztfg-ztfr  True F99 59319.702674035245 0.23703044833999173 8.55672071895302 0.04345833804943134 0.8225851179325703 0.3118447955198164 0.21816036306192998 0.04098580343150686 0.334 0.33 0.998 0.998
ztfr  True F99 59319.45892398534 0.40429391884376864 4.831494074457796 9.086233974919528 0.7684826747487804 0.5359944894685817 -2.601407006055579 7.225169436884468 0.314 0.31 0.978 0.979