bps_used variant success reddening_law t0 e_t0 x0_mag e_x0_mag x1 e_x1 c e_c rchi2_data rchi2_data_model fitprob_data fitprob_data_model
c  False F99 58932.625980911245 0.2555693023576175 7.382865905761719 5.526413801874414 0.0 -1.0 0.0 6.811498203910781 None None None None
c-o  True F19 58897.84801743242 7.378103799763681 5.907931820633619 3.1579165985295092 0.38358762259934687 6.909899323467972 0.15908950990575876 2.163833609280653 -1 -1 -1 -1
c-o  True F99 58897.852263162786 4.582560971338932 5.6719007415226415 1.9071625236014205 0.37881192619173254 4.162432404096519 0.09381291885110263 1.309309613037497 -1 -1 -1 -1
c-o-ztfg  True F19 58875.65851831272 1.4106025421952308 4.753974283102135 0.17911354981866281 -0.8315061626991996 0.6361159458001179 -0.056037070922573824 0.06789077935930406 22.539 6.362 0.0 0.0
c-o-ztfg  True F99 58893.00876853752 0.5037699637327409 6.408690702240827 0.060691055655505886 1.3920268846023074 0.42881495059389824 0.7027091964339581 0.044986149116581775 15.743 15.093 0.0 0.0
c-o-ztfg-ztfr  True F19 58875.247196970675 1.2082960050491007 4.5437554749821345 0.10949450396875889 -0.5302402360479745 0.3361297541149219 -0.11179431617605529 0.06017129783053687 0.265 0.109 0.989 1.0
c-o-ztfg-ztfr  True F99 58875.24170453256 0.8938719908083181 4.538935148247196 0.08098258878291663 -0.5552137100960599 0.219103317639681 -0.12096651621496157 0.04511285349952004 0.256 0.236 0.99 0.993
c-o-ztfr  True F19 58893.60414416204 0.5840445482315028 6.65256905204794 0.3788233006641455 2.6550758856627192 0.833518185283664 0.7011684627447867 0.2490803572227997 36.727 13.478 0.0 0.0
c-o-ztfr  True F99 58893.65288938696 0.41724300762945377 6.810512064594134 0.35951289941985637 1.9959577992035422 0.5130761776531407 0.890727569540572 0.23532068456938418 19.494 14.478 0.0 0.0
c-ztfg  True F99 58875.57598435957 1.4685923516415265 4.09021516848582 1.8036026865951282 -0.7307551928014986 3.080191010275668 -1.0800195399029344 5.549112287654636 0.288 0.286 0.592 0.593
c-ztfg-ztfr  True F19 58881.71164836992 0.0014748242556653828 5.498669074209198 0.07649463612973252 -0.6518054589494207 0.27412847029399223 0.24749445784663499 0.05424593969836208 22.273 11.014 0.0 0.0
c-ztfg-ztfr  True F99 58881.71168091125 0.0013875917255212577 5.2280956775613046 0.05960408180044761 -0.8546990919604114 0.16259741169766584 0.16983269556185165 0.044649303809533504 8.66 8.005 0.0 0.0
c-ztfr  True F99 58890.035758661914 0.9275791897017859 4.14959218940418 0.24542050432317714 -1.182160637001357 0.502496575724708 -0.903029129833891 0.1773840785502959 6.572 6.302 0.0 0.0
J 1D3 False F99 58909.94538327419 46.945735154968666 5.806726455688477 172.98969697955494 0.0 415.61722074921926 0.0 58.22301156337065 None None None None
J-c 1D3 False F99 58909.73809856243 -1.0 6.005640365570217 -1.0 -1.7940560533801915 -1.0 0.07893384723279853 -1.0 None None None None
J-c-o 1D3 True F99 58900.170001533144 0.34142915467224094 6.259443313810524 0.10757060293412884 0.5017847700521009 0.5294929098761473 0.39835176211182166 0.05783464909821764 5.13 4.225 0.006 0.015
J-c-o-ztfg 1D3 True F99 58898.747666418465 0.2290061443719823 6.482363585700691 0.05441972971119941 0.9429206557089436 0.4308839079441745 0.5535330369954722 0.03002214701120501 28.188 27.176 0.0 0.0
J-c-o-ztfg-ztfr 1D3 True F19 58874.93145699939 0.9585044046869143 4.569262650339564 0.09049999930830077 -0.4702838538926712 0.31215432319645636 -0.08175332996871337 0.04831019831744651 8.713 0.7 0.0 0.753
J-c-o-ztfg-ztfr 1D3 True F99 58874.96193338829 0.9480908462098828 4.809078649800726 0.09079951517391535 -0.4797072925481318 0.30907561853044807 -0.021543304802969728 0.048551579511410294 21.783 4.517 0.0 0.0
J-c-o-ztfr 1D3 True F99 58897.69376353819 0.20997452188683416 6.372295602219353 0.08402944185323998 2.354665874441728 0.3839456804335215 0.5287896491437979 0.04793585595532744 33.528 30.886 0.0 0.0
J-c-ztfg 1D3 True F99 58898.847425939486 0.2523434269229124 6.538622215909463 0.06575574390563484 1.5221803582005515 0.5659920732640218 0.5511279846226419 0.03347247424856483 40.696 40.003 0.0 0.0
J-c-ztfg-ztfr 1D3 True F99 58873.161768060294 0.7491459948930069 4.614978503625295 0.0661579585694347 0.03126852735477159 0.27697213747539695 -0.023242385294117762 0.03640284935114585 8.536 5.669 0.0 0.0
J-c-ztfr 1D3 True F99 58897.8050752181 0.21205240202000142 6.371129262773284 0.08660369847863925 2.522873080469787 0.41371429902085854 0.5304279714816584 0.048103523284411004 49.659 45.454 0.0 0.0
J-o 1D3 True F99 58900.47804060653 0.41959476800314516 6.223539854864935 0.1078506761555406 -1.4929599070665867 0.8964704731044957 0.3805396932011428 0.05873057727029431 1.447 1.25 0.229 0.264
J-o-ztfg 1D3 True F99 58898.68626825786 0.2306956760459216 6.438504817537179 0.055697044931789716 0.10993129018584147 0.5103428329570514 0.5360758789698211 0.030506099775498133 30.664 29.746 0.0 0.0
J-o-ztfg-ztfr 1D3 True F99 58873.400167543296 0.6833385821517652 4.57357401862085 0.06139090316918191 -0.23336068805150872 0.21867344497811572 -0.05284787713734179 0.03272691951607785 13.777 11.191 0.0 0.0
J-o-ztfr 1D3 True F99 58897.70603236621 0.21075937892829735 6.3503258453894595 0.08532130198308067 2.615329716442139 0.45063882444903164 0.5149524012586589 0.04903415419412384 37.664 34.208 0.0 0.0
J-ztfg 1D3 True F99 58898.71343757865 0.25647187386954584 6.47244491810228 0.06799793762866299 0.4151919392108351 0.6852493621832195 0.5269541235986621 0.034869000515850006 47.827 47.176 0.0 0.0
J-ztfg-ztfr 1D3 True F99 58873.16141692537 0.749272021629469 4.614821666757276 0.06615988149038182 0.03126337057285922 0.2769989155940501 -0.023369404046023 0.036403427427720916 8.529 5.667 0.0 0.0
J-ztfr 1D3 True F99 58897.85271311045 0.2135122973209094 6.332307752690344 0.0880282697050593 2.9443282613213917 0.4915081408602254 0.5080299709801358 0.04920006137672255 59.271 52.905 0.0 0.0
o  True F99 58897.82927122003 6.454129111635307 5.503000250125417 20.97152249311889 0.3951921346814899 5.49231292615643 -0.014014470053117387 13.419192007299264 -1 -1 -1 -1
o-ztfg  True F99 58893.30433394768 0.5478281265049765 6.397351272260524 0.0603961550788533 0.9026327056372012 0.4758558757056468 0.6831722360805066 0.045086727949540197 17.535 16.919 0.0 0.0
o-ztfg-ztfr  True F19 58875.24028182819 1.2073163577933068 4.779127977498733 0.10933526572183977 -0.5318523677786986 0.33539313754122935 -0.054622421990662626 0.06006287715193295 17.456 5.192 0.0 0.0
o-ztfg-ztfr  True F99 58875.24171077383 0.8938732623442038 4.538936661599969 0.08098264288984072 -0.5552118256849041 0.21910371047304333 -0.12096603884712645 0.04511288752734245 0.256 0.236 0.99 0.993
o-ztfr  True F99 58896.16603059792 0.3669732730849702 4.95210195074631 1.18250176961344 8.11897798533285 1.5135255940722856 -0.45588650589226354 0.8474367698761643 28.81 8.997 0.0 0.0
ztfg  True F99 58875.575984359515 1.4685923573197854 4.09021516848582 1.803602703329431 -0.7307551928014986 3.080191028466333 -1.0800195399029344 5.5491123411542365 0.288 0.286 0.592 0.593
ztfg-ztfr  True F19 58875.285864180274 1.3149229451532891 4.799873291047625 0.14178632736917438 -0.48053872682411475 0.35898608974197493 -0.04283791747037754 0.08214766139838016 17.382 6.227 0.0 0.0
ztfg-ztfr  True F99 58875.2731047246 1.0457042195056039 4.5620764175541275 0.10747621278063135 -0.4880714020572324 0.23831736769175868 -0.10881207925297734 0.06383878510940891 0.26 0.246 0.969 0.974
ztfr  True F99 58889.846617893025 0.5999074764030857 -4.632818465294395 3.969443875737937 0.8935531534921561 0.9206409803054314 -7.832476511107648 3.335559329768998 6.565 6.266 0.001 0.002