bps_used variant success reddening_law calibration DM e_DM st e_st Tmax e_Tmax dm15 e_dm15 EBVhost e_EBVhost rchi2_data rchi2_data_model fitprob_data fitprob_data_model
c-o  True O94 0 36.52975666972552 0.3292360894339097 0.9297547854809252 0.0507890936660467 59273.05551702632 0.46225770314532433 None None 0.40510843280345843 0.27550977531708576 0.393 0.388 0.925 0.928
c-o  True F19 6 36.611254674933015 0.2764633547934021 0.9297267374330158 0.050779373574575494 59273.05598670372 0.4621937027591021 None None 0.3641000288445665 0.27802756128479195 0.393 0.388 0.925 0.928
c-o-ztfg  True F19 6 36.90459972202605 0.09606352304417834 0.8008407772098372 0.04180384468595472 59272.599365131784 0.3806084695041502 None None -0.08812198368322686 0.06617769587378203 0.654 0.647 0.88 0.887
c-o-ztfg-ztfr  True O94 0 36.8056295811145 0.09181919062304987 0.8463283913964735 0.03721165794494433 59272.581777005194 0.3808239427366448 None None 0.021896515904639424 0.06643312694947369 0.796 0.784 0.803 0.82
c-o-ztfg-ztfr  True F19 6 36.82159700270536 0.08861841483045771 0.8467815084177732 0.03577204181171393 59272.572601873515 0.37271733671619883 None None -0.016802678314872088 0.06433824630707043 0.731 0.719 0.882 0.894
c-o-ztfr  True F19 6 36.89340383210835 0.21544531655830942 0.8790845637403468 0.036468412747211916 59272.64235661732 0.3986413515110529 None None -0.048035131735661936 0.20637968652420086 0.657 0.646 0.89 0.9
c-ztfg-ztfr  True F19 6 36.69550493089872 0.08813226472782132 0.8124033755614956 0.03479600091843012 59272.346531448566 0.36046737615035057 None None 0.022072950954361823 0.06319082584052874 0.468 0.457 0.99 0.992
J-asg-c-o-ztfg-ztfr 1D3 True F19 6 37.00296338051365 0.09635745395789613 0.8566854670764221 0.04395678642193566 59272.6043067092 0.42506303318404653 None None -0.13390450586500077 0.06693554682170602 2.206 2.154 0.0 0.0
J-c-o 1D3 True O94 0 37.10166711979468 0.10624584599908198 0.8622719524998635 0.06266837561940417 59272.585671867215 0.5332227386503547 None None -0.1590727910857615 0.09209402105400634 0.988 0.949 0.455 0.491
J-c-o 1D3 True F19 6 37.12695059369781 0.10427100259742163 1.1889927533810383 0.09194476644490854 59271.691622123864 0.9460924563793055 None None 0.1089989954270983 0.13495902280297198 1.233 1.185 0.258 0.291
J-c-o-ztfg 1D3 True F19 6 37.004850882319744 0.09580531265295333 0.7879649942034294 0.04455240379986296 59272.49311194153 0.38711316990950856 None None -0.15485536779461348 0.06380021480650155 0.87 0.847 0.645 0.678
J-c-o-ztfg-ztfr 1D3 True O94 0 37.00014469140303 0.09032844691796424 0.853386071283366 0.039603228102028896 59272.442187640976 0.39288541084598433 None None -0.08195709847836365 0.0665105691659807 1.444 1.374 0.034 0.058
J-c-o-ztfg-ztfr 1D3 True O94 1 37.03219125539081 0.0909663267642265 0.8492176671212464 0.03933049639652846 59272.448500865634 0.3899026065179147 None None -0.08692759166994812 0.06577387496015163 1.367 1.304 0.061 0.094
J-c-o-ztfg-ztfr 1D3 True O94 2 36.9972878443332 0.09270258195378477 0.8344337336024831 0.04086614815490621 59272.43664175905 0.39317546662584846 None None -0.09689652815561005 0.06722727152528912 1.521 1.443 0.018 0.034
J-c-o-ztfg-ztfr 1D3 True O94 3 37.00876818567691 0.09071846859953014 0.8514074136423073 0.0389045591925161 59272.44023088655 0.3885037343874129 None None -0.093699457088729 0.06548020038311064 1.314 1.254 0.088 0.13
J-c-o-ztfg-ztfr 1D3 True O94 4 37.00973619639559 0.09091175033353043 0.8505380481378852 0.039159492610856585 59272.440182674116 0.38948092527540296 None None -0.09223151822679079 0.06560537476205952 1.347 1.284 0.07 0.107
J-c-o-ztfg-ztfr 1D3 True O94 5 37.0107724562408 0.09304409684786272 0.8311850461669325 0.04010217926440701 59272.43667336253 0.3884056661713015 None None -0.10420564475083727 0.06620257683351448 1.375 1.309 0.058 0.091
J-c-o-ztfg-ztfr 1D3 True F19 6 36.97929017280796 0.09055077848066118 0.8532985039729954 0.03867127968121536 59272.42370072397 0.38796194005668827 None None -0.11351265194075828 0.06423405704853379 1.291 1.227 0.103 0.154
J-c-o-ztfg-ztfr 1D3 True F99 6 36.972287837642085 0.0914324181789456 0.876078208619081 0.04062052749135129 59272.26947660378 0.40883509814455293 None None -0.08813319726649368 0.06606278064045136 1.569 1.463 0.012 0.03
J-c-o-ztfg-ztfr 1D3 True O94 6 36.98234163875147 0.09217259411013091 0.8578257993201254 0.04007498646312759 59272.41460826494 0.3977380982355322 None None -0.11080840168339996 0.06537658571077502 1.391 1.316 0.051 0.087
J-c-o-ztfg-ztfr 1D3 True O94 7 36.990989079318936 0.09090136943969182 0.8658127475581165 0.038710955004502196 59272.42495271595 0.39289305154066984 None None -0.11929184767823618 0.06492415411783728 1.395 1.325 0.05 0.082
J-c-o-ztfg-ztfr 1D3 True O94 8 36.93884071919747 0.08935998114871134 0.8698773449686045 0.03914903759884486 59272.40094761613 0.39692250837961374 None None -0.11505135272448619 0.06616112872494978 1.502 1.417 0.021 0.042
J-c-o-ztfg-ztfr 1D3 True O94 9 36.98326693722954 0.09049224234531952 0.8681636175489587 0.03865588988960939 59272.421197278614 0.3935178414119655 None None -0.11804985676211861 0.06515245203386727 1.405 1.333 0.046 0.078
J-c-o-ztfg-ztfr 1D3 True O94 10 37.108555924490446 0.09471353266576905 None None 59272.458723809854 0.4456513943185586 1.0641926859846849 0.06384537567671694 0.0005260761957217328 0.0655193452778351 2.066 1.833 0.0 0.001
J-c-o-ztfg-ztfr 1D3 True O94 11 37.12520334267982 0.09504589129099685 None None 59272.457801529636 0.44601268569584174 1.0635481228149315 0.06384722847774542 -0.0031197972746519424 0.06541674728176412 2.075 1.842 0.0 0.001
J-c-o-ztfg-ztfr 1D3 True O94 12 37.14540939861212 0.09483542445124929 None None 59272.437122913405 0.4461111555897013 1.0612571329989777 0.06379148875193447 -0.0007335727672587153 0.0653976380073824 2.068 1.841 0.0 0.001
J-c-o-ztfg-ztfr 1D3 True O94 13 37.09685923803524 0.09564463911786085 None None 59272.45931805544 0.4390099527052905 1.065162053797491 0.06354964431388213 -0.017678210715161017 0.06480019843247166 1.907 1.692 0.001 0.004
J-c-o-ztfg-ztfr 1D3 True O94 14 37.08856511313277 0.09510415598265468 None None 59272.44520105119 0.444447843804887 1.062926053761934 0.06375432906748998 -0.01605498253895372 0.06543269076921582 2.031 1.806 0.0 0.002
J-c-o-ztfg-ztfr 1D3 True O94 15 37.14879243901541 0.09607947515417443 None None 59272.442983433626 0.44073295909366517 1.0611433744604917 0.0635233006701543 -0.017871434516626223 0.06470341248128984 1.945 1.733 0.0 0.003
J-c-o-ztfr 1D3 True F19 6 37.07845314720595 0.09573829068778819 0.8631687739570234 0.03618248517791093 59272.51799814541 0.39218947944225496 None None -0.24144219202680986 0.0696662288167427 0.623 0.603 0.931 0.944
J-c-ztfg-ztfr 1D3 True F19 6 36.96995217065982 0.09346779587029139 0.83785422992321 0.04096901646039337 59272.089308983 0.40074093387475684 None None -0.12366614431509598 0.06472834840615745 1.424 1.343 0.065 0.103
J-o-ztfg-ztfr 1D3 True F19 6 36.96725096087129 0.08731507138974448 0.8751250353864856 0.037707576598554435 59272.52604842451 0.3899241955212148 None None -0.07753582156222946 0.06370695735170795 1.074 1.013 0.348 0.448
J-ztfg-ztfr 1D3 True O94 0 36.94406411898418 0.09227431165188567 0.8674568513531948 0.04107459174638344 59272.40456035604 0.4060918089276288 None None -0.022548935576789993 0.06651984958414592 1.335 1.249 0.111 0.171
J-ztfg-ztfr 1D3 True F19 6 36.959046903067936 0.08977995736475398 0.8687308535585637 0.03982473516840843 59272.41007773521 0.3990769018113349 None None -0.07605360448614094 0.06439023771132034 1.262 1.182 0.16 0.232
o-ztfg-ztfr  True F19 6 36.81870138129707 0.08573169529550047 0.8681649862908757 0.0342594637592635 59272.59479233614 0.3662797485485548 None None 0.008763041558925424 0.06324068364408848 0.511 0.502 0.993 0.994
ztfg-ztfr  True O94 0 36.66474802874714 0.08734993990855627 0.8434116583291599 0.032468178434287384 59272.535219678226 0.3535800066071331 None None 0.09551215937711387 0.06196796329188207 0.205 0.2 1.0 1.0
ztfg-ztfr  True F19 6 36.70278016926422 0.0839454599294996 0.8434099291847188 0.03220244950221526 59272.535445718895 0.35209215151455736 None None 0.052001767191441915 0.06154488445163002 0.205 0.2 1.0 1.0