bps_used variant success reddening_law t0 e_t0 x0_mag e_x0_mag x1 e_x1 c e_c rchi2_data rchi2_data_model fitprob_data fitprob_data_model
c  True F99 59274.088542160694 2.789071102258155 6.984667838715987 0.32650864328286516 -1.6573213394937572 1.4745038616667143 -2.8164253217639077 3.119862899139766 -1 -1 -1 -1
c-o  True F19 59272.704459854715 0.48968845698410346 7.633779444957156 0.3724711183038999 -0.7680142739701109 0.6492581553407648 0.23324191476812134 0.24315986644278412 1.028 0.784 0.416 0.645
c-o  True F99 59272.67924787404 0.4408877737804172 8.625878885483916 0.341275684449951 -0.8242262744450171 0.6159719101738539 0.19274765754134907 0.22283667462823178 0.697 0.686 0.728 0.738
c-o-ztfg  True F19 59272.60387264323 0.25494774293358946 7.171136583657051 0.04220944689947911 -1.50353757205131 0.2956296064385828 -0.06419854034871958 0.04080980075248999 0.93 0.693 0.561 0.864
c-o-ztfg  True F99 59272.59434649328 0.23667696307438774 8.192157278506823 0.041065873779912304 -1.522800614616782 0.27249309277326356 -0.08727418458561903 0.038217681296723774 0.464 0.457 0.988 0.989
c-o-ztfg-ztfr  True F19 59272.53924191126 0.17812753644208876 7.108714624910396 0.04024637914235193 -1.4427458535158575 0.20035763006108287 -0.03821617251754021 0.033456401408021086 0.612 0.442 0.976 0.999
c-o-ztfg-ztfr  True F99 59272.530477350825 0.16020504426798343 7.108638694773902 0.03908385218527638 -1.4661511097966726 0.18122493867335768 -0.042270793512693215 0.031874738178726804 0.612 0.555 0.976 0.991
c-o-ztfr  True F19 59272.49551486234 0.23078949061244677 7.366550748271438 0.21792967598965143 -1.2788335889762044 0.2657363136588072 0.10198346970812004 0.15085541084034487 1.166 0.773 0.252 0.792
c-o-ztfr  True F99 59272.4917275576 0.20089994004774148 8.368186517893724 0.19211208576454397 -1.3186744885566428 0.23928668639440456 0.06565590969981969 0.1329487611976493 0.82 0.725 0.73 0.848
c-ztfg  True F99 59272.44136254657 0.28637017298870876 8.174182388681341 0.07215977346534436 -1.7913762233715032 0.40429823777124785 -0.09578062305231444 0.3043610690962686 0.271 0.267 0.997 0.997
c-ztfg-ztfr  True F19 59272.472926580725 0.18742041698618905 7.187280928513532 0.040863530000335956 -1.6259508835758658 0.20879375902948435 0.01278845488825019 0.03872667764054957 0.881 0.595 0.656 0.964
c-ztfg-ztfr  True F99 59272.47387042123 0.16765225662790226 7.108978648847419 0.03960964689950899 -1.6408322087266152 0.18613187058830988 -0.008506065419312283 0.036654877206690306 0.411 0.401 0.998 0.999
c-ztfr  True F99 59272.39271480032 0.22035258088544452 8.464159057189896 0.24331607265472138 -1.5109253311721296 0.2460296884389854 0.17365100145216114 0.17549033393149402 0.545 0.532 0.932 0.939
J 1D3 False F99 59272.041439776425 7.0736867918423085 7.8039988508149225 57.769787175774375 -16.8444222567547 18.079766746331753 -0.09600408552477056 20.298009253342254 None None None None
J-c 1D3 True F99 59271.87651732917 0.7790475213707782 6.901416003368988 0.30268914598507196 -2.5818418721773666 0.5862314175873827 -0.19564574126792358 0.11724153757264129 0.606 0.363 0.658 0.835
J-c-o 1D3 True F99 59272.68152334487 0.3562635312297316 7.035092774374567 0.10702792600992891 -1.5171410117004656 0.4028254949372694 -0.1349838089460978 0.05769915121860825 0.831 0.795 0.627 0.666
J-c-o-ztfg 1D3 True F99 59272.5550101335 0.22403081006282963 7.068497967066616 0.036799011223945466 -1.573688154737792 0.2649873523015347 -0.124912672744808 0.026878870520596006 0.639 0.546 0.925 0.973
J-c-o-ztfg-ztfr 1D3 True F19 59272.552205552245 0.1778033052873163 7.078718885651437 0.036077517566042216 -1.4365273063536685 0.20151576727496892 -0.07592690470783002 0.026573012747540183 0.94 0.512 0.585 0.997
J-c-o-ztfg-ztfr 1D3 True F99 59272.55153120141 0.17775434143139046 7.158236369339653 0.036126320493998214 -1.43707821670574 0.20145442601572208 -0.05591878267152288 0.026614556939440242 1.258 0.73 0.117 0.908
J-c-o-ztfg-ztfr 1D3 True O94 59272.55150722576 0.17771853644041533 7.158221662570162 0.03611941047708291 -1.4370543276929468 0.20141804901066507 -0.05592979411625654 0.026605748110959393 1.296 0.756 0.09 0.881
J-c-o-ztfr 1D3 True F99 59272.55831187214 0.18785535595171066 6.922253353923116 0.07966655780670076 -1.5465843804744839 0.2111177188525484 -0.1808922429493867 0.04933126429683575 0.973 0.854 0.507 0.694
J-c-ztfg 1D3 True F99 59272.416908270694 0.2594585155554983 7.062663158278542 0.03803443926179091 -1.7775234843139645 0.2990579574569797 -0.15026977903888974 0.03201399977070967 0.319 0.314 0.996 0.997
J-c-ztfg-ztfr 1D3 True F99 59272.48739617146 0.16812957361540404 7.0554082695432 0.03430323616285534 -1.5991184822272142 0.19003396542209516 -0.0904495508209257 0.02545602324593389 1.233 0.737 0.165 0.868
J-c-ztfr 1D3 True F99 59272.526374553374 0.20298595951782544 6.858999849342664 0.08400608122974053 -1.7696410592735878 0.22001997358761183 -0.2017691963232499 0.050187161554402365 0.94 0.836 0.534 0.672
J-o 1D3 True F99 59272.477618647754 0.42187982999683427 6.957640122956368 0.11135998219913695 -0.22896968803714557 0.6763146612434153 -0.20024900551246455 0.061859700592765694 0.483 0.475 0.887 0.893
J-o-ztfg 1D3 True F99 59272.58357326459 0.23105958352734382 7.079268644916441 0.037871336526288886 -1.3572151848166976 0.31984928903912047 -0.12133122108829722 0.027044366731912763 0.653 0.532 0.894 0.967
J-o-ztfg-ztfr 1D3 True F99 59272.49600295088 0.1638892024318978 7.070781750917093 0.03431335162408804 -1.3130584139143615 0.20124395607111895 -0.0939015245240373 0.02446020880039565 1.043 0.689 0.395 0.932
J-o-ztfr 1D3 True F99 59272.39791013299 0.20377323012039167 6.907062548611824 0.08655971424317829 -1.179300181248311 0.24068510498758527 -0.19431673730474963 0.05480908087814482 0.6 0.564 0.945 0.963
J-ztfg 1D3 True F99 59272.47498365365 0.2669668572116862 7.0700784723896115 0.03955855169306367 -1.6455038801686481 0.366138884531267 -0.1493045705795857 0.032239632696350565 0.306 0.302 0.991 0.992
J-ztfg-ztfr 1D3 True F99 59272.4713902437 0.17404440415564823 7.068318577476948 0.03471352753924333 -1.4535221942180976 0.2105849284947377 -0.0791382900855159 0.02558680538162372 1.0 0.604 0.466 0.957
J-ztfr 1D3 True F99 59272.33962120445 0.2225209210558823 6.807079731435044 0.09035622466751515 -1.4194268532864387 0.2561470431580948 -0.24308115323587362 0.055397875999181195 0.528 0.515 0.934 0.941
o  True F99 59272.85481353971 0.5937820970261918 9.632318708978183 2.1345668609930413 -0.5403571230782469 0.7549881992368871 0.8394648005186379 1.355205173678686 0.347 0.339 0.912 0.917
o-ztfg  True F99 59272.625082553306 0.2456311148768197 8.205737169306683 0.04246602474990809 -1.2793869261694262 0.32780790195175535 -0.08056337421606544 0.038644927781718734 0.412 0.406 0.99 0.991
o-ztfg-ztfr  True F19 59272.5037155172 0.18385340668140962 7.192071483678417 0.04024617660853981 -1.2917228281949962 0.21890789435972288 -0.019990313883389316 0.033305803918887066 0.993 0.68 0.482 0.93
o-ztfg-ztfr  True F99 59272.498172553715 0.16591633311574924 8.212632362907794 0.03905351028863731 -1.3169303088381668 0.19947367632841162 -0.04337012349908406 0.03179986219485128 0.554 0.503 0.987 0.995
o-ztfr  True F99 59272.36784109914 0.21319808893607084 7.596269544447442 0.5365937166343615 -1.2077880289672152 0.24437660844931 -0.49156565846307165 0.3900546065373694 0.578 0.563 0.945 0.953
ztfg  True F99 59272.19651614405 0.5136588624222097 8.614797839000842 1.0061669401988143 -1.992840465055012 0.6249808355136864 1.2134270204176303 2.337281607829778 0.184 0.182 0.997 0.998
ztfg-ztfr  True F19 59272.45101155699 0.19371180322718332 7.191832433196076 0.040904625402260114 -1.4892336478501755 0.23041641261007512 0.011526543425569703 0.03853588368110883 0.861 0.582 0.671 0.958
ztfg-ztfr  True F99 59272.45314030835 0.17404523882021983 8.212800402271792 0.03962418906605192 -1.509700492831981 0.20671379192526365 -0.010419947835498275 0.03659156746906538 0.359 0.35 0.999 0.999
ztfr  True F99 59272.45486032851 0.34197480315408196 9.418377163171495 4.118056530484564 -1.435312825928237 0.2577823893039684 0.8624149540582059 2.9547498065409483 0.523 0.509 0.912 0.921