bps_used variant success reddening_law calibration DM e_DM st e_st Tmax e_Tmax dm15 e_dm15 EBVhost e_EBVhost rchi2_data rchi2_data_model fitprob_data fitprob_data_model
c-o  True O94 0 36.87035836057386 0.12305363460297532 1.1043248597138697 0.05347260706447677 59321.66353576677 0.44662692011970295 None None -0.05273839169939922 0.07101003669207025 0.912 0.879 0.571 0.616
c-o  True F19 6 36.87322723006995 0.10863939121328542 1.1043193244453187 0.05349993619600836 59321.66465064341 0.4467335290217532 None None -0.08498657664879261 0.07050120895440243 0.913 0.88 0.57 0.614
c-o-ztfg  True F19 6 36.838941980458934 0.09155620127670897 1.1154753614843245 0.04411868718725093 59321.069355350264 0.36354868282794234 None None -0.07966004145555308 0.06273986374217294 0.937 0.878 0.59 0.698
c-o-ztfg-ztfr  True O94 0 36.80175638055164 0.09016321700222528 1.1304692264821121 0.040976191427800374 59321.15283653621 0.36385358412874236 None None -0.03352558115382325 0.06295781995826982 0.943 0.866 0.614 0.783
c-o-ztfg-ztfr  True F19 6 36.80941308422987 0.08558069033542817 1.1184034979860773 0.03876956135593211 59321.16266747711 0.3614988165507838 None None -0.06446427955101806 0.06157525256384116 0.972 0.902 0.544 0.708
c-o-ztfr  True F19 6 36.76871851710562 0.09259351513389527 1.1000170271155914 0.039544844737307426 59321.56398372569 0.40095836587400296 None None -0.03568835765732839 0.06536900719718057 0.901 0.837 0.67 0.785
c-ztfg-ztfr  True F19 6 36.772822186821365 0.09305966579281821 1.1341188634069213 0.04782310787231201 59321.25285477952 0.3720377518768482 None None -0.03389604746937336 0.0630778488450249 1.552 1.421 0.005 0.021
J-c-o 1D3 True O94 0 36.83233752258807 0.10367600226007023 1.110748300440517 0.04363575130754125 59321.59803443631 0.4112671914253969 None None -0.03157432466908522 0.06710430899893635 0.789 0.758 0.756 0.793
J-c-o 1D3 True F19 6 36.786331303197905 0.10089110519928837 1.0965761839448638 0.045165996739833944 59321.437911548004 0.41501116344467853 None None -0.03899272663821444 0.06429445222651713 0.99 0.943 0.476 0.542
J-c-o-ztfg 1D3 True F19 6 36.79382247072747 0.09108184735074588 1.1043005063510165 0.04303361900258773 59321.09258003823 0.3688573269013818 None None -0.062153437959687044 0.06225189969486909 1.22 1.145 0.143 0.23
J-c-o-ztfg-ztfr 1D3 True O94 0 36.8143131418708 0.09307092082686302 1.115055649754823 0.03573859955687798 59321.25846162019 0.3570741621454615 None None -0.03995532529074038 0.06180609782866036 0.862 0.78 0.799 0.922
J-c-o-ztfg-ztfr 1D3 True O94 1 36.846974175728306 0.21099654722902145 1.1171241121854147 0.03600002844482664 59321.24792067613 0.3571060422254938 None None -0.04639247731391766 0.0618103723702964 0.86 0.779 0.804 0.923
J-c-o-ztfg-ztfr 1D3 True O94 2 36.827144420087826 0.0957903551089487 1.1169259000566463 0.03640036043834219 59321.26137279113 0.35723928371554897 None None -0.04102782356095575 0.06199124131834182 0.863 0.78 0.797 0.921
J-c-o-ztfg-ztfr 1D3 True O94 3 36.836250055459246 0.10234837113514728 1.116957709376184 0.03599377769445132 59321.239648457595 0.357323321448401 None None -0.05219899518787235 0.061636309291976714 0.868 0.787 0.787 0.913
J-c-o-ztfg-ztfr 1D3 True O94 4 36.8370192357286 0.10206395524256337 1.1170973493222436 0.036074334231203854 59321.243223578196 0.35726498833883147 None None -0.05227050784697538 0.06170971420611895 0.866 0.785 0.791 0.916
J-c-o-ztfg-ztfr 1D3 True O94 5 36.85555567420069 0.09223723741900415 1.1201482338549311 0.036639540067450564 59321.24196521184 0.3572996788505651 None None -0.05495144351750592 0.062003154549954205 0.86 0.78 0.802 0.921
J-c-o-ztfg-ztfr 1D3 True F19 6 36.79125353368351 0.08861961579249361 1.1126630212141992 0.03797555086036116 59321.202628264415 0.3625012984029281 None None -0.05722579874436373 0.06140378081518773 1.09 1.011 0.278 0.453
J-c-o-ztfg-ztfr 1D3 True F99 6 36.79203693900695 0.08817326846053876 1.1121664635267825 0.03912043290119319 59321.213565463935 0.3662534674108978 None None -0.05846197602655461 0.06146100900685043 1.079 0.998 0.3 0.482
J-c-o-ztfg-ztfr 1D3 True O94 6 36.79183586208703 0.0892634158475489 1.1125372033712226 0.0392479293592329 59321.20501335875 0.36648431333587517 None None -0.057706360194991965 0.061674605749056914 1.088 1.008 0.282 0.459
J-c-o-ztfg-ztfr 1D3 True O94 7 36.7976440157618 0.08540551836393769 1.1145162924802159 0.036238817841121554 59321.213373260216 0.3400034689734746 None None -0.062398196242069895 0.0611249013742241 0.875 0.808 0.772 0.886
J-c-o-ztfg-ztfr 1D3 True O94 8 36.77167477734943 0.08418902106805676 1.1139151632239743 0.03620806277419782 59321.21744294615 0.34000341580707694 None None -0.06656519462711666 0.061246095857992 0.87 0.803 0.782 0.893
J-c-o-ztfg-ztfr 1D3 True O94 9 36.79312084818606 0.08527113219663832 1.1150574053614206 0.036257923478712636 59321.209383571906 0.3400035115572142 None None -0.06204490206713355 0.06114477499768278 0.874 0.807 0.773 0.887
J-c-o-ztfg-ztfr 1D3 True O94 10 36.87555138201689 0.08874373035508135 None None 59320.731243222326 0.36019261875233427 0.7958353976846666 0.061068899364372334 -0.08241063305517941 0.06091510445744126 0.713 0.618 0.971 0.996
J-c-o-ztfg-ztfr 1D3 True O94 11 36.88162112366253 0.0888513575106022 None None 59320.72417385156 0.3603151264017721 0.7958269487033698 0.06107045615735807 -0.0833127648261306 0.06090491922992445 0.715 0.619 0.971 0.996
J-c-o-ztfg-ztfr 1D3 True O94 12 36.85689235632682 0.08896412934883274 None None 59320.70364839128 0.36132355706710656 0.7958617162110698 0.061116610902950244 -0.08346168955346027 0.06093495130849276 0.73 0.634 0.962 0.994
J-c-o-ztfg-ztfr 1D3 True O94 13 36.91619670491482 0.0892979348925278 None None 59320.72274886815 0.36138654475875487 0.7956678725647951 0.06114282236872254 -0.08892300089111703 0.06086588887337776 0.732 0.634 0.961 0.994
J-c-o-ztfg-ztfr 1D3 True O94 14 36.88907379209219 0.08887601185718702 None None 59320.767329684524 0.36074294395319434 0.7957633357609973 0.06112020980402478 -0.08554223186426163 0.06088856572870243 0.721 0.622 0.967 0.996
J-c-o-ztfg-ztfr 1D3 True O94 15 36.88764427593754 0.08972997826059131 None None 59320.683041389486 0.3628881652858484 0.7956702526877606 0.06116957706399102 -0.09244184142034369 0.06091182020538051 0.767 0.668 0.933 0.988
J-c-o-ztfr 1D3 True F19 6 36.7493682254242 0.08895018705509936 1.1006378569352455 0.037258470663775814 59321.51556001734 0.3839453338042742 None None -0.023691179275687112 0.06301548288247802 0.843 0.783 0.785 0.874
J-c-ztfg-ztfr 1D3 True F19 6 36.75704364597362 0.09113735875569705 1.1225570040921744 0.04387131244965951 59321.312067900755 0.3717190614396814 None None -0.03168918194685401 0.06232300560028846 1.608 1.466 0.002 0.011
J-o-ztfg-ztfr 1D3 True F19 6 36.800379525810904 0.08374742180641952 1.1097491306269691 0.035294023904934434 59321.02074882731 0.35708976975580486 None None -0.06864143563044671 0.06090288191955159 0.628 0.584 0.993 0.997
J-ztfg-ztfr 1D3 True O94 0 36.761794532096395 0.08499578473714 1.1081903626720575 0.034581717147789674 59321.124981290464 0.3537920047473878 None None -0.022122405497020516 0.06137161433637989 0.461 0.41 1.0 1.0
J-ztfg-ztfr 1D3 True F19 6 36.769249628032334 1.3862022248645531 1.1201783525356437 0.034610313343289935 59321.08160281241 0.3509203389841195 None None -0.048574283087957214 0.06065557451743612 0.413 0.375 1.0 1.0
o-ztfg-ztfr  True F19 6 36.82537259985368 0.08386107451146467 1.1140203368312511 0.036448852289175104 59321.02990959985 0.3584409840359515 None None -0.08094146213610864 0.061140092248069634 0.642 0.598 0.988 0.995
ztfg-ztfr  True O94 0 36.75189605174835 0.08466406323734608 1.1271327981120616 0.03754095174103564 59321.07179073519 0.3544204613726977 None None -0.0158417613266967 0.0618354609681861 0.436 0.396 1.0 1.0
ztfg-ztfr  True F19 6 36.78049830486084 0.1100269090995617 1.1271610580235683 0.0363314676312418 59321.07242121848 0.35193006174848845 None None -0.051822071270865536 0.06093871608139303 0.436 0.396 1.0 1.0