bps_used variant success reddening_law t0 e_t0 x0_mag e_x0_mag x1 e_x1 c e_c rchi2_data rchi2_data_model fitprob_data fitprob_data_model
c-o  True F19 59321.9828315551 0.32220261269468264 6.8153191445062475 0.05444946279213743 1.3300672837906955 0.3105858545746142 -0.15026695624648573 0.05172057835438837 3.59 1.749 0.0 0.018
c-o-ztfg  True F19 59321.895505121756 0.1426512943453939 6.844859898094656 0.02708637371732834 1.1628096737913793 0.17552142440305207 -0.11747824625076421 0.03013097805956178 3.712 1.652 0.0 0.005
c-o-ztfg-ztfr  True F19 59321.81804333809 0.12448635719336325 6.72363708403339 0.025408586349643006 1.1480731978399388 0.1506556269372459 -0.124706480058961 0.023655251694335085 0.577 0.389 0.997 1.0
c-o-ztfr  True F19 59321.72958341601 0.1992598666885275 6.841776952266189 0.04766366800846259 1.1912554778162014 0.2127114361625644 -0.10545299090149048 0.04036947521242694 3.025 1.455 0.0 0.029
c-ztfg-ztfr  True F19 59321.83342622586 0.1261592588383426 6.862866104082931 0.02637395001984623 1.1486538534655903 0.1582987769307609 -0.0707886478701365 0.02788313919048029 3.808 1.643 0.0 0.004
J-c-o 1D3 True F99 59321.055228912744 0.21609427054551902 6.789045643531567 0.04002616839566499 0.7914452965240076 0.24620271433693633 -0.06033210408291125 0.03237134962080112 1.884 1.585 0.004 0.03
J-c-o-ztfg-ztfr 1D3 True F19 59321.756836602544 0.12341559825656047 6.732419254820027 0.02476635880418089 1.1213146957767202 0.15009653212353063 -0.11139218989742983 0.021931929830806406 1.319 0.501 0.041 1.0
J-c-o-ztfg-ztfr 1D3 True F99 59321.75378941431 0.1234435984591255 6.863162295904351 0.024812008810753086 1.1189117335265482 0.15007091475255233 -0.07918832582354379 0.02198300128790196 3.791 1.475 0.0 0.007
J-c-o-ztfg-ztfr 1D3 True O94 59321.75365831181 0.123409866166449 6.863162379535444 0.024801387684147483 1.1188308982936537 0.15003133180917994 -0.07919261331540428 0.02196689480729639 3.981 1.551 0.0 0.003
J-o-ztfr 1D3 True F99 59321.19079355124 0.17728024151366198 6.920909412065431 0.0843110752395712 0.7566876490110199 0.21307210490875092 0.02236590531446659 0.05631128630455989 1.303 1.195 0.1 0.19
J-ztfg-ztfr 1D3 True F99 59321.61602418755 0.11738347804167999 6.748831347349871 0.027428319821341956 0.9534427726592886 0.15517956611251438 -0.07351205845041715 0.023267675575323082 1.427 1.185 0.036 0.192
o-ztfg-ztfr  True F19 59321.79502672059 0.1348268148539806 6.853955543396486 0.028782987791643413 1.0940965436410084 0.1640278387425887 -0.09350763851157143 0.024409325953843652 3.058 1.363 0.0 0.039
ztfg-ztfr  True F19 59321.812574648684 0.13683961212718065 6.860001482734201 0.029523844394888664 1.0929185597612006 0.1740064945506824 -0.07287358421959375 0.028234618572482054 3.481 1.473 0.0 0.03