bps_used variant success reddening_law t0 e_t0 x0_mag e_x0_mag x1 e_x1 c e_c rchi2_data rchi2_data_model fitprob_data fitprob_data_model
c  True F99 59320.15861559856 0.24585204072801628 3.7676024073219017 0.3886479385196652 -0.615217552219652 0.19212485855984068 0.1713921786476718 0.4129200910923305 34.705 2.253 0.0 0.046
c-o  True F19 59320.2835072758 0.13243346182915217 2.5159631825382776 0.06418824261255043 -0.5729476197939195 0.10188118452641416 0.014886013383197925 0.04834454515569491 22.212 0.191 0.0 1.0
c-o  True F99 59320.28377461202 0.13243610514682838 2.515815963499092 0.0641911241917531 -0.5727312517872388 0.10187591552913376 0.012700301609157985 0.04834847982315699 22.21 0.191 0.0 1.0
c-o-ztfg  True F19 59320.1079787925 0.07949847297721085 2.651761539418412 0.028086761466975585 -0.6232381903131439 0.07370674415504333 0.08612637650575299 0.026506743896965338 73.72 0.734 0.0 0.905
c-o-ztfg  True F99 59320.258315725696 0.027334899500905077 3.6759113994689603 0.023145872119711693 -0.6338601919867606 0.024657692338395733 0.05989483211563083 0.022819363951307497 21.584 2.332 0.0 0.0
c-o-ztfg-ztfr  True F19 59320.092694171966 0.07124503803448445 2.5876010460423937 0.02690605974600218 -0.6294102015346701 0.06486444797051374 0.07187252429152144 0.02252635907034734 17.438 0.253 0.0 1.0
c-o-ztfg-ztfr  True F99 59320.23891845731 0.024979417214643876 2.5816580453468765 0.022051246759365376 -0.6465579777058637 0.022677068636887784 0.06730552401359317 0.019446927370955512 16.852 1.865 0.0 0.0
c-o-ztfr  True F19 59320.17172150209 0.10277327469055043 2.599681225157784 0.06051596568347292 -0.599935351181814 0.08242045959447815 0.04990750407832028 0.04327536826851365 58.573 0.466 0.0 0.999
c-o-ztfr  True F99 59320.3148154747 0.030226666000462938 3.631778676023141 0.039391545943390574 -0.6201746216175519 0.026061610015966193 0.030780665040037576 0.03061144224529184 15.904 1.865 0.0 0.001
c-ztfg  True F99 59320.10694710952 0.0400139588806131 3.73958882560223 0.0381669292784828 -0.7312362541285418 0.04890796396319485 0.1612655349770348 0.04851234212538483 8.131 1.496 0.0 0.045
c-ztfg-ztfr  True F19 59320.0680131424 0.07350793220086127 2.656107627207848 0.029895886518745633 -0.6543284977156076 0.07985527965219599 0.09743367519433188 0.028177978607043394 44.292 0.63 0.0 0.978
c-ztfg-ztfr  True F99 59320.144182583594 0.02996148745065976 3.6903114379425483 0.025600271591655087 -0.7020651565660598 0.037194972779908304 0.08712809003684749 0.02474442010342956 7.448 1.24 0.0 0.123
c-ztfr  True F99 59320.204699644615 0.0400937699920005 3.64723487101468 0.05028177175516913 -0.6564861944060709 0.05306162172642174 0.050536682325254954 0.041681525673742795 7.818 1.149 0.0 0.275
J 1D3 False F99 59320.74907113664 0.05087313827584735 39.9907541642449 15.96737618214855 3.870287346320099 0.5014883441940018 12.34119903663391 5.33679494025587 None None None None
J dehvils False F99 59320.71104687972 0.051256604250414395 36.92389388668686 14.218225490821535 3.3676713472963016 0.4672278765891987 10.965398152912673 4.755952674676023 None None None None
J-c 1D3 True F99 59320.06655758887 0.020818236958881485 2.647018322330155 0.036399740546793576 -0.4282978931667584 0.08749115044190449 0.11957514419464103 0.026377527542621005 821.317 74.916 0.0 0.0
J-c dehvils True F99 59320.11699576175 0.023697291515386458 2.6275266050148574 0.03663679626625451 -0.46643052876496216 0.08817234195223302 0.10691212959016583 0.026545976878792482 456.771 68.818 0.0 0.0
J-c-o 1D3 True F19 59320.18782321868 0.117472244719854 2.6602279189851648 0.04880097224978531 -0.5826042385797148 0.10163856845082034 0.09842481074821752 0.032406200510251296 992.557 0.713 0.0 0.866
J-c-o 1D3 True F99 59320.187782416135 0.1175461823423607 2.6602387572279955 0.04883279738757133 -0.5825864856654783 0.10173646969700698 0.09843884173782438 0.032427274639772394 972.278 0.687 0.0 0.891
J-c-o 2D True F19 59320.18797347101 0.11760399204489122 2.5952359554990503 0.04881710736581431 -0.5817018375353178 0.10173599093847956 0.0817976611680676 0.03242319489864961 721.186 0.426 0.0 0.997
J-c-o 2D True F99 59320.186674139004 0.11760984120863381 2.6601899823900377 0.04884537727343689 -0.5825347210347451 0.10174568038142418 0.09838831414680678 0.03244093381373262 823.38 0.678 0.0 0.899
J-c-o dehvils True F19 59320.197623755135 0.11896460674286183 2.5924221177219846 0.049017826641551535 -0.5821886565802041 0.10171281042909622 0.07953278551035872 0.032623186267023846 334.679 0.421 0.0 0.996
J-c-o dehvils True F99 59320.19637009846 0.11897107189023023 2.657365905735719 0.04904648042521008 -0.5830283370474505 0.10172184201770308 0.09611547780361984 0.03264114047150268 422.914 0.682 0.0 0.89
J-c-o-ztfg 1D3 True F99 59320.10760335128 0.01823604542795538 2.6110717491945574 0.019833310541290793 -0.6525160303863282 0.02347772265397822 0.0993910424149225 0.01731226021548813 304.772 18.729 0.0 0.0
J-c-o-ztfg dehvils True F99 59320.157380351586 0.019711969179198235 2.6024083695673355 0.019795919810111133 -0.6477773778033122 0.023465057910601144 0.09008680844698366 0.01728491493896918 153.099 16.567 0.0 0.0
J-c-o-ztfg-ztfr 1D3 True F99 59320.109274326656 0.017509059069032808 2.6089328299644814 0.019677873173699872 -0.658615260521414 0.02203506211826413 0.09449614253559041 0.016052081314127033 239.899 13.943 0.0 0.0
J-c-o-ztfg-ztfr 2D True F19 59320.08414800673 0.06910486576825085 2.6007446157914025 0.024859212623787826 -0.6357814420698437 0.06466671875029649 0.08614792518449879 0.0194146259541048 238.85 0.314 0.0 1.0
J-c-o-ztfg-ztfr 2D True F99 59320.083652047295 0.0691095782192565 2.6649215529061205 0.024870861316457892 -0.6364842910936516 0.06466947847990427 0.10215853565838352 0.01942305019696188 284.811 0.587 0.0 0.998
J-c-o-ztfg-ztfr 2D True O94 59320.08368302705 0.0690790400148993 2.6649194623178722 0.024861288148234344 -0.6364677237762217 0.0646309547383389 0.102151759783468 0.019412610526976345 290.372 0.609 0.0 0.996
J-c-o-ztfg-ztfr dehvils True F99 59320.15577573901 0.01882816523839411 2.6015207350030156 0.0196405348917809 -0.6547728463453493 0.022025067295973387 0.08736253830711901 0.016023896996655292 114.453 12.136 0.0 0.0
J-c-o-ztfr 1D3 True F99 59320.114883530616 0.01926761252122447 2.6050903715844314 0.03096226503451564 -0.6339183223001318 0.024675372894163525 0.09072598938299026 0.022311616401274534 379.471 19.926 0.0 0.0
J-c-o-ztfr dehvils True F99 59320.17019300205 0.02089194117738531 2.593924384191697 0.03086850218407205 -0.6345841416847972 0.024571301334199314 0.0820831005907647 0.02220016883898947 181.105 17.633 0.0 0.0
J-c-ztfg 1D3 True F99 59320.061448580214 0.01942571936951323 2.6163972515193294 0.022328025001317864 -0.6872185635127122 0.043743886235387316 0.12051533076585064 0.02115130878261109 232.847 22.79 0.0 0.0
J-c-ztfg dehvils True F99 59320.10380893356 0.021386991772325767 2.6076074213004654 0.02229866283016224 -0.6822819638355342 0.043927462150347533 0.1098314140241389 0.021217150610420787 134.743 20.302 0.0 0.0
J-c-ztfg-ztfr 1D3 True F99 59320.06371243921 0.01861750332024168 2.6061991110445293 0.02137477908416429 -0.6942539590243171 0.03614136472376627 0.1015056895239825 0.018076856554338824 212.783 15.677 0.0 0.0
J-c-ztfg-ztfr dehvils True F99 59320.10526787696 0.02030407228757463 2.598987518080289 0.02132858818566803 -0.6906000968342142 0.036253589892532155 0.0941464477696417 0.018061807395346907 102.158 13.701 0.0 0.0
J-c-ztfr 1D3 True F99 59320.06342969976 0.020193013975801914 2.611998200954186 0.03388630709765704 -0.6040261010064457 0.05175991272311347 0.09890434978861525 0.024436285443886027 407.566 27.623 0.0 0.0
J-c-ztfr dehvils True F99 59320.1133696631 0.02251035306376588 2.5977935107982733 0.03388641419480791 -0.6188192421479194 0.051847152046075484 0.08917489687138735 0.02442283354531847 197.69 24.218 0.0 0.0
J-o 1D3 True F99 59320.09612314374 0.02181867432758488 2.7328310049422706 0.0747458870797671 -0.6509901096980917 0.03030472905674823 0.14981959942325423 0.040025596250876816 569.115 45.439 0.0 0.0
J-o dehvils True F99 59320.16694878916 0.024481530065408916 2.7354549277200264 0.07443486332011963 -0.6540998802381884 0.030177102735130103 0.1497805941275122 0.03975994178377343 276.377 40.604 0.0 0.0
J-o-ztfg 1D3 True F99 59320.08571840706 0.01967498366354128 2.6199221390638 0.02212015528869948 -0.6617995274122594 0.024408623937489295 0.09459457949198909 0.017640867613914854 412.753 22.847 0.0 0.0
J-o-ztfg dehvils True F99 59320.14356717255 0.02170260745930741 2.6149295239684385 0.022106055169750526 -0.6558015890631359 0.024381835440735685 0.08872098665545636 0.017625670863573466 192.974 20.137 0.0 0.0
J-o-ztfg-ztfr 1D3 True F99 59320.08874639118 0.018822404232406973 2.6201062516174964 0.022104427438115363 -0.6691529059400168 0.02284221773972722 0.09460359178974823 0.01659241129194118 281.994 15.722 0.0 0.0
J-o-ztfg-ztfr dehvils True F99 59320.14255431591 0.020586694512929778 2.615389802381398 0.022081493047606156 -0.6638931944489224 0.022820400253895708 0.08993120436044721 0.016574571879831256 126.647 13.682 0.0 0.0
J-o-ztfr 1D3 True F99 59320.10003946508 0.020618921422606268 2.706063243519816 0.05912307033723252 -0.6597396663845382 0.027116766236819974 0.142098311421517 0.035274145721675455 274.344 22.491 0.0 0.0
J-o-ztfr 2D True F99 59320.0851055668 0.020954848699034172 2.730656005686789 0.05975433428837286 -0.6689559890691446 0.02727440580454701 0.15828463694632433 0.03568270339441589 210.495 18.974 0.0 0.0
J-o-ztfr dehvils True F99 59320.16350910066 0.02283929493407698 2.7058226868933835 0.058705327671523796 -0.6613394110317938 0.026990846579472334 0.14147206975180787 0.034974406054517036 134.055 19.476 0.0 0.0
J-ztfg 1D3 True F99 59320.01812475309 0.02175468012232332 2.5973174908731247 0.02446646367807163 -0.7555593053350966 0.05019306719712629 0.09515205573470262 0.022732402940327297 461.74 32.067 0.0 0.0
J-ztfg dehvils True F99 59320.06449246679 0.024624035501681615 2.5965506088017563 0.024442073177050935 -0.7377302567936339 0.0506293242110973 0.08870636917805474 0.022826505786124107 232.541 27.966 0.0 0.0
J-ztfg-ztfr 1D3 True F99 59320.02684884758 0.020535871464215132 2.5977909195249014 0.02374829567737792 -0.7426654857114059 0.039893826115576035 0.08749505626016485 0.018601939294719344 331.27 18.918 0.0 0.0
J-ztfg-ztfr 2D True F99 59320.00849173321 0.020818592169902186 2.6011388081284927 0.023754439441159708 -0.7584734580788874 0.03973401122451225 0.09344975488193823 0.018666379101023485 253.364 15.796 0.0 0.0
J-ztfg-ztfr dehvils True F99 59320.07160788377 0.02292099824801952 2.5971400138885663 0.023706118074329922 -0.730944301335559 0.040074602269021736 0.0847773612848031 0.018614784425317037 148.501 16.146 0.0 0.0
J-ztfr 1D3 True F99 59320.02108442217 0.02242656671037501 2.633607615646586 0.06866764683433342 -0.6510017039659997 0.06560941862124031 0.10144618386545873 0.03922810533742859 596.474 37.488 0.0 0.0
J-ztfr dehvils True F99 59320.078499563715 0.025823782291283893 2.6297432779152548 0.06834927114717416 -0.6619903797949245 0.06527113672363762 0.09987722391427765 0.039084151126743676 264.521 32.564 0.0 0.0
o  True F99 59320.440087988085 0.051848745528034375 3.9281205651133266 0.18425714089989315 -0.6669962357874439 0.05205610801646016 0.20238654969082592 0.11228687246028841 12.991 1.96 0.0 0.024
o-ztfg  True F99 59320.27989592368 0.0328740104333584 3.692684081943439 0.024764232296178836 -0.6353621930661875 0.02558234462327594 0.059838870489467996 0.023228006534787234 9.64 2.481 0.0 0.0
o-ztfg-ztfr  True F19 59320.06177372367 0.08273814229651204 2.6586524755611234 0.028138652217430973 -0.6487671374484651 0.06722312377538715 0.08996929015887767 0.0227610441205787 26.166 0.527 0.0 0.998
o-ztfg-ztfr  True F99 59320.24607009248 0.029535690405379556 3.7004859101655443 0.024380904613025084 -0.6528742247440041 0.02349385858097709 0.07426893724243286 0.020031427019492447 8.517 1.887 0.0 0.0
o-ztfr  True F99 59320.33828834507 0.03982767456838131 3.9648360978031234 0.1282271530936688 -0.6959920185400018 0.037853804995723835 0.2442950519232835 0.0823850401524563 25.642 1.589 0.0 0.018
ztfg  True F99 59320.168802422515 0.14604892548032836 3.5652648814979244 0.13780451291099471 -0.669752577116324 0.14451765371099373 -0.17202084715944546 0.29368686466625143 1.767 1.169 0.021 0.274
ztfg-ztfr  True F19 59320.024065683036 0.08657162852305815 2.6578284436573676 0.030488961153340363 -0.6843080704014957 0.08398147364988374 0.09395015189757713 0.028360637779985157 5.361 0.557 0.0 0.988
ztfg-ztfr  True F99 59320.08568684942 0.03892315875840709 3.686223632717291 0.02720248391375282 -0.7502353725021069 0.04168419781652016 0.0746586096308566 0.025255516300383352 1.539 0.97 0.017 0.522
ztfr  True F99 59320.19887763215 0.07944575147114527 5.712569018902618 1.1897432550272433 -0.8231686636469429 0.08330386400961112 1.4022833530845795 0.7628736897179186 1.134 0.65 0.316 0.845