bps_used variant success reddening_law t0 e_t0 x0_mag e_x0_mag x1 e_x1 c e_c rchi2_data rchi2_data_model fitprob_data fitprob_data_model
c  True F99 58994.15351147999 0.3519168437494444 7.192305257045673 2.0392981114253863 -2.7887835614928957 0.37645483236497274 1.8955553411820452 1.8612930281064164 -1 -1 -1 -1
c-o  True F19 58995.22990571984 0.31064158341159326 5.554662096693924 0.06335792973780519 -1.7181531423309022 0.36442456515971194 0.1426575251756591 0.049824499639740595 19.309 2.479 0.0 0.006
c-o  True F99 58995.18667187414 0.14812481293977145 5.425959721754642 0.0447663057444123 -1.7895611226037396 0.1708700407162973 0.10310555647274697 0.036649218248035374 2.442 1.723 0.007 0.069
c-o-ztfg  True F19 58995.04547554796 0.27938443194453405 5.512625149045055 0.057665405569842364 -1.8796367334281139 0.28361003828104664 0.11121484510967027 0.0459201839370999 16.545 2.68 0.0 0.001
c-o-ztfg  True F99 58995.08114781157 0.1332869133130972 5.376230222025271 0.03836381454831003 -1.9034070277442332 0.13693800361109823 0.06519885502497853 0.03220652292096186 3.162 1.948 0.0 0.025
c-o-ztfg-ztfr  True F19 58994.961809378176 0.25355369114640197 5.404478298451792 0.05459071706844375 -1.9428847419158983 0.26657849357646085 0.09240995565823808 0.04299445859427056 2.859 0.59 0.0 0.875
c-o-ztfg-ztfr  True F99 58995.02992547158 0.125998928091313 5.385308582293058 0.03697083961846555 -1.9434752495928374 0.12754064608823074 0.07590083558734595 0.030440979536921504 2.858 1.804 0.0 0.032
c-o-ztfr  True F19 58995.112430678084 0.2814825483050669 5.5664119162873735 0.06109821143466218 -1.8245939197790269 0.3287979261090984 0.15397458008625675 0.04771073786492278 15.498 2.199 0.0 0.009
c-o-ztfr  True F99 58995.12057927668 0.13788591182097973 5.4346751742003185 0.043747881782325915 -1.8563649382474674 0.15315508745769255 0.1137734292700251 0.035288868530427134 2.41 1.624 0.004 0.077
c-ztfg  True F99 58994.34180012526 0.26070012819153643 5.376212893456847 0.0966090818338879 -2.423121865255909 0.20729284333853754 -0.006721176548945228 0.1209072984285768 6.634 4.31 0.001 0.013
c-ztfg-ztfr  True F19 58999.58504300394 0.6069752248811374 5.6841009547962695 0.10787629371020732 4.247338064949348 1.2480806936648723 0.22089858241273327 0.09582458998537603 24.394 5.69 0.0 0.0
c-ztfg-ztfr  True F99 58999.52249711204 0.19232850708906096 5.5705696560682725 0.06598624632786217 3.989229989534385 0.5044605442802698 0.2176578258799745 0.0632109744561874 3.286 1.914 0.011 0.105
c-ztfr  True F99 58999.67702174344 0.2360376325243124 5.694688384021936 0.08754646244525545 4.065331841864994 0.6020986380149063 0.35429423702774343 0.08911709670453834 1.915 1.348 0.147 0.26
J 1D3 True F99 58995.396935615085 4.804042592514759 20.380922197498133 118.8510007772226 2.6985946897255824 183.70751520291594 5.164471267427688 40.85428582806638 -1 -1 -1 -1
J-c 1D3 True F99 58995.10841063249 0.12258437577127052 5.44081988751446 0.03552857208619036 -1.7649261051462337 0.1724959036881412 0.10933298093738919 0.02936452029686941 5.76 4.198 0.001 0.006
J-c-o 1D3 True F99 58995.16720281809 0.09429833705439619 5.430166453341862 0.03419900495641844 -1.8075706358335033 0.13177783348623523 0.10672777064433707 0.024838346716987283 1.912 1.335 0.024 0.184
J-c-o-ztfg 1D3 True F99 58995.10990615508 0.09100172807105245 5.392125719595104 0.030695831655144935 -1.8706994424261478 0.11168875032342916 0.08226047786163182 0.022943960297634215 2.985 1.623 0.0 0.059
J-c-o-ztfg-ztfr 1D3 True F19 58994.99949270021 0.21562910311712166 5.405275945663857 0.041831479772058956 -1.9069309113715862 0.24564423976769642 0.09418058436508472 0.029353422029783718 2.445 0.495 0.001 0.957
J-c-o-ztfg-ztfr 1D3 True F99 58994.994383439334 0.21527246443324444 5.526890430220472 0.04186503622026059 -1.9094309853464826 0.2453843028837414 0.12521260634175269 0.02937861357330345 10.505 1.846 0.0 0.018
J-c-o-ztfg-ztfr 1D3 True O94 58994.99464632142 0.21501982996025212 5.52688964697419 0.04183131993034753 -1.90927449729912 0.2451308637233732 0.12521797093674253 0.02935078955720808 11.625 1.976 0.0 0.009
J-c-o-ztfr 1D3 True F99 58995.14225965378 0.09197509867396908 5.429452844465062 0.03389029473238112 -1.8360828294908833 0.12040915299347907 0.1093966575622235 0.024503447967894523 1.928 1.31 0.016 0.186
J-c-ztfg 1D3 True F99 58995.01148013784 0.11880399219883166 5.4043866353598755 0.032178893639825644 -1.8983568620639841 0.1348344646512172 0.08469800646391276 0.02789948988381867 6.574 3.827 0.0 0.002
J-c-ztfg-ztfr 1D3 True F99 58994.988513963544 0.1160372743667324 5.404299262137341 0.031173500433943246 -1.9331610522786487 0.12425702242599532 0.08945829711272378 0.026378009451687456 4.524 2.945 0.0 0.004
J-c-ztfr 1D3 True F99 58995.074184585494 0.11929183822623399 5.438536667967547 0.03460848967827849 -1.8381885583770874 0.14871225692876747 0.11364661146441585 0.028257888767107418 4.59 2.951 0.0 0.011
J-o 1D3 True F99 58995.189534393954 0.09683008653249849 5.4335634432267055 0.08604767022318274 -1.8974475812375529 0.171762441624784 0.11004570379116099 0.0476279655312715 0.591 0.364 0.806 0.952
J-o-ztfg 1D3 True F99 58995.12878563617 0.09083548729919454 5.308437131344565 0.048811869160487034 -1.9607443411979832 0.1245617596743473 0.04363971404340915 0.029161154969242375 4.338 0.617 0.0 0.816
J-o-ztfg-ztfr 1D3 True F99 58995.11350239954 0.0888265686987232 5.304177485448328 0.047564215694305405 -1.9663446734571994 0.11338716772589594 0.04431356261123759 0.028487882595698802 3.553 0.606 0.0 0.851
J-o-ztfr 1D3 True F99 58995.15846702923 0.0941223173733363 5.389743959748945 0.08143179907948787 -1.8937326321692067 0.1424307164224101 0.09047567045722407 0.04609814573601204 1.167 0.516 0.304 0.894
J-ztfg 1D3 True F99 58995.14795245406 0.1215714165591726 5.24740875735033 0.0640268043001998 -2.0661884577800795 0.15103519460623183 0.04688739627275894 0.030275012422671426 0.119 0.095 0.73 0.758
J-ztfg-ztfr 1D3 True F99 58995.14410844109 0.12050440378973151 5.2503494229798 0.058657619672293465 -2.0495806449688265 0.12881618368969824 0.04945912132566185 0.028816256177888036 0.151 0.061 0.929 0.98
J-ztfr 1D3 True F99 58995.14920359964 0.12228239661033849 5.235932371638822 0.13851296595686666 -2.019643655501579 0.21161880161148508 0.04268649464480276 0.05751709254312971 0.119 0.095 0.73 0.758
o  True F99 58995.082480985286 0.28005302344552613 4.434373857130857 1.5635445123701868 -1.9249534534591581 0.23322636557061743 -0.5327477101872871 1.0285782113358068 0.656 0.427 0.686 0.862
o-ztfg  True F99 58995.163223244475 0.13261039003024488 5.23970988962758 0.06099288008936797 -1.981750082275016 0.14242480050543382 -0.011884206012977221 0.04174667230574236 0.689 0.428 0.702 0.905
o-ztfg-ztfr  True F19 58995.082933656464 0.2579602782602423 5.373244075677411 0.0949634467362982 -2.014402343397081 0.2645643875836657 0.033962224034425156 0.06260796637807843 9.02 1.273 0.0 0.239
o-ztfg-ztfr  True F99 58995.11443255094 0.12542577331077157 5.252420925086699 0.05851694600812859 -1.9903588077621617 0.13028035650865027 0.002268482808096848 0.03941891620907042 1.014 0.544 0.429 0.86
o-ztfr  True F99 58995.061938761326 0.15092268130614112 4.400190140932208 0.6490973172200403 -1.9743115679214518 0.17462806448683083 -0.5548123898078445 0.4318245549827708 0.525 0.337 0.839 0.952
ztfg  False F99 58998.41062292791 -1.0 4.916033843240143 -1.0 0.0 -1.0 0.0 7.204189031539055 None None None None
ztfg-ztfr  True F19 59001.74891268079 3.1443489894373977 4.230216900415989 8.93346923706063 0.315340914662 47.0910351030199 0.16237090258848427 1.3205017178973972 -1 -1 -1 -1
ztfg-ztfr  True F99 59001.673578445734 10.729337909523695 4.1559323366576475 12.950811970177625 0.36511549703283447 69.64601674859378 0.1305892260424312 1.9009328944372208 -1 -1 -1 -1
ztfr  True F99 58997.87537274294 2.2313528200788295 4.892148204323905 25.96298124552479 -0.014018351561241874 31.9746499149847 -0.0018003797113068098 18.281040519487256 -1 -1 -1 -1