bps_used variant success reddening_law t0 e_t0 x0_mag e_x0_mag x1 e_x1 c e_c rchi2_data rchi2_data_model fitprob_data fitprob_data_model
c  True F99 59191.50904554546 0.44718149504321925 11.946154240891115 2.9585852752534803 -1.6227729592321252 0.384116706235087 4.62046777322871 2.4258340069938273 43.787 42.536 0.0 0.0
c-o  True F19 59182.340650786035 0.3559033389089459 7.214573207872972 0.07438636387412029 1.4479141817172336 0.3770883581540675 0.3465821808728221 0.05851354935068991 25.701 22.158 0.0 0.0
c-o  True F99 59182.31270385494 0.3032187977816165 7.103986594564389 0.06939090041981084 1.3753672109850612 0.3360362254410323 0.3111428596274294 0.053693439389606114 24.447 23.858 0.0 0.0
c-o-ztfg  True F19 59181.83243215082 0.1805483603293676 6.863511207108292 0.038148509874686244 0.34432804043021376 0.22683830238322766 0.13777679913013807 0.03836244735363221 14.246 11.486 0.0 0.0
c-o-ztfg  True F99 59181.9172544195 0.16301335741176717 6.782347087662365 0.036535701012501476 0.3184252969831791 0.20852023464474145 0.1176933748768198 0.03578739216549688 13.24 12.599 0.0 0.0
c-o-ztfg-ztfr  True F19 59181.90248790824 0.12797401371988723 6.811618696165919 0.03389981668597938 0.19617306409354576 0.15218162798903212 0.20445907346698405 0.027964733550733503 9.105 7.07 0.0 0.0
c-o-ztfg-ztfr  True F99 59182.01569876578 0.10513182422069914 6.799393666832362 0.031906219424577366 0.12263206753558473 0.13148957452431442 0.19324288717054466 0.02626748181217715 9.113 8.282 0.0 0.0
c-o-ztfr  True F19 59182.16051321521 0.17097720731508653 7.18945940175984 0.0667361315166606 0.4414171300495565 0.18074024088943 0.43221555674028556 0.04937460158683105 13.538 10.046 0.0 0.0
c-o-ztfr  True F99 59182.243616472806 0.12959967444369308 7.061053241000257 0.06101300348820277 0.3178680004768193 0.15326646400621893 0.37786655093365923 0.04540149633456746 12.005 11.194 0.0 0.0
c-ztfg  True F99 59182.4503895012 0.19692365772907358 6.692455030423339 0.04753681627485471 1.0530968439517825 0.2942111151522804 -0.19560627243569573 0.08803890711485365 16.462 16.016 0.0 0.0
c-ztfg-ztfr  True F19 59181.94163700516 0.13163720067283283 6.915340455603117 0.03622065343808908 0.27155334663312697 0.16591024161058598 0.25238471790594785 0.03202645635368309 11.653 8.54 0.0 0.0
c-ztfg-ztfr  True F99 59182.060191338154 0.10843946748253355 6.824488798680063 0.03413126182104213 0.1817003399083971 0.14215100783807857 0.2241257707752012 0.030236833468001968 10.313 9.503 0.0 0.0
c-ztfr  True F99 59182.41709278763 0.13343960425436313 7.219749523863145 0.07315896496919737 0.4816614321159262 0.16788808201919686 0.519460829018346 0.057664082280135504 13.899 13.48 0.0 0.0
J 1D3 False F99 59173.518923439085 12.08302753868528 6.365639732899723 29.4599472834869 0.10073250795503386 -1.0 -0.0003697420994676242 12.448604692725382 None None None None
J-c 1D3 True F99 59191.509046637235 0.44718089944736356 11.946123206905648 2.9585730727368107 -1.6227821863895122 0.3841166346583228 4.620442681332437 2.4258261301785633 43.787 42.536 0.0 0.0
J-c-o 1D3 True F99 59182.22920400214 0.2684825778572617 7.118734737794833 0.06494133754818471 1.3391013273094585 0.3282079389550192 0.331366664950203 0.0407513701583255 23.125 22.55 0.0 0.0
J-c-o-ztfg 1D3 True F99 59181.755182489025 0.1488487680129292 6.809459102344669 0.03488729680292682 0.21590847536846092 0.2010107204058738 0.17163223798931476 0.026849385636479917 13.148 12.392 0.0 0.0
J-c-o-ztfg-ztfr 1D3 True F19 59181.894348752874 0.1259919592316693 6.8142394185665625 0.03313957296870375 0.19338985166103753 0.1518521491918362 0.20773136805148867 0.02643092028510769 8.96 6.952 0.0 0.0
J-c-o-ztfg-ztfr 1D3 True F99 59181.99293387469 0.10256956994683715 6.810291813980796 0.030216269163292807 0.11133170169512113 0.13042094186719838 0.20636456322114588 0.022938238918376683 10.117 7.291 0.0 0.0
J-c-o-ztfr 1D3 True F99 59182.26299906996 0.12971064902014617 7.015722308562209 0.04980052032922208 0.32843744381422435 0.15481966329821653 0.33883272621772736 0.034067647464068186 11.898 10.961 0.0 0.0
J-c-ztfg 1D3 True F99 59181.84829558703 0.1655313643695486 6.833692929823918 0.04018804992124047 0.40603054415760426 0.2535770846991372 0.18397881299514984 0.034473863051967944 17.186 16.14 0.0 0.0
J-c-ztfg-ztfr 1D3 True F99 59182.05281208165 0.10631680102354515 6.829042467304108 0.03151979468410611 0.17691356214317516 0.1411800266847798 0.23002082480415464 0.02494949670540318 10.094 9.316 0.0 0.0
J-c-ztfr 1D3 True F99 59182.43279870601 0.1375396808567944 7.081521339106214 0.052341823443152656 0.5100408651347998 0.17425133026744946 0.39568548510726476 0.03651777896185905 14.217 13.317 0.0 0.0
J-o 1D3 True F99 59181.86738138104 1.298128310330764 6.953401966405199 0.3615882272903999 -0.3315274414724746 0.5616457490545357 0.27261497405021007 0.21104578085394693 1.501 1.473 0.173 0.183
J-o-ztfg 1D3 True F99 59181.72045574746 0.15725490932636396 6.70903492972873 0.03427498696824893 -0.25248816923344036 0.18685596436992583 0.14212301517924683 0.02613532944898951 1.084 0.892 0.352 0.615
J-o-ztfg-ztfr 1D3 True F99 59182.036745698715 0.10385120057815679 6.717532915728679 0.03154650165183069 -0.08985215151450365 0.12649204120488639 0.16416834048761064 0.023246376855176904 1.224 0.987 0.14 0.498
J-o-ztfr 1D3 True F99 59182.16027734369 0.13233482199570146 6.800747013577148 0.08690738800066787 -0.05595271342596626 0.15304335177357442 0.2171780677171158 0.056192701635133104 1.649 1.233 0.015 0.181
J-ztfg 1D3 True F99 59181.84955839647 0.17662381077548658 6.714483487461946 0.0360974179575666 -0.2086176858925201 0.22192254466729375 0.18869598451808095 0.03373601155477224 0.557 0.54 0.909 0.92
J-ztfg-ztfr 1D3 True F99 59182.10854440939 0.10685117993120637 6.729962383740791 0.0321329671225932 -0.04338695786423792 0.13509567504966374 0.19185260879438565 0.02474258918097722 0.778 0.721 0.834 0.898
J-ztfr 1D3 True F99 59182.29283846058 0.13841471526799945 6.825538206741714 0.08626204284324947 0.03363836258871512 0.16880294610421936 0.2533023196763074 0.055913019427472226 0.779 0.743 0.743 0.784
o  True F99 59179.88080554649 1.134339471514075 2.4119371012186814 8.341151662244402 1.0973370488052532 1.2925024342926867 -2.983067238902025 6.6034469856468885 1.663 1.64 0.14 0.145
o-ztfg  True F99 59181.865770649456 0.16896114477080698 6.681322455056697 0.03622715104515706 -0.19940990528825522 0.18985991111639028 0.0938354074824637 0.03464870252574544 0.757 0.738 0.789 0.81
o-ztfg-ztfr  True F19 59182.01671916907 0.13214833946792834 6.7852064817511835 0.03509245944297169 -0.01755698599094005 0.14954672526331128 0.1712893203912862 0.028040445052994863 2.309 1.012 0.0 0.449
o-ztfg-ztfr  True F99 59182.07791669245 0.10682940717011645 6.6975198451860205 0.03324391660874276 -0.07417795684066353 0.1275842191358323 0.14199538976192488 0.026409051148208997 1.175 0.95 0.194 0.569
o-ztfr  True F99 59182.19382660429 0.13204024863022004 5.736584748570022 0.4296145627551765 0.019651351738695325 0.1597653948629033 -0.5407700577579727 0.310322516850212 0.983 0.943 0.49 0.551
ztfg  True F99 59181.211385812494 0.46712720621964143 7.897600048889783 1.6452243102181516 -0.8671769894499564 0.47644510658183525 2.5869057080442293 2.6719955823638855 0.568 0.548 0.881 0.896
ztfg-ztfr  True F19 59182.059380084174 0.13494082835311294 6.806599124574115 0.036607244963409336 0.031948554245788546 0.16116767840564103 0.2061427513110668 0.0314149552600855 1.785 0.822 0.002 0.77
ztfg-ztfr  True F99 59182.12665097012 0.10923670858494584 6.718671456858912 0.03462810097646758 -0.034670443644080014 0.1360809999713977 0.1779665695834548 0.02964899415045955 0.75 0.723 0.864 0.894
ztfr  True F99 59182.533052521816 0.19075691193724348 11.51959751163317 2.6666467323315914 -0.10724681235393932 0.16222917791735003 3.4510855415652575 1.7325939731234852 0.646 0.614 0.874 0.899