bps_used variant success reddening_law t0 e_t0 x0_mag e_x0_mag x1 e_x1 c e_c rchi2_data rchi2_data_model fitprob_data fitprob_data_model
c  True F99 59148.71699657745 0.3866572127188084 5.371245742665826 0.39664173952271004 -1.0993456184687873 0.45483104627148135 -0.0340854627884892 0.5127555500344513 0.758 0.727 0.518 0.536
c-o  True F19 59148.44616089505 0.18116641500797448 5.369272515063547 0.06083829940824573 -1.544300725799297 0.18497809880127633 -0.00924965797029869 0.049318881161821496 4.261 0.873 0.0 0.601
c-o  True F99 59148.44661775436 0.18115760963142735 5.3696045317062335 0.06083222005718337 -1.5436662195509343 0.18497247783800067 -0.014386908828862368 0.04931924965176694 4.266 0.874 0.0 0.6
c-o-ztfg  True F19 59148.28828891937 0.10092445986006761 5.624543307876378 0.02878582023420574 -1.6067296674651779 0.11241963792673511 0.10440927470678049 0.029510605614250195 13.161 2.669 0.0 0.0
c-o-ztfg  True F99 59148.31297763498 0.06288556931426909 5.451138508717237 0.024275062392516148 -1.738168211628771 0.06704113650636281 0.05248705987983656 0.024041303074376158 2.655 1.862 0.0 0.001
c-o-ztfg-ztfr  True F19 59148.30364529131 0.08613864096180816 5.479580381799227 0.027306231830488036 -1.6005665822391384 0.09260417152399499 0.08572150194086524 0.02414661647423036 3.49 0.687 0.0 0.968
c-o-ztfg-ztfr  True F99 59148.34537192484 0.04990882414389492 5.452907071467882 0.023154457618719634 -1.754490745573912 0.05290377854002687 0.06507754514378986 0.020396460642410342 2.998 2.11 0.0 0.0
c-o-ztfr  True F19 59148.39110504078 0.12276144082827081 5.5441569134691076 0.056100690436656345 -1.5742878715653799 0.12224080557459828 0.058159870624560975 0.042836568880208155 12.617 2.199 0.0 0.0
c-o-ztfr  True F99 59148.37944308379 0.0607405453414891 5.3860950107840075 0.04043957759772074 -1.7651909370388634 0.06615255049051878 0.017859887889516632 0.03185775426415267 3.788 2.722 0.0 0.0
c-ztfg  True F99 59148.35889969084 0.07662730004343479 5.563078300202287 0.04152771991863407 -1.62498630249461 0.0821000001160995 0.22920540955002017 0.0598944066457687 1.238 1.097 0.187 0.334
c-ztfg-ztfr  True F19 59148.32201289903 0.09123676511757231 5.655728381116876 0.029376851262499715 -1.5656236839536737 0.09995213481953791 0.15666596892587092 0.02934546336885245 11.101 2.432 0.0 0.0
c-ztfg-ztfr  True F99 59148.38190450119 0.055722153765934535 5.479562872428477 0.025364274201103123 -1.6981541901653932 0.05915315581926943 0.10146391736883935 0.025636055078780362 2.406 1.929 0.0 0.0
c-ztfr  True F99 59148.45644489248 0.0727788644562905 5.41619973856968 0.04730732706971412 -1.6730632698458352 0.07978424604675295 0.05094079245064356 0.041701767707526836 3.381 2.772 0.0 0.0
J dehvils True F99 59144.65041380559 0.5809504499613306 19.12002649772833 7.99415365770921 15.29142995099722 4.558510451604388 4.822120137548453 2.7403628352198806 4.819 0.744 0.008 0.475
J-c dehvils True F99 59147.07279274232 0.15589316213674304 5.614610725301119 0.046955327256876615 -1.7313920550255844 0.18817630136554184 0.16666183659743772 0.03796209478443341 82.426 51.369 0.0 0.0
J-c-o dehvils True F19 59148.34363437396 0.17896113257137428 5.54556400157775 0.052127355651970984 -1.561694311828583 0.18428652009488 0.04639408848641752 0.038159320302350856 73.994 2.893 0.0 0.0
J-c-o dehvils True F99 59148.343926399684 0.1792194558249883 5.545567625588303 0.05219435746185353 -1.5611695684075109 0.18453719779169345 0.04639292189601789 0.03821573848291795 72.027 2.737 0.0 0.0
J-c-o-ztfg dehvils True F99 59148.002922257554 0.06020349046282785 5.476374002545067 0.022107075239009653 -1.8854647269646305 0.06537962286998458 0.08099935109545436 0.019232429436335782 21.095 12.001 0.0 0.0
J-c-o-ztfg-ztfr dehvils True F99 59148.13196887364 0.0482732215105686 5.4697686001338 0.021416513345241465 -1.8539987061473806 0.052112082772719864 0.0828463464572125 0.017473259370547396 15.295 9.336 0.0 0.0
J-c-o-ztfr dehvils True F99 59148.07518112061 0.05815068919532782 5.456619974248204 0.034351921513290785 -1.9123283994457017 0.0645131003371532 0.074617063483084 0.024954347690793924 23.411 13.578 0.0 0.0
J-c-ztfg dehvils True F99 59147.89931572128 0.07588209854436598 5.513603106452159 0.024499926141974066 -1.8096350605108407 0.07968749683607247 0.1356858360675401 0.025773369530308888 22.784 14.608 0.0 0.0
J-c-ztfg-ztfr dehvils True F99 59148.109217954225 0.05393576991206022 5.488511627355738 0.02220775207041132 -1.8141590884306251 0.058096591440599546 0.11039786285397485 0.019798974835791645 16.062 10.685 0.0 0.0
J-c-ztfr dehvils True F99 59148.02411204079 0.06918577935095829 5.483441820210716 0.03590924873205738 -1.8526748507693171 0.07661959882672688 0.10535926453224873 0.02763982580701995 28.013 17.84 0.0 0.0
J-o dehvils True F99 59147.45228513041 0.10005315321305552 5.615461004030841 0.09489714382610319 -2.5237713393857057 0.10625605814252707 0.14405509811847145 0.05218122928350799 43.277 21.318 0.0 0.0
J-o-ztfg dehvils True F99 59147.89393153494 0.0661035589249268 5.474977060652183 0.025479471140990508 -1.9998724843997602 0.07050472626426611 0.07351687310271482 0.019708289983711037 24.085 12.695 0.0 0.0
J-o-ztfg-ztfr dehvils True F99 59148.07942604912 0.05118665234784845 5.47223241528822 0.024765543714496217 -1.915533394257845 0.05467332700182039 0.08151979925426059 0.018327767311302506 16.391 9.706 0.0 0.0
J-o-ztfr dehvils True F99 59147.985845344745 0.062248665568680604 5.46749740905611 0.0714947201495691 -2.0206602195030032 0.06862291003901819 0.07954729244323523 0.04413494870834883 25.993 14.421 0.0 0.0
J-ztfg dehvils True F99 59147.711675497674 0.08968412632690835 5.490953186566088 0.026745132156483685 -1.9695417088261793 0.08939601799659774 0.11828153348809509 0.02752480008665883 26.401 15.932 0.0 0.0
J-ztfg-ztfr dehvils True F99 59148.04057673448 0.05816213617281283 5.483409266529628 0.025161389807212317 -1.88517161597353 0.0616981563023169 0.10455768261126902 0.02015059179556696 17.654 11.375 0.0 0.0
J-ztfr dehvils True F99 59147.89448875026 0.07587073489403906 5.444905507578531 0.07420651894420179 -1.986454631701541 0.08338970522538545 0.08198066585295918 0.04533477750118469 35.079 20.432 0.0 0.0
o  True F99 59148.13983090552 0.1169834124447648 5.806179611701691 0.7838061142593562 -2.116632524184472 0.12926066620100313 0.26698220235729875 0.48731970671328606 3.049 2.212 0.001 0.018
o-ztfg  True F99 59148.250550866374 0.07138801879211995 5.458636427581794 0.027524938300102348 -1.8296787707728992 0.0734216667829108 0.04517169066967766 0.024718242648833176 1.908 1.534 0.001 0.027
o-ztfg-ztfr  True F19 59148.27382364997 0.09340964468763238 5.642532195429937 0.02987970079262726 -1.648431987021879 0.09771057128255406 0.12568987709789312 0.02478904876510059 8.742 1.906 0.0 0.0
o-ztfg-ztfr  True F99 59148.31212095025 0.054223091030509624 5.463690883210184 0.026848386468962822 -1.809307975795681 0.05610866353906891 0.06808716771985873 0.021540590153698736 2.793 2.025 0.0 0.0
o-ztfr  True F99 59148.26264845909 0.0697845096275628 4.760160286600966 0.3143865813466892 -1.8777954409189679 0.07111355437415705 -0.4020233650944921 0.21464872477917477 3.248 2.552 0.0 0.0
ztfg  True F99 59147.86726477661 0.19394499082510078 6.243361101521809 0.459696028023228 -2.087855336355436 0.1700824958150735 1.6129210102107108 0.7856662455930776 0.913 0.843 0.566 0.656
ztfg-ztfr  True F19 59148.288885162205 0.10011745460160484 5.660137807976563 0.03137669345522172 -1.6132926394623075 0.10655021821913466 0.1542140580877311 0.02968672691123114 8.189 2.036 0.0 0.0
ztfg-ztfr  True F99 59148.350972058644 0.06203486187573084 5.484638186547124 0.028249241317510707 -1.7530148233471063 0.06375552604059648 0.09804680842003519 0.02616839239989739 2.203 1.899 0.0 0.001
ztfr  True F99 59148.249409706106 0.1106274119531717 2.742475841579997 1.530219203165599 -1.7886299769102445 0.08908112690127058 -1.8721055500884891 1.1394134545906498 3.373 2.833 0.0 0.0