bps_used variant success reddening_law t0 e_t0 x0_mag e_x0_mag x1 e_x1 c e_c rchi2_data rchi2_data_model fitprob_data fitprob_data_model
c  False F99 59585.36655031629 0.2483922598432709 8.395828247070312 7.530587616148601 0.0 -1 0.0 10.115474177151441 None None None None
c-o  True F19 59593.66019330088 0.24723861021182647 6.551170609261402 0.2132062224732915 -1.9561225715029114 0.5186291774671379 0.0943742024961589 0.13389595752189165 2.498 0.816 0.001 0.653
c-o  True F99 59593.708786968 0.1749372478746295 7.505110283857232 0.1589925342563225 -2.0044912310892666 0.40185541225006355 0.04666531270151773 0.10004251442565759 0.729 0.674 0.747 0.803
c-o-ztfg  True F19 59593.65139637121 0.23495642961280663 6.554909054233834 0.21140655070799436 -1.9708665782788113 0.5029837866970025 0.09694528240892453 0.13234121668781326 2.344 0.765 0.002 0.718
c-o-ztfg  True F99 59593.70081016748 0.16846116540098596 7.5081605075674025 0.15856714759462662 -2.0207787779971236 0.3910957392775781 0.04889488439555342 0.09951575958644958 0.683 0.63 0.804 0.853
c-o-ztfg-ztfr  True F19 59593.62011109693 0.20941719143047616 6.419643657043775 0.19854147567237607 -2.0804995179411296 0.3396823826596383 0.05572286554580357 0.1252895815751379 0.638 0.285 0.865 0.998
c-o-ztfg-ztfr  True F99 59593.67101353928 0.1429998279276655 6.385807076612371 0.14731358930787372 -2.12401157752156 0.2644456245050097 0.03567806647256284 0.0933313656361956 0.612 0.562 0.886 0.921
c-o-ztfr  True F19 59593.622407246454 0.21472824588572184 6.529004271391651 0.20467105653046996 -2.0787805850692207 0.34159781772586534 0.08118757552417752 0.12951381360415473 2.283 0.721 0.002 0.775
c-o-ztfr  True F99 59593.67342407415 0.14543790932256606 7.48313580702121 0.15002304854791265 -2.1210581188538136 0.26630710320581213 0.033876270348224186 0.0953062286600213 0.65 0.597 0.845 0.889
c-ztfg  False F99 59592.599830254025 6.998238279839319 7.977603912353516 10.688199295529884 0.0 30.434059801703285 0.0 10.26507840629378 None None None None
c-ztfg-ztfr  True F19 59593.75890193772 1.0551244307386232 6.382974122363975 0.8550264940644284 -2.521924394464798 2.1355032385309283 0.060487981485545766 0.4138731074306258 -1 -1 -1 -1
c-ztfg-ztfr  True F99 59593.75968946346 0.8027359530552085 7.371058853585697 0.6623298571507836 -2.5216129551392696 1.5956942598378039 0.028819313733508975 0.35028608622153345 -1 -1 -1 -1
c-ztfr  True F99 59593.70658963376 12.262044745897294 7.408786428662818 8.8520169714474 -2.5582237010799598 8.798463440406632 0.06937198604868397 9.519867382363635 -1 -1 -1 -1
J 1D3 True F99 59594.940672229044 0.9985191748933179 18.55143270852482 71.6789153555292 6.052704658078205 9.858677657028673 3.8602075299721843 24.45125992827684 -1 -1 -1 -1
J-c 1D3 True F99 59594.79708574343 0.5532180352404814 7.751823148817384 1.2892800425674185 7.1659291232702795 12.192345377847891 0.4940788581757186 0.3842110816773684 0.007 0.006 0.933 0.938
J-c-o 1D3 True F99 59593.89002311498 0.16885105516031995 6.475446530389478 0.08576141362668775 -1.7246086346147784 0.37544204186874935 0.09221167287934348 0.046104095669245296 0.947 0.88 0.52 0.604
J-c-o 2D True F99 59593.86128091923 0.1702501311508528 6.499625323562892 0.09258641955897594 -1.7331686267999127 0.37625476841745475 0.10847288463261828 0.051576578429764326 0.902 0.837 0.576 0.658
J-c-o-ztfg 1D3 True F99 59593.82722151608 0.1623212846383003 6.455779429528901 0.08589810938883058 -1.8351632358848509 0.3569573146469477 0.0799433977965313 0.046277580294080446 0.76 0.71 0.758 0.813
J-c-o-ztfg-ztfr 1D3 True F99 59593.78667455805 0.1362497382528242 6.45269862718259 0.08279562176518838 -2.0151573862879752 0.25181900346080177 0.08219439832024569 0.045026420402498414 0.88 0.804 0.618 0.718
J-c-o-ztfg-ztfr 2D True F19 59593.66855014171 0.20026001389142514 6.535086228744099 0.10738100185920967 -1.9648684989063447 0.3127857566579833 0.13318489688331805 0.059990498778034904 0.866 0.37 0.637 0.996
J-c-o-ztfg-ztfr 2D True F99 59593.66758016142 0.2003482529082395 6.65382097472016 0.10751175144414693 -1.958678133713292 0.3127432864319345 0.16479572416632793 0.060069217626882526 1.777 0.652 0.015 0.883
J-c-o-ztfg-ztfr 2D True O94 59593.667699399215 0.20017249625099362 6.653781893660228 0.1074369851830496 -1.958764142398035 0.3125410104002552 0.16477477113042283 0.060032153453476796 1.932 0.697 0.006 0.841
J-c-o-ztfr 1D3 True F99 59593.75715678229 0.13718330707906234 6.43600216531015 0.08300571251026362 -2.0383941559283496 0.25538186589331224 0.07063117483415965 0.0453103193536714 0.767 0.705 0.757 0.825
J-c-ztfg 1D3 True F99 59594.22366604516 0.2792166371045732 5.655341866352296 0.6791816425766052 -3.6478579606743535 1.328630375368996 -0.1712932712455031 0.22432082294970182 0.452 0.433 0.636 0.649
J-c-ztfg-ztfr 1D3 True F99 59594.15170702973 0.2410960420230979 5.9255346091856556 0.30960778113479637 -3.09680900765047 0.5696243859781605 -0.08419220880804595 0.10179565146510491 0.345 0.332 0.847 0.857
J-c-ztfr 1D3 True F99 59594.16828470555 0.24617458355049934 5.916409548525205 0.31120832495664463 -3.091629369296733 0.5688526538592849 -0.08757221146761111 0.10250825194104773 0.432 0.412 0.73 0.745
J-o 1D3 True F99 59593.8512510571 0.16829690643176545 6.478474904044974 0.09727733359446859 -1.8759556063301566 0.4030853797449219 0.09275559530016983 0.05328474185883596 0.822 0.772 0.668 0.728
J-o-ztfg 1D3 True F99 59593.84506235298 0.16461234176318226 6.480540438942954 0.09664128094108117 -1.9015089528859734 0.3767975567578031 0.09417515999882373 0.05270145461378216 0.78 0.73 0.727 0.783
J-o-ztfg-ztfr 1D3 True F99 59593.79808720935 0.14576021847818255 6.474346807898948 0.09624970813178553 -2.078205474755971 0.25613875865277297 0.09221510074934529 0.05269889852264055 0.725 0.675 0.805 0.855
J-o-ztfr 1D3 True F99 59593.84108208437 0.1458828696871788 6.501634060560488 0.09667195254702902 -2.063673686200605 0.26270607451601335 0.10957917516744353 0.05284059826931382 0.894 0.834 0.59 0.668
J-o-ztfr 2D True F99 59593.826296684485 0.14769392788110927 6.54441339628567 0.10715473102040794 -2.064834732648147 0.2626712005864582 0.13688037567413572 0.06040995956983542 0.824 0.771 0.68 0.745
J-ztfg 1D3 True F99 59594.806600814234 0.5472979823560541 8.314435235460042 1.3307384783368923 7.078689374042658 11.817858042111329 0.6887633848211043 0.4033138727110038 0.006 0.005 0.938 0.944
J-ztfg-ztfr 1D3 True F99 59594.48398055945 0.3074520997021671 6.549210006723202 0.8828853209745483 -2.36810140287547 1.4604087958379894 0.13926412339210897 0.2985218831702005 0.289 0.279 0.833 0.84
J-ztfg-ztfr 2D True F99 59594.46192171954 0.3336592795583163 6.527063054731284 0.8706976636252719 -2.446831304121411 1.398426744833243 0.14386328401688947 0.29510047330754746 0.224 0.217 0.88 0.885
J-ztfr 1D3 True F99 59594.36004865212 0.3611580125940098 6.81546341195199 1.501279154506453 -1.8663674901647165 2.6740249382558283 0.2192512976406969 0.5056780728486701 0.35 0.342 0.705 0.71
o  True F99 59593.72738631679 0.2896973198368087 7.6355582022698645 1.6276008168834377 -2.004592308704291 0.3995437119337867 0.13017377735063596 1.0385772561390636 0.785 0.725 0.677 0.74
o-ztfg  True F99 59593.72145094901 0.20151903793215448 7.591229306518661 0.4803475497381 -2.003818731651119 0.3993048722029881 0.10184140870571642 0.3051458397399142 0.729 0.673 0.747 0.803
o-ztfg-ztfr  True F19 59593.64365249475 0.2585113538755325 6.609683489996489 0.5628704488383699 -2.063146407668584 0.3576362331828221 0.1326618169676032 0.3576512503373777 2.137 0.652 0.005 0.843
o-ztfg-ztfr  True F99 59593.69286919455 0.1836758616542848 7.574909660208097 0.49846009939963054 -2.1046707732023986 0.28378691517886956 0.09247788187235705 0.3169626791042036 0.648 0.596 0.847 0.89
o-ztfr  True F99 59593.74607948474 0.2759154919959806 7.879669122352466 1.275554117535374 -2.0628107911616214 0.32963346776993896 0.2856854985324335 0.8025869671000521 0.687 0.633 0.8 0.85
ztfg  False F99 59623.152303200215 1.0 10.227218627929688 1.0 0.0 1.0 0.0 1.0 None None None None
ztfg-ztfr  False F19 59619.749625164506 -1.0 9.650133874909738 -1.0 -3.7022953828777316 -1.0 1.2177216370603312 -1.0 None None None None
ztfg-ztfr  False F99 59622.523390416914 -1 10.541850701010297 -1 -13.06878318852342 -1 1.010491447975682 -1 None None None None
ztfr  False F99 59616.93862569712 -1 8.38480112067575 24.396999393220106 -6.217079176632897 -1 -0.06303025664307141 18.03984878751305 None None None None