bps_used variant success reddening_law t0 e_t0 x0_mag e_x0_mag x1 e_x1 c e_c rchi2_data rchi2_data_model fitprob_data fitprob_data_model
c  True F99 59745.19344218314 10.485770881380782 8.593125578302047 6.385997741794685 -0.6545822399671621 2.6871693457861485 1.2185596381585841 6.077621704287287 0.136 0.136 0.712 0.712
c-o  True F19 59756.18115095695 0.4118435530222865 7.259955689895302 0.0919720987275475 -0.37056763220461236 0.3761399611402718 0.31307815538432215 0.06702191840923093 1.37 0.786 0.14 0.712
c-o  True F99 59756.16791438467 0.36359675892409665 8.248709201439532 0.0839457967187914 -0.4085773249608726 0.3441543736602428 0.28388967140544635 0.06131544120193342 0.265 0.26 0.999 0.999
c-o-ztfg  True F19 59756.40153602272 0.2378720334093649 7.262863472690263 0.039423349208554885 -0.3351610784214414 0.2793139018112432 0.31391340474292706 0.03477668132777252 1.692 1.009 0.01 0.451
c-o-ztfg  True F99 59756.38955080032 0.22020968385369386 8.250299315703577 0.03761037926782109 -0.34984804984884665 0.25955096218020535 0.28355729025958226 0.032685123817813876 0.273 0.268 1.0 1.0
c-o-ztfg-ztfr  True F19 59756.289528528054 0.18866119551445695 7.134035363013274 0.03626620977601364 -0.6540611497736093 0.20089595625032833 0.29469028360078353 0.029299326026554343 0.48 0.383 0.999 1.0
c-o-ztfg-ztfr  True F99 59756.2659418956 0.1699416349780139 7.133299183010337 0.0344885168553297 -0.6665531817308842 0.17935689913688932 0.2899348149610776 0.02773494781670135 0.479 0.449 0.999 1.0
c-o-ztfr  True F19 59756.09990215968 0.2556105001211283 7.236011950618755 0.08821506297327417 -0.7602593856358988 0.23093909223340617 0.3182324691444292 0.06362107298307211 1.641 0.901 0.01 0.636
c-o-ztfr  True F99 59756.087958427524 0.21996097109038512 8.228052337690977 0.080246424778601 -0.767300555169372 0.20176512498411184 0.2896371620742627 0.05797002312165797 0.489 0.442 0.995 0.998
c-ztfg  True F99 59756.49629255822 0.2797823149444889 8.245072188515476 0.05831765635745166 -0.33575349755430484 0.3260992933660777 0.2695547837441604 0.1032146538097878 0.353 0.347 0.987 0.988
c-ztfg-ztfr  True F19 59756.32123638176 0.2125543932112119 7.253421254223497 0.038107196641711874 -0.7213099671823804 0.2185412809632027 0.3393876627926012 0.035006774835764594 2.184 1.317 0.0 0.108
c-ztfg-ztfr  True F99 59756.29671763291 0.19285088859394342 8.240561024562258 0.03625490399899407 -0.733963077356782 0.19540176139171764 0.30759739779767614 0.033354073252902496 0.565 0.551 0.977 0.981
c-ztfr  True F99 59756.05762532438 0.27538248766519074 8.28030672374268 0.09321674474166554 -0.8670046055668216 0.22618967557211295 0.3442010673378908 0.07322759457615859 0.585 0.574 0.92 0.927
J 1D3 False F99 59755.735779211966 4.438737386093228 -5.621111385410499 113.1741342124525 48.29223144692844 725.5212685502577 -4.761026460533172 37.59837503850276 None None None None
J-c 1D3 True F99 59756.01632247049 0.39827838310802843 7.230087845095092 0.06487454118122296 -0.3400429748676585 0.5139551073218055 0.378234868067698 0.039515870799316156 1.573 1.56 0.178 0.182
J-c-o 1D3 True F99 59756.052202259656 0.27137526960897174 7.255938762403715 0.06229982206130328 -0.36041180892759994 0.3415622211547525 0.3707262628601966 0.038795878933018176 0.833 0.616 0.675 0.905
J-c-o 2D True F99 59756.08209983769 0.2809835090378843 7.1780277586813295 0.0658583007699042 -0.3918818562583589 0.34268635338568565 0.30797755324183684 0.04356626125829965 0.279 0.267 0.999 1.0
J-c-o-ztfg 1D3 True F99 59756.252517963716 0.19903523737247122 7.189598078106853 0.03413523272054807 -0.27772874369258405 0.25867333767615275 0.33119279686959247 0.025264344755006874 0.806 0.545 0.778 0.984
J-c-o-ztfg-ztfr 1D3 True F99 59756.17972753537 0.15803294800493553 7.16861256643957 0.031783623577383666 -0.6464638648633854 0.17807574576869448 0.32660094831526076 0.0233392507452588 0.871 0.623 0.731 0.984
J-c-o-ztfg-ztfr 2D True F19 59756.26454861357 0.18076543811140963 7.140821411338428 0.03442953372121278 -0.6476932675150957 0.20050116437449625 0.30188148412673665 0.026549228716518977 0.477 0.374 0.999 1.0
J-c-o-ztfg-ztfr 2D True F99 59756.26215785125 0.18077850176388593 7.254021047964039 0.03447786274207633 -0.647627457246342 0.20049003852422467 0.329951982000266 0.02658902501859664 1.584 0.945 0.005 0.585
J-c-o-ztfg-ztfr 2D True O94 59756.26206355382 0.1807220264421338 7.254013150092183 0.03446770161473795 -0.6476531855529 0.200425987842156 0.3299430106919289 0.026575506358755593 1.703 1.001 0.001 0.472
J-c-o-ztfr 1D3 True F99 59756.04712308082 0.19250005577894075 7.215326371577715 0.057677259408227745 -0.7641002055155006 0.20009550481624583 0.35655454090634753 0.03809145262592918 0.708 0.581 0.911 0.982
J-c-ztfg 1D3 True F99 59756.33316381761 0.24376027006706516 7.193588634976651 0.035273071436975945 -0.3438171161963351 0.31924903077400585 0.36634524215669906 0.030163798351404147 0.684 0.647 0.822 0.857
J-c-ztfg-ztfr 1D3 True F99 59756.2098316246 0.17510312400003167 7.166789068102332 0.03197381277123379 -0.7297623550741799 0.19342968639229813 0.33976742146531713 0.02518010771230032 0.817 0.697 0.77 0.91
J-c-ztfr 1D3 True F99 59756.03746850673 0.2247846757532272 7.213335297005916 0.05689444380622651 -0.8740131318308986 0.22230121404189376 0.3719338268472755 0.03840098321092643 0.731 0.709 0.812 0.835
J-o 1D3 True F99 59756.1288961809 0.2867959210687312 7.377291911399586 0.1067361504645648 -0.5621521944806871 0.48902823929706657 0.43194017422146236 0.058794846746341826 0.503 0.495 0.941 0.945
J-o-ztfg 1D3 True F99 59756.26655817411 0.2009964298345235 7.190431652541791 0.03772197576233996 -0.24153075366852061 0.3014267450548618 0.33200193212570084 0.025958638509799757 0.877 0.574 0.652 0.965
J-o-ztfg-ztfr 1D3 True F99 59756.18503046647 0.15777498990502262 7.159827605838209 0.034250965157648375 -0.6939818494532658 0.18989949697403222 0.32084559074150937 0.024151665031479874 0.834 0.616 0.781 0.981
J-o-ztfr 1D3 True F99 59756.06238918303 0.195678171901685 7.27263895360906 0.08117152602268811 -0.8559703504845103 0.21834244946065853 0.3926507413628941 0.050084729504281424 0.696 0.577 0.904 0.975
J-o-ztfr 2D True F99 59756.04294110117 0.19848064429245985 7.120167051357748 0.10054650243420558 -0.8609343446261504 0.21857515601143504 0.28917187575297215 0.06455594779668838 0.459 0.4 0.997 0.999
J-ztfg 1D3 True F99 59756.36115869265 0.24486149234883003 7.1864924178845 0.040768695809426866 -0.30517275966032537 0.40066579882622777 0.37076160293173244 0.030358615502711503 0.697 0.682 0.756 0.771
J-ztfg-ztfr 1D3 True F99 59756.20007535728 0.17396032711421622 7.160778262243104 0.034352209126085054 -0.796261905118 0.20727546512136238 0.34078655085922727 0.02542274825422117 0.943 0.754 0.556 0.831
J-ztfg-ztfr 2D True F99 59756.2439802412 0.1756391465312562 7.133441253480835 0.035031223267822306 -0.7917836399487823 0.2092320214177578 0.3072954773021018 0.027471038195572228 0.544 0.531 0.98 0.983
J-ztfr 1D3 True F99 59756.045979666436 0.22823686113790184 7.23088745527069 0.08269613458968557 -1.0097633716573577 0.24561032801747926 0.3839875643681976 0.05047265018493152 0.726 0.711 0.779 0.795
o  True F99 59755.98294626342 0.4860737370508819 7.168083076961413 1.82087678388336 -0.3483747598092567 0.5958276619419663 -0.4257555537472202 1.231491613101172 0.184 0.18 0.999 0.999
o-ztfg  True F99 59756.40303648249 0.22232838439860297 8.250488905522252 0.04105060335952466 -0.33955251615536064 0.3025794216610495 0.28414225224951606 0.033423543967969226 0.253 0.248 1.0 1.0
o-ztfg-ztfr  True F19 59756.28651803121 0.18824511023578594 7.2393321611078365 0.03861319103363264 -0.7133208024609117 0.21634617708987136 0.3187826900919271 0.029968117210514414 1.812 1.016 0.001 0.443
o-ztfg-ztfr  True F99 59756.263068781 0.1694109050115621 8.225723497518358 0.03695199939913215 -0.7162843332265356 0.19121169859916776 0.2864166927051305 0.02847995118345331 0.48 0.446 0.998 0.999
o-ztfr  True F99 59756.00654602515 0.22516505404584283 7.765610925446266 0.3585817140176584 -0.8730383473522982 0.21953615845207522 -0.022847180582859776 0.24707639111717533 0.363 0.355 0.999 1.0
ztfg  True F99 59757.12969144954 0.6220809779172226 7.885334759917503 0.061394608800812545 0.7372435472050991 1.0391992833839263 -1.5861804577836447 1.67517644183344 0.289 0.285 0.978 0.979
ztfg-ztfr  True F19 59756.32003705586 0.21144844837407442 7.244244505001007 0.040146413234154334 -0.7995009050126092 0.23728143248305442 0.3362545609779013 0.03526165485480029 2.24 1.3 0.0 0.136
ztfg-ztfr  True F99 59756.294122255465 0.19154340830791464 8.230910248216562 0.03835123693767287 -0.8017623273039741 0.20950318414662972 0.30423191392217613 0.03359133093110836 0.569 0.555 0.964 0.97
ztfr  True F99 59755.93238233931 0.3609409954105707 6.3364212618334985 4.295749802203972 -0.8980948668328201 0.3231612857345124 -1.0682348676626494 3.207254488781348 0.537 0.523 0.913 0.921