bps_used variant success reddening_law t0 e_t0 x0_mag e_x0_mag x1 e_x1 c e_c rchi2_data rchi2_data_model fitprob_data fitprob_data_model
c  True F99 59332.035480360544 1.667518098438886 9.568564863179992 0.8920708305472349 2.481561380696559 3.026179941835054 -0.025357293969283844 2.1394526291235088 0.137 0.137 0.969 0.969
c-o  True F19 59331.30613664812 0.6497915549585042 8.432335535487912 0.17358512335884102 1.3073303116947264 1.056596426980811 -0.03316960358375528 0.12167584153153088 0.505 0.485 0.976 0.981
c-o  True F99 59331.30454692424 0.6420188001033243 9.450300937015768 0.172150342107534 1.3090163559465133 1.0487755507301124 -0.054757666610183206 0.12043260376512138 0.408 0.407 0.994 0.995
c-o-ztfg  True F19 59331.21763419916 0.3854089197783933 8.430357208677924 0.06287918401777909 1.254803497010559 0.5925360551350082 -0.03217440238378861 0.05168155599925737 0.562 0.486 0.981 0.995
c-o-ztfg  True F99 59331.21663449272 0.36369804815629103 9.44719812709307 0.06081420078571084 1.2467998624220584 0.5683073760419265 -0.05429752218008433 0.050429835683400225 0.312 0.31 1.0 1.0
c-o-ztfg-ztfr  True F19 59331.29951686631 0.3208026547025394 8.35324763817302 0.05524928104600334 1.3409234009590367 0.47826679560888985 -0.02345377662052448 0.039732510384801856 0.285 0.271 1.0 1.0
c-o-ztfg-ztfr  True F99 59331.29685402714 0.3065836761355965 8.353764196891484 0.05360119504571229 1.331952824017704 0.46281799743500307 -0.026195016622573335 0.0384996719010857 0.285 0.281 1.0 1.0
c-o-ztfr  True F19 59331.41268029881 0.43321932248402567 8.443288078291499 0.13535980768632014 1.4484462589399407 0.6416380426627021 -0.004547464286816443 0.10390652829111888 0.496 0.442 0.997 0.999
c-o-ztfr  True F99 59331.41886670262 0.42552182635351665 9.460464193042085 0.13355250930811252 1.4487995885699791 0.6312123067899249 -0.026652710134336614 0.10255077495296881 0.329 0.325 1.0 1.0
c-ztfg  True F99 59331.297752909835 0.4066271755006713 9.450860409671826 0.06925721583433671 1.2752281138287356 0.690866140976149 -0.03942992340176485 0.17464834545976887 0.151 0.148 1.0 1.0
c-ztfg-ztfr  True F19 59331.3650165944 0.3443508760265403 8.441825138487845 0.058924814966242814 1.3527273243844156 0.5293389568790242 0.012599375866045679 0.044096189698934966 0.529 0.413 0.987 0.999
c-ztfg-ztfr  True F99 59331.357860978074 0.3281649402760327 9.457913106870041 0.05697869246235406 1.344384574004592 0.5096528173582674 -0.010193629910278973 0.04261787884550961 0.166 0.164 1.0 1.0
c-ztfr  True F99 59331.59235403448 0.4967757191010708 9.507982540545758 0.15100028900035872 1.6033085167988539 0.7713379344375506 0.019510217119096434 0.11866866623779272 0.172 0.171 1.0 1.0
J 1D3 False F99 59330.50922902838 28.548831429493905 -23.77857794582301 158.643147858738 42435.822311448916 -1 -15.97036409617873 61.436089776558504 None None None None
J-c 1D3 True F99 59332.13895770474 0.787403394267158 8.455968201945485 0.2601826230150703 2.6596572149046676 2.381648074838704 -0.0920559841623696 0.09109001445734899 0.207 0.206 0.99 0.99
J-c-o 1D3 True F99 59331.49595482643 0.6071897534951023 8.286316476692345 0.132036975544086 1.284818849857215 1.0220858219760032 -0.12492813628655855 0.06445024573596066 0.433 0.427 0.995 0.996
J-c-o 2D True F99 59331.34636925178 0.6047027195953277 8.229823592437395 0.14482261091530152 1.0327294868148282 1.0274632778052346 -0.1696342469285353 0.08435292377033836 0.463 0.453 0.992 0.993
J-c-o-ztfg 1D3 True F99 59331.2812112993 0.36155694077799533 8.342326322857376 0.05993764909725581 1.2877707095383 0.5729262272402934 -0.09202264955237241 0.03581768035539552 0.37 0.353 1.0 1.0
J-c-o-ztfg-ztfr 1D3 True F99 59331.33456028797 0.30757849904504464 8.336121395977598 0.05172148199995029 1.3677036791889825 0.46760930263624495 -0.06412189461486849 0.03096685373799301 0.404 0.351 1.0 1.0
J-c-o-ztfg-ztfr 2D True F19 59331.298274660934 0.3206047672746654 8.335343893081395 0.05391145579419188 1.3514776937364967 0.48080120961980516 -0.05692555979831872 0.035607552770631594 0.403 0.354 1.0 1.0
J-c-o-ztfg-ztfr 2D True F99 59331.29745568354 0.32051504715737783 8.419746604739842 0.05396766906447811 1.3504216932191921 0.48074913687741616 -0.03649395507629913 0.035707490304078784 0.606 0.507 0.991 0.999
J-c-o-ztfg-ztfr 2D True O94 59331.297465387426 0.32049437875195896 8.41974363098699 0.053962868614164286 1.3504286755622124 0.4807226515554281 -0.03649150000838764 0.03570132305170812 0.628 0.524 0.986 0.999
J-c-o-ztfr 1D3 True F99 59331.502051192634 0.41771686838946237 8.253438360315641 0.09231944220672705 1.4180206445262888 0.6324549189787781 -0.12715120847761274 0.05627948369709361 0.384 0.366 1.0 1.0
J-c-ztfg 1D3 True F99 59331.40643187639 0.3970556428792481 8.363216853136521 0.06820582583581558 1.4293163846073522 0.6708083055040512 -0.11173966115185932 0.04303940158648728 0.212 0.209 1.0 1.0
J-c-ztfg-ztfr 1D3 True F99 59331.40682654354 0.3307051153351629 8.340826915585396 0.05552497482490488 1.4206662424153973 0.517436628394937 -0.0623562420783841 0.032524602297971904 0.388 0.304 1.0 1.0
J-c-ztfr 1D3 True F99 59331.68881893024 0.4768017897936944 8.26686117140909 0.10307322459689984 1.5688699038089262 0.7697363705005263 -0.12172245321491837 0.05803190367930424 0.322 0.29 0.999 1.0
J-o 1D3 True F99 59331.149565150095 0.9038751798961233 8.19256647642504 0.1659483030841022 1.4104118567628943 1.205185652541959 -0.17908296383935174 0.08960073403730363 0.523 0.522 0.954 0.955
J-o-ztfg 1D3 True F99 59331.16810612763 0.3967037675572309 8.33717086439347 0.060814265829829336 1.2230095605216276 0.5963699552224113 -0.09386042696653578 0.03599066296965895 0.428 0.409 0.997 0.998
J-o-ztfg-ztfr 1D3 True F99 59331.261301441424 0.3266469672484612 8.330537367715136 0.05229503814468395 1.3455651074392065 0.47856330418500814 -0.06705097327677148 0.03127552229109686 0.453 0.391 1.0 1.0
J-o-ztfr 1D3 True F99 59331.41849836898 0.4663070044960943 8.162569344450683 0.11313791063997292 1.5067516429540666 0.6554255732838074 -0.1917212687824006 0.07521255265707122 0.368 0.365 1.0 1.0
J-o-ztfr 2D True F99 59331.320935838114 0.46844689367924447 7.95283975931582 0.19006384974151017 1.4510515296764082 0.6572767511410551 -0.36502943416986555 0.1499515913781465 0.334 0.333 1.0 1.0
J-ztfg 1D3 True F99 59331.300850701526 0.43494403851342983 8.357566943155408 0.069434469848802 1.3105235291065587 0.6979451267263148 -0.11613732672874136 0.04386385613006612 0.261 0.257 0.992 0.993
J-ztfg-ztfr 1D3 True F99 59331.33929354608 0.3522920082732811 8.335780823916693 0.05616671034323604 1.3957215020701832 0.530896848610102 -0.06350661782948333 0.0325153277332959 0.459 0.353 0.994 0.999
J-ztfg-ztfr 2D True F99 59331.30519323615 0.3491563484857903 8.335463654014951 0.056505995493146076 1.3637620208531431 0.5266217897445202 -0.05787093326767791 0.037091464696693985 0.445 0.391 0.995 0.998
J-ztfr 1D3 True F99 59331.63676635576 0.5434701149019667 8.163597751563387 0.12347439331781138 1.6649201216725302 0.8031158876746515 -0.19368657404990436 0.07707574883974495 0.25 0.248 0.999 0.999
o  True F99 59330.5698316128 1.0692426497729737 6.2502510654637575 3.333222440653041 2.3669685528739848 1.8110935938482635 -2.802766901030992 3.145905316957647 0.485 0.483 0.95 0.951
o-ztfg  True F99 59331.09000472354 0.39825584069562175 9.441616643123208 0.06161356281619111 1.1989432122654753 0.5923797438581015 -0.057082169996677645 0.050779325465081404 0.362 0.359 0.999 0.999
o-ztfg-ztfr  True F19 59331.2203512125 0.34370750376863796 8.431799702579154 0.05603116858761109 1.3176226142710419 0.4906832205338869 -0.006766039078609709 0.040168256236639624 0.589 0.494 0.985 0.998
o-ztfg-ztfr  True F99 59331.225657118244 0.32581709732663705 9.448754862572127 0.05425256484052834 1.3073020419392836 0.47352425339153015 -0.028623677932576263 0.038799357615103704 0.314 0.309 1.0 1.0
o-ztfr  True F99 59331.31411171844 0.48256335348952556 8.94822248763024 0.606263701383544 1.455139798989125 0.6693709665268205 -0.45381558529990423 0.5149758765505726 0.353 0.351 1.0 1.0
ztfg  True F99 59332.11728273004 1.1445526260512597 10.044197605129451 1.088035450798873 1.6548953852446864 0.7341106015855057 -1.9053845219942254 1.893930276987954 0.114 0.111 0.997 0.998
ztfg-ztfr  True F19 59331.29092391703 0.3696065748123195 8.435789079685396 0.059687026367042886 1.3262397819758085 0.5443120249534926 0.00975115338210178 0.04433338318995662 0.617 0.473 0.926 0.986
ztfg-ztfr  True F99 59331.28949993534 0.34928307681422344 9.452202114685013 0.057644256766275645 1.3162170320950755 0.5223944122828909 -0.012712525019755805 0.04277541673109321 0.182 0.179 1.0 1.0
ztfr  True F99 59331.566979134885 0.6080637045709303 8.235161627008752 3.2215019583178703 1.7261807331092167 1.0018147292513275 -1.09946475272538 2.9076321583409155 0.214 0.212 0.999 0.999