bps_used variant success reddening_law t0 e_t0 x0_mag e_x0_mag x1 e_x1 c e_c rchi2_data rchi2_data_model fitprob_data fitprob_data_model
c  True F99 59132.548111983255 8.234257359006635 8.789768196658603 5.080340152980861 0.968961037413289 5.131258689943317 1.4739450452643144 5.565218096414663 -1 -1 -1 -1
c-o  True F19 59138.95873827741 0.8202440948778366 8.146726762801277 0.11353275682723535 1.1696877473996699 1.0599253340898127 0.2744762207927053 0.09271212909832374 1.377 1.226 0.136 0.233
c-o  True F99 59138.97725246305 0.8026283538460004 8.003909037698424 0.11156987844832661 1.2078466698857258 1.0360274811259516 0.2343377341845538 0.09048060733360784 0.719 0.715 0.787 0.791
c-o-ztfg  True F19 59138.51886242523 0.488786373741379 8.08388941974565 0.041359470007340096 1.492035969380399 0.5905751344375573 0.21628155619429631 0.04226075169210511 1.607 1.315 0.017 0.113
c-o-ztfg  True F99 59138.53574123893 0.4804594828958777 7.941749011024946 0.04079641267097199 1.492683570492307 0.5804346747410543 0.1779259026163748 0.04110301898613298 0.548 0.544 0.981 0.982
c-o-ztfg-ztfr  True F19 59138.605170496616 0.34109576763075083 7.9239939443461065 0.03732403616974365 0.967452957653568 0.3375385907585215 0.1845037996714724 0.03363089476258736 0.953 0.888 0.565 0.689
c-o-ztfg-ztfr  True F99 59138.593700634796 0.32473146845200684 7.925453224870014 0.03679882429143559 0.9590890435931128 0.3228067600620342 0.17889362730261663 0.03292325685130023 0.953 0.944 0.565 0.582
c-o-ztfr  True F19 59138.79551846151 0.4091295201330732 8.127426114836268 0.10774292990872623 0.7471999382158987 0.38113779771000933 0.2720198678534823 0.08583922718881169 2.237 1.784 0.0 0.004
c-o-ztfr  True F99 59138.75052174767 0.38292380656210545 7.981025371184799 0.10573649549051689 0.7585572273020578 0.36178535789127053 0.2285148707282001 0.08404791800650897 1.178 1.168 0.222 0.234
c-ztfg  True F99 59138.23506813843 0.6215930963098497 7.92977030886674 0.050806274094407855 1.662009515955273 0.6826556236083199 0.11533575783371217 0.13616292611902453 0.315 0.313 0.992 0.993
c-ztfg-ztfr  True F19 59138.5057682024 0.3799786751266353 8.067167278858498 0.03781421720838924 0.9677622875351521 0.3553511942278672 0.21627622069069719 0.037538328189668124 2.773 2.127 0.0 0.0
c-ztfg-ztfr  True F99 59138.497156837926 0.3600913184033234 7.923930239270634 0.037219289874644214 0.9555035205362453 0.3392586892111343 0.17582997614352625 0.03657945723005715 1.106 1.094 0.315 0.33
c-ztfr  True F99 59138.6743936678 0.44378537255708955 7.989397340226073 0.11527090392955415 0.7054115324138501 0.38467950415494234 0.23776718439652644 0.0969233501791515 1.711 1.694 0.037 0.04
J 1D3 True F99 59136.215518586 7.510999719128409 3.0875537678261153 179.98880448586348 488.4229274274321 17734.09861906969 -2.790661759078441 57.813551603355194 -1 -1 -1 -1
J-c 1D3 True F99 59137.59673795283 0.6187149672875828 7.885647259387186 0.09174966290393329 3.769401121346426 2.589262576351081 -0.004063406111813746 0.04680001787430344 5.059 4.899 0.002 0.002
J-c-o 1D3 True F99 59138.22596355917 0.47359220673642044 7.796691362737388 0.06884273306737157 1.6875322695292867 1.0636981014880147 0.025298481927157338 0.04346435433282989 2.097 1.757 0.003 0.019
J-c-o-ztfg 1D3 True F99 59138.34557933861 0.3683400560741449 7.898423049288507 0.036319501456231446 1.5784278823910167 0.579979192526042 0.0856004298621115 0.027615101114537775 1.713 1.222 0.006 0.175
J-c-o-ztfg-ztfr 1D3 True F19 59138.74747593414 0.3307169303443899 7.891851805050379 0.033652433829664895 1.0798062564228075 0.3416665695119575 0.13742556197418493 0.0271038172198344 2.525 1.065 0.0 0.35
J-c-o-ztfg-ztfr 1D3 True F99 59138.74400642693 0.33034290164946783 8.03769938694771 0.0337460046177169 1.0757440674861312 0.34145747257109516 0.17398339267995058 0.02718887623900159 3.249 1.754 0.0 0.001
J-c-o-ztfg-ztfr 1D3 True O94 59138.74412059948 0.33028181142953666 8.037653919251923 0.03373531428987697 1.0758516849100515 0.34138801751091397 0.17393778660667514 0.027173275947499492 3.339 1.834 0.0 0.0
J-c-o-ztfr 1D3 True F99 59138.47649292674 0.3323628387661323 7.756095875764326 0.05740995002727766 0.9196612605928599 0.36554074744939274 0.03293342761903889 0.04074921384236292 2.087 1.773 0.0 0.003
J-c-ztfg 1D3 True F99 59138.05087318285 0.43386276970769805 7.911812737416413 0.03868172054883404 1.7709535592550991 0.6870563632198571 0.03425066050386184 0.03247258473186173 1.219 1.186 0.239 0.266
J-c-ztfg-ztfr 1D3 True F99 59138.40864343468 0.31155281039950644 7.875099257708348 0.03227409760223483 1.1287807687117952 0.34566203959514363 0.09621275561585982 0.026042982878457726 2.647 1.808 0.0 0.003
J-c-ztfr 1D3 True F99 59138.34850654933 0.36944053747079875 7.757312191534235 0.05838747648726826 0.9507297944738435 0.39193710611970883 0.02236564263552723 0.041623296910969096 3.104 2.676 0.0 0.0
J-o 1D3 True F99 59138.25442760626 0.46930460491941284 7.532956379642229 0.12061394238074037 1.207580355475639 1.1168582810972545 -0.09987634872751922 0.06538441890073425 1.755 1.729 0.031 0.035
J-o-ztfg 1D3 True F99 59138.374948910554 0.374072354339436 7.895638963372951 0.03907637739459848 1.5579424612098514 0.5998159077342687 0.08561094376274997 0.02771059188612878 1.918 1.357 0.002 0.092
J-o-ztfg-ztfr 1D3 True F99 59138.54063419789 0.2887167086668172 7.865509405372896 0.03366118429385777 1.0487927244711592 0.3292030108465479 0.1056107412727477 0.025202545345310336 2.318 1.552 0.0 0.01
J-o-ztfr 1D3 True F99 59138.49082576991 0.3243818356576119 7.586358177282767 0.0824885929209189 0.7494145427787324 0.3605944049503933 -0.0696468716725152 0.05536599266803186 1.729 1.7 0.006 0.008
J-ztfg 1D3 True F99 59138.02544642806 0.4558518769855306 7.923473044829631 0.04278130064837882 1.8365350094827968 0.7323210362818658 0.03313180331880205 0.03288890700661806 1.485 1.456 0.114 0.125
J-ztfg-ztfr 1D3 True F99 59138.441199882225 0.31388498975935325 7.86751547236401 0.034066941287709145 1.0933550299151986 0.34931318993364346 0.09415460519746419 0.026198708602675553 2.955 2.014 0.0 0.001
J-ztfr 1D3 True F99 59138.39585540253 0.36289532329969754 7.595175009181765 0.08428000546509333 0.7467699632511572 0.3861897863889183 -0.07032328998374446 0.05555855914583449 2.878 2.838 0.0 0.0
o  True F99 59137.24394350105 1.040173193054218 -9.985142428765851 13.085208695385449 0.806707217542823 0.8163598273377489 -16.60941501432619 13.791063754325956 0.469 0.466 0.943 0.944
o-ztfg  True F99 59138.60278151044 0.4875844494254948 7.9353942756922216 0.04299263024048247 1.4652045061630123 0.5986243019054011 0.1782133370608226 0.040926822519873104 0.586 0.583 0.956 0.958
o-ztfg-ztfr  True F19 59138.6401662957 0.3418754608030341 8.059546572409857 0.0392557918633009 0.9393533523984818 0.34062454279132265 0.2150209303243644 0.03399629864254382 2.192 1.727 0.0 0.002
o-ztfg-ztfr  True F99 59138.62671820013 0.3256507337998929 7.9167582950671225 0.038666783085592044 0.9340601622915913 0.3255602184778618 0.1748440000659547 0.033300508841998346 1.008 1.0 0.456 0.472
o-ztfr  True F99 59138.756173005284 0.3829255140312332 7.636109599360726 0.4874821122150643 0.7544502164286147 0.36563908670611195 -0.03050173393040559 0.37073825991342446 1.291 1.274 0.136 0.148
ztfg  True F99 59138.79220956909 0.7945032538669803 8.011734911154857 0.35964583924386684 2.1213194259310844 0.6785002938629121 -1.5114196273927751 1.5523279960257157 0.264 0.262 0.989 0.989
ztfg-ztfr  True F19 59138.55012122264 0.38240590728204993 8.058953013030075 0.039572342679620995 0.9334479118328564 0.3591183822720425 0.2135934446900631 0.03758816282005176 2.934 2.242 0.0 0.0
ztfg-ztfr  True F99 59138.53730630808 0.3620981509563876 7.915942406784405 0.03896543936862525 0.9249540026836688 0.3425343406708099 0.17298607210886685 0.03667898004383335 1.225 1.213 0.198 0.209
ztfr  True F99 59138.50762513609 0.410009576035652 -6.561343395191937 3.4654219799780384 0.8955421251243184 0.3404186639017133 -13.109566895217007 3.510239873703795 0.427 0.423 0.954 0.955