bps_used variant success reddening_law t0 e_t0 x0_mag e_x0_mag x1 e_x1 c e_c rchi2_data rchi2_data_model fitprob_data fitprob_data_model
c  True F99 59163.83658691918 3.5030518164331923 17.198113573555677 14.648555735682827 -2.754299243055386 0.9761778228246295 7.880193502558782 11.822868803074792 1.451 1.451 0.18 0.18
c-o  True F19 59154.60319506157 0.46113445059926844 8.442161124806132 0.2687044940102711 -1.0324763751543862 0.6008685705824567 0.33321574568612805 0.17661304754398463 0.916 0.879 0.596 0.652
c-o  True F99 59154.605010656756 0.4458295181167251 8.401018859327152 0.26031117633030404 -1.025360103757258 0.5853289253402825 0.32240765203228494 0.17132436367535367 0.894 0.892 0.629 0.633
c-o-ztfg  True F19 59154.49578110642 0.33892834820609963 8.175435740041852 0.06531403122005047 -1.2614421048711688 0.3870026228501438 0.17645846703228196 0.05714592508190166 0.71 0.681 0.918 0.94
c-o-ztfg  True F99 59154.49786872679 0.328542179762499 8.177084965791934 0.06474212164849334 -1.255393780194399 0.3777285212424856 0.17664684693628596 0.05596191746547864 0.71 0.707 0.918 0.921
c-ztfg  True F99 59154.4668278348 0.4335163337020068 8.121062581738254 0.07976152351483667 -1.4042842148041568 0.583996755392416 0.03085338876012128 0.2511739951367645 0.761 0.76 0.778 0.779
J 1D3 True F99 59154.329548679925 3.9564223333630255 6.875592950197351 63.0387205543265 -13.674460460916134 24.388601227636766 -0.06801276642921346 22.344062268675923 -1 -1 -1 -1
J-c 1D3 True F99 59154.04796968969 0.38031036881458 8.211341003949883 0.23906344311613564 -2.066738820850449 0.7970032597543385 0.27310752728260684 0.08584116892304697 1.201 1.2 0.266 0.267
J-c-o 1D3 True F99 59154.24152085422 0.3059985332672045 8.430048688159776 0.12701917662974682 -1.0820247070751494 0.5054603969375431 0.34515377926649377 0.06056762115982631 0.883 0.88 0.659 0.664
J-c-o-ztfg 1D3 True F19 59154.30595885142 0.2910683055504146 8.219186923425367 0.060769215860274076 -1.3092338529764116 0.3662053358780083 0.2424577626384209 0.038912962562227336 0.866 0.723 0.724 0.918
J-c-o-ztfg 1D3 True F99 59154.30491840988 0.2910245007659936 8.264659436778272 0.06081652309846617 -1.3104074871139477 0.3661159937831567 0.2543244466913312 0.03894853250221079 0.914 0.748 0.636 0.893
J-c-o-ztfg 1D3 True O94 59154.30488153701 0.29100168998898557 8.264671221916707 0.06081367164304294 -1.3104260445830151 0.3661019827613695 0.25433729194801064 0.038942130277089364 0.917 0.749 0.63 0.892
J-c-ztfg 1D3 True F99 59154.15686801537 0.2999766264660249 8.174579064672677 0.06123767152284975 -1.7268715178607545 0.4018361485130097 0.25572698144721007 0.035921886721072785 0.795 0.791 0.759 0.765
J-o 1D3 True F99 59154.16865085046 0.35392382406685746 8.448727139194308 0.14484683015865527 -0.7891552838349584 0.6299894192026851 0.34676380855830913 0.06981199788021927 0.681 0.677 0.834 0.838
J-o-ztfg 1D3 True F99 59154.14360925582 0.29387487953479524 8.22584756017343 0.06030294986866981 -1.0376001252039206 0.42293228275645606 0.2452769404135526 0.03585422068464365 0.656 0.57 0.925 0.972
J-ztfg 1D3 True F99 59154.023503218814 0.3630482126580378 8.181003760885133 0.06455723047048942 -1.2799670629837534 0.5647113825589847 0.25485499742735596 0.03629850071205002 0.265 0.264 0.992 0.992
o  True F99 59154.08203291545 0.7378260920932677 -1.3572787410226326 14.213814586176284 0.18125105834341093 0.8717679855845095 -7.695535009583436 13.154655678458292 0.633 0.631 0.85 0.852
o-ztfg  True F99 59154.41404048616 0.3871150365208562 8.18406916448347 0.06495686486981551 -0.8917329013355413 0.44752835187492385 0.1734088094797417 0.055264353901339894 0.463 0.46 0.992 0.992
ztfg  True F99 59154.15223619407 1.9516574023478248 8.259521830936565 1.9040579170959324 -1.2768533031436151 1.9727740935166147 0.5222881046406239 6.4462563176296745 0.226 0.225 0.986 0.987