bps_used variant success reddening_law calibration Tmax e_Tmax DM e_DM st e_st EBVhost e_EBVhost rchi2_data rchi2_data_model fitprob_data fitprob_data_model
c-o  True O94 0 59362.32763206986 0.4117119672543437 36.28772028337821 0.09795210376849592 0.7301854056832683 0.04099692419565111 0.09600627104564055 0.07861412636402587 0.458 0.449 0.987 0.989
c-o  True F19 6 59362.326078077735 0.42842890059266336 36.339652904996605 0.09693107996182612 0.7301518549470529 0.04340472208858559 0.09559710618238636 0.07797862723325288 0.458 0.449 0.987 0.989
c-o  True F99 6 59362.32592155914 0.4283653698715864 36.3726426134395 0.0934977496248604 0.7300482138369578 0.043389569486581105 0.08190935995555194 0.07462728740809188 0.457 0.449 1.0 1.0
c-o-ztfg  True F19 6 59362.087875508085 0.36845222119702786 36.21484701421947 0.1025317253872271 0.6773455638055665 0.0360220590816021 0.14690611222730995 0.06560417417673134 1.07 1.035 0.35 0.408
c-o-ztfg-ztfr  True O94 0 59362.03384155483 0.36465718433336336 36.07239566072248 0.09738743214291168 0.6678270597511753 0.034600725008067164 0.12838811329925082 0.06802141727832786 0.927 0.893 0.636 0.708
c-o-ztfg-ztfr  True F19 6 59362.1184129011 0.3590079140066205 36.17419315948856 0.09828575608689123 0.6835064849637069 0.03357628416768999 0.17131866719878527 0.06346859143685678 0.838 0.81 0.811 0.853
c-o-ztfr  True F19 6 59362.203079756146 0.37454864177758623 36.28109497785042 0.09389665307526389 0.7067480745571609 0.034676912290541845 0.0946152291164943 0.07077022767670273 0.481 0.465 0.998 0.999
c-ztfg-ztfr  True F19 6 59362.21681316426 0.35975965319629005 36.101645145371705 0.1029380457716759 0.6642815579761332 0.0345506107151213 0.1870783690730419 0.06402020572517951 0.73 0.701 0.893 0.919
J-c-o 1D3 True F19 6 59362.36990023244 0.3923991663521332 36.216478530959996 0.09418602575035051 0.691384105068021 0.03838047992694 0.14364067889152826 0.0661151426521192 0.785 0.701 0.797 0.891
J-c-o dehvils True O94 0 59362.063779790784 0.3850227688760785 36.28147770364 0.09040343440930841 0.6711766124856448 0.035769450146219496 -0.006125480662320436 0.07426422479390075 0.789 0.62 0.795 0.954
J-c-o dehvils True F19 6 59362.14185667558 0.38631788444766285 36.25321891690745 0.09174179518001666 0.6726449562204024 0.03672279768049171 0.08579346098897733 0.06565745237732024 0.839 0.683 0.724 0.911
J-c-o-ztfg 1D3 True F19 6 59362.14730170204 0.3593484095716242 36.191966111606554 0.09614232122739252 0.6681553369704111 0.033661136479076426 0.14984234360154408 0.0623083526875651 0.882 0.824 0.711 0.811
J-c-o-ztfg-ztfr 1D3 True F19 6 59362.13640560669 0.35555665033430445 36.17452663159964 0.09548306580031297 0.6721140751312815 0.03282164063691593 0.15844917308802192 0.06201377634438685 0.82 0.768 0.858 0.923
J-c-o-ztfr 1D3 True F19 6 59362.29120539224 0.3663942072687632 36.2118543404107 0.09236180407450931 0.6932581795838162 0.03412445355379112 0.13689166043495238 0.06397124722047325 0.62 0.561 0.984 0.995
J-c-ztfg-ztfr 1D3 True F19 6 59362.21036884719 0.35496647055637 36.15889428230442 0.09551386148322233 0.6619528099338653 0.03298804140654449 0.1474988729447126 0.06189696316280179 0.705 0.65 0.94 0.971
J-o-ztfg-ztfr 1D3 True F19 6 59362.08925948461 0.35059399799363394 36.1507807699995 0.09802142020210891 0.6734657067002872 0.031880990307259806 0.192231343335558 0.06125909715933437 0.501 0.44 1.0 1.0
J-ztfg-ztfr 1D3 True F19 6 59362.078068631614 0.3500071349529401 36.13081477024756 0.09983778528235196 0.6636399063821071 0.03194945245521085 0.19417944291988506 0.06112669342677689 0.438 0.362 0.999 1.0
o-ztfg-ztfr  True F19 6 59362.09309963122 0.35150917411141097 36.154454706637814 0.09894622455942752 0.6877189508471777 0.03213064152611272 0.1976852198217968 0.061972040414272477 0.424 0.408 1.0 1.0
ztfg-ztfr  True O94 0 59362.06705043374 0.3493589242690091 36.052986723569056 0.09613310584714001 0.6807935138860182 0.032049986514865576 0.15766285559199222 0.06339391046278932 0.246 0.233 1.0 1.0
ztfg-ztfr  True F19 6 59362.06735331223 0.3485772672940473 36.07941374146918 0.10499266839275946 0.6807972453634602 0.03188159554704225 0.23671674823692085 0.06153724477878936 0.246 0.233 1.0 1.0