bps_used variant success reddening_law t0 e_t0 x0_mag e_x0_mag x1 e_x1 c e_c rchi2_data rchi2_data_model fitprob_data fitprob_data_model
c  True F99 59362.79503644764 1.8260973344960272 8.29370577919263 0.7688201732791798 -1.0017691470325683 2.218593906218299 0.09095186790647683 1.2142763158425611 0.022 0.021 1.0 1.0
c-o  True F19 59362.093539098416 0.27444378153096566 7.02274482802023 0.1271803072570901 -2.0677374237159265 0.3073020096367531 0.09198960718722858 0.08501594950334125 0.551 0.403 0.974 0.998
c-o  True F99 59362.09374297866 0.274442388503884 7.023176390393036 0.12718126133103955 -2.0673508491921835 0.3073152078578114 0.0881819800637306 0.08501890220927787 0.551 0.403 0.974 0.998
c-o-ztfg  True F19 59361.81185418328 0.1568589715163077 7.166288956417969 0.04053133011448295 -2.2462973144293015 0.1696833326166523 0.14909691592988242 0.03575817606309172 1.436 0.911 0.024 0.65
c-o-ztfg  True F99 59361.84853653755 0.13411854964952985 8.15590826618486 0.03869250453045869 -2.2351852430060433 0.14480707567286444 0.12010961806849552 0.033100283880466964 0.672 0.642 0.962 0.976
c-o-ztfg-ztfr  True F19 59361.901346769395 0.13534288412559967 7.0560772574166855 0.039030739780815914 -2.2777431514161215 0.14713624459449032 0.13386820112337106 0.03120097106195775 0.77 0.516 0.92 1.0
c-o-ztfg-ztfr  True F99 59361.94094087496 0.11065632820097918 8.154846818885817 0.03685043641118883 -2.2871466592002268 0.12144163679325447 0.12992366333856106 0.029017048211766205 0.776 0.733 0.911 0.95
c-o-ztfr  True F19 59362.10031084821 0.19233394201711054 7.098063241845722 0.10982520220214385 -2.236163416625594 0.21275700459542835 0.10880871071394413 0.0761336295098309 1.443 0.79 0.025 0.849
c-o-ztfr  True F99 59362.11224678559 0.14852465985224655 8.08352911437839 0.09307692688128727 -2.2841854375608763 0.1691305678792983 0.07894856642269266 0.06506699923864241 0.673 0.641 0.958 0.974
c-ztfg  True F99 59361.5274095703 0.1807505548429626 8.214034242765099 0.0563046320861704 -2.4251627318884506 0.18350543647914147 0.2890268339140596 0.10351189367476818 0.452 0.443 0.992 0.994
c-ztfg-ztfr  True F19 59361.82500268058 0.15037914510169872 7.176379071765091 0.04131049468929625 -2.307612442838113 0.1612626262821748 0.1820694897676726 0.03779494202578329 1.734 1.031 0.002 0.414
c-ztfg-ztfr  True F99 59361.85931613765 0.12445553937165299 8.161574974783003 0.03883769139646515 -2.32227028738338 0.1311968579687033 0.1492093270816821 0.03485876255651702 0.775 0.737 0.862 0.904
c-ztfr  True F99 59362.085655958675 0.18657763607517885 8.103576557796924 0.1110042308764682 -2.316256263713863 0.20493919422391133 0.10297038814970907 0.08238747957552268 0.706 0.675 0.851 0.88
J dehvils False F99 59359.11959276501 0.9072830472667099 35.7763889916057 27.918291934578168 -28.014784179606657 8.162277685556708 9.254835201170188 9.301528600076175 None None None None
J-c dehvils True F99 59362.441720185125 0.18020547098889197 7.161137591045054 0.0946518734164092 -1.498988784079302 0.45472718290957614 0.14566401871185478 0.04181221183820867 3.484 3.453 0.0 0.0
J-c-o 1D3 True F19 59362.25848910749 0.2121571549539944 7.097486207657331 0.08085063418324542 -1.9481424234584659 0.2759156316804173 0.14274066089972032 0.04580182167165299 1.15 0.623 0.244 0.965
J-c-o 1D3 True F99 59362.261751695056 0.2122707325715984 7.215104833803045 0.08087102688646793 -1.94328037014674 0.2758276494458984 0.17386710823531532 0.04582719747117415 1.616 0.844 0.01 0.736
J-c-o dehvils True F19 59362.22686463211 0.20838835018710336 7.0565657851772645 0.07958864654476147 -1.9915730931017113 0.2749692257469341 0.11193952416003516 0.044752622296040594 1.769 0.718 0.003 0.898
J-c-o dehvils True F99 59362.230064257215 0.20852708714917156 7.174240740012617 0.07960258493041995 -1.986582166643578 0.27489973341517954 0.1431294135599655 0.044772559410434724 2.283 0.939 0.0 0.575
J-c-o-ztfg dehvils True F99 59362.075142578724 0.1082721811561159 7.073215285508932 0.034353154458336 -2.1196479799826 0.14356451559101258 0.1240183552078791 0.02398784350882503 1.543 1.509 0.005 0.008
J-c-o-ztfg-ztfr 1D3 True F19 59361.98841030116 0.12645907820523913 7.0598894918524095 0.03555387284868161 -2.244117212210229 0.1487824229455995 0.1338377400134788 0.02533254152699297 1.102 0.626 0.254 0.996
J-c-o-ztfg-ztfr 1D3 True F99 59361.98740478273 0.1265180052859876 7.173596310311421 0.03561500803084946 -2.244405146388953 0.1487930250625824 0.16261391285398097 0.02537787874155917 1.77 0.962 0.0 0.574
J-c-o-ztfg-ztfr 1D3 True O94 59361.987591764926 0.12646237153841686 7.173598628485287 0.03560346872817845 -2.2444254179080136 0.14873856267021135 0.1626163969632318 0.025364068022281853 1.842 0.994 0.0 0.493
J-c-o-ztfg-ztfr dehvils True F99 59362.08576072536 0.09430980362716951 7.058803543794689 0.03240573894231367 -2.2224067190074313 0.11937983448633636 0.12607896077123176 0.022717159532019575 1.409 1.348 0.011 0.023
J-c-o-ztfr dehvils True F99 59362.24663024927 0.11239364864791386 7.021082909691905 0.05728277094205568 -2.21546337194847 0.15775818963706756 0.10238738049319315 0.0358717016611142 1.455 1.417 0.015 0.022
J-c-ztfg dehvils True F99 59362.04748992295 0.1222370589038378 7.077567209342249 0.036202218803094904 -2.08554212701054 0.16744079596829609 0.12575161102910298 0.027649709216334167 2.158 2.113 0.0 0.0
J-c-ztfg-ztfr dehvils True F99 59362.06405272668 0.10237066292158074 7.059379328382368 0.033080806258649904 -2.2286382981913633 0.13071610416302917 0.1310633036942257 0.024185517353098013 1.777 1.669 0.0 0.002
J-c-ztfr dehvils True F99 59362.25854701263 0.1265589091698784 7.018827891224316 0.059650436301478725 -2.240794786078174 0.18769200018601906 0.1060395795050682 0.0366842933158383 2.032 1.983 0.0 0.001
J-o dehvils True F99 59362.34181334744 0.14424354291231828 7.048372427202539 0.09755631504168111 -2.1388232626266053 0.27820669627462963 0.11019692452143426 0.0523135065755201 2.234 2.197 0.0 0.0
J-o-ztfg dehvils True F99 59362.06071147483 0.11316815591050854 7.075939618115561 0.03562223290709196 -2.195571455061631 0.15418281556767033 0.12460711042185157 0.0242221747099668 1.784 1.749 0.001 0.001
J-o-ztfg-ztfr dehvils True F99 59362.08271302447 0.09746459395358141 7.0610424909221 0.033613875461469704 -2.2818887747701915 0.1258253999460068 0.12780943929709698 0.02311187810251995 1.562 1.491 0.002 0.006
J-o-ztfr 1D3 True F99 59362.27550404658 0.12097904296199757 7.047724028614682 0.07746472980222965 -2.309438929295817 0.17403369054467716 0.12595906558922948 0.047359594642749525 1.194 1.149 0.17 0.224
J-o-ztfr dehvils True F99 59362.2756408643 0.11687813699926365 6.996373922078664 0.07533504457836981 -2.313084086441529 0.17348866062811613 0.09079523931569612 0.04596385941514706 1.664 1.611 0.003 0.005
J-ztfg dehvils True F99 59362.02618997876 0.12953072672278446 7.079762842467494 0.03763533260964545 -2.1754728696344214 0.1824412138733587 0.12202916763314281 0.02804769487771716 2.854 2.797 0.0 0.0
J-ztfg-ztfr 1D3 True F99 59362.04519137803 0.11104170929625926 7.069243231663053 0.0347230144171132 -2.3017178758515984 0.13954079085016508 0.1437522409099536 0.0249943108270321 1.478 1.431 0.021 0.032
J-ztfg-ztfr dehvils True F99 59362.06175400721 0.106442259092029 7.060053136822764 0.03415780236082563 -2.2980822934048044 0.13885382035002986 0.13150818070455167 0.02439144548883014 2.08 1.955 0.0 0.0
J-ztfr dehvils True F99 59362.304949820114 0.13281482924775334 6.977021750688094 0.07814553459943047 -2.413752159375794 0.21465361273086922 0.08767175043020223 0.04603233195265208 2.591 2.534 0.0 0.0
o  True F99 59362.072512496365 0.2934815998652702 6.865660764162673 1.7452267015485494 -2.1056687323517314 0.34310706065363694 -0.747467070920242 1.2057823184239689 0.686 0.667 0.837 0.855
o-ztfg  True F99 59361.78690700031 0.14470672525190237 8.160563656812993 0.03971549899115442 -2.3222105976419383 0.15814568398335332 0.11909471056636416 0.03350643483413204 0.753 0.728 0.869 0.895
o-ztfg-ztfr  True F19 59361.87867297053 0.14385156534258037 7.171464867997345 0.0401233102458571 -2.3569901559265123 0.16182837940443598 0.1629668004250221 0.03167729519983425 1.688 0.967 0.001 0.546
o-ztfg-ztfr  True F99 59361.921216913615 0.11625596097107534 8.160618884016019 0.03817975656963499 -2.351063838047968 0.12808579456476338 0.1336455727009253 0.02960162779474282 0.844 0.8 0.795 0.863
o-ztfr  True F99 59362.12825015953 0.15638521175150824 7.721028128908754 0.3785308048460114 -2.357249464434809 0.18092218286842507 -0.1674681060208779 0.2630991416755507 0.717 0.687 0.902 0.928
ztfg  True F99 59361.8068324582 0.596273310878888 7.961719117067991 0.28175916067366163 -2.16814147405451 0.5231625763563379 -0.6257452657513873 1.4587339251213918 0.618 0.608 0.873 0.88
ztfg-ztfr  True F19 59361.792832518375 0.16208460829725693 7.176809249950085 0.042106823669940535 -2.3960638850326563 0.18049120364373714 0.18081794813799118 0.03817193038058271 1.971 1.137 0.001 0.265
ztfg-ztfr  True F99 59361.82935954463 0.13267392742950673 8.165113793387153 0.0398459302864617 -2.394959139723926 0.14117577375359366 0.15002459006013963 0.0352231131432639 0.909 0.871 0.622 0.686
ztfr  True F99 59361.68991253158 0.24010060577350045 -1.1700958797366405 2.9390708514385486 -2.6764820493260943 0.26323972273497004 -7.330886217086624 2.5662391445700417 0.521 0.496 0.931 0.944