bps_used variant success reddening_law t0 e_t0 x0_mag e_x0_mag x1 e_x1 c e_c rchi2_data rchi2_data_model fitprob_data fitprob_data_model
c  True F99 58560.3384529857 4.958597630718199 8.426804136610603 0.8261058181365244 6.341404864760509 12.269727285915012 -1.09664595515902 1.0560813220453036 0.238 0.231 0.626 0.631
c-o  True F19 58567.78063112504 0.9260309484547666 7.769341723821693 0.1443135259752786 1.0472189240457723 0.8018817176024206 -0.148217508048867 0.10647217476360618 0.474 0.458 0.98 0.983
c-o  True F99 58567.784475204564 0.9012294966546492 8.81436419272055 0.14155330693273357 1.0464364143801634 0.7867138726975308 -0.16403807316661015 0.10438880874239549 0.405 0.404 0.993 0.993
c-o-ztfg  True F19 58568.02703302406 0.8686489078299975 7.855041235563198 0.0871262843323723 1.3843682774720905 0.6202121483646266 -0.09417082938878438 0.06700032810761208 0.441 0.421 0.995 0.997
c-o-ztfg  True F99 58568.031270761305 0.8438916740200811 8.900177266264247 0.08581688007258056 1.3840723159499335 0.6072840672674904 -0.10984268146226725 0.06586262988334131 0.351 0.349 0.999 0.999
c-o-ztfg-ztfr  True F19 58567.894494943714 0.7594438973239356 7.768575885035433 0.07566553216877722 1.0990052984921435 0.47258919744675976 -0.11529650866192259 0.055284311950851095 0.321 0.309 1.0 1.0
c-o-ztfg-ztfr  True F99 58567.90072285424 0.7357391278658653 7.7691912954848625 0.07434057633754756 1.0974598400241344 0.462224001220731 -0.11753468217729265 0.05428323503860437 0.321 0.319 1.0 1.0
c-o-ztfr  True F19 58567.71695048906 0.7849659072079386 7.751122587153516 0.12149628705718503 0.8664798444296489 0.5301528333740309 -0.14836712533127533 0.09158543487621809 0.412 0.389 0.999 0.999
c-o-ztfr  True F99 58567.72471721901 0.7603503410730605 8.796607346168045 0.11865391417610648 0.8651679652141945 0.5188061838551564 -0.16353845560064773 0.08944698231252426 0.334 0.332 1.0 1.0
c-ztfg  True F99 58566.63585075297 3.1343024310503527 8.90712051432552 0.12975193116415062 2.268746977737812 1.703963830417743 -0.028955680291939928 0.1583067316406631 0.282 0.281 0.98 0.98
c-ztfg-ztfr  True F19 58567.66220064934 1.5755050183349244 7.820976562285624 0.09980474833538898 1.2105681429224306 0.6842460281669676 -0.0959050816328991 0.0688166111750538 0.451 0.416 0.983 0.99
c-ztfg-ztfr  True F99 58567.68252218007 1.5234779023037266 8.866688566691614 0.09734788391804404 1.2017765671890142 0.6668625435260415 -0.11051229468611344 0.06713287617726911 0.302 0.3 0.999 0.999
c-ztfr  True F99 58567.340607675054 1.7385440877850356 8.78111485286615 0.15894092248143502 0.9067320933333258 0.7464169369694674 -0.16082598508498275 0.11471558062314338 0.33 0.328 0.988 0.988
J 1D3 False F99 58569.20784531669 -1.0 8.2481045288668 -1.0 0.0 -1.0 0.0 14.510262304139712 None None None None
J-c 1D3 True F99 58577.03295625055 1.0199539137212172 8.19459070405489 0.11188190617818744 0.5853557578656146 1.6854955073661997 0.08346832405954714 0.0990857143109383 3.02 2.996 0.017 0.017
J-c-o 1D3 True F99 58568.32890740537 0.5772705188023601 7.732620550228933 0.08837170136465876 1.1273998502480798 0.7883644575284326 -0.17175062797049404 0.045145206004974035 0.46 0.442 0.987 0.99
J-c-o-ztfg 1D3 True F99 58568.263510312914 0.5549301121385898 7.793844187133452 0.06579955656737556 1.374878674993671 0.6063328222041734 -0.14093580214110413 0.03470583687965886 0.437 0.394 0.997 0.999
J-c-o-ztfg-ztfr 1D3 True F19 58567.70244294446 0.6126399080264815 7.7468617536073205 0.060763170940829676 1.1299862298668908 0.47167870698697306 -0.13611311613816002 0.036824885361908456 0.441 0.303 0.999 1.0
J-c-o-ztfg-ztfr 1D3 True F99 58567.71824507386 0.6126476260488213 7.803962972195176 0.060765915809890395 1.1272769363642192 0.47139682186816384 -0.12146991458740458 0.0368560704150737 0.498 0.371 0.997 1.0
J-c-o-ztfg-ztfr 1D3 True O94 58567.718220474446 0.6125634082740055 7.80395655473819 0.06075918074951237 1.127263538980587 0.47137866453896565 -0.12147582891855437 0.036848688170804896 0.505 0.378 0.997 1.0
J-c-o-ztfr 1D3 True F99 58568.21451874204 0.5284487162387118 7.699918295010937 0.07280074451947763 0.8510140938824837 0.5157838030101396 -0.17655138440473578 0.04393824919743115 0.39 0.374 0.999 1.0
J-c-ztfg 1D3 True F99 58568.916958271264 0.9197012525568834 7.845813650609575 0.07741463923706061 1.4956577065419892 0.8864229957619132 -0.15030883708367818 0.03871102187304904 0.386 0.368 0.962 0.969
J-c-ztfg-ztfr 1D3 True F99 58568.40651167075 0.7131245278452756 7.773971197400144 0.06199994670577093 1.0667145568438419 0.5533320830096927 -0.14452111117243743 0.03395902533056625 0.465 0.387 0.984 0.995
J-c-ztfr 1D3 True F99 58568.583385113896 0.7411619300315968 7.704472325318584 0.07919534899400237 0.6945255702543438 0.650888390135064 -0.18140982289350227 0.04442133724600347 0.434 0.402 0.97 0.979
J-o 1D3 True F99 58568.54966015205 0.6790306423456394 7.663335872649501 0.14011056618212997 1.1461852963131718 0.8901455996664054 -0.21059328073305233 0.07557221716199719 0.443 0.437 0.976 0.977
J-o-ztfg 1D3 True F99 58568.28501925852 0.5672591858684252 7.805458622489571 0.0731740582380864 1.3620927958535263 0.6450629921496753 -0.1372722647158276 0.03641574508590612 0.441 0.389 0.992 0.997
J-o-ztfg-ztfr 1D3 True F99 58568.164771748154 0.5202673963371269 7.764573676558976 0.06142690927733415 1.0509857267235876 0.4707729303044737 -0.1409193750720215 0.03494368233590877 0.417 0.362 0.999 1.0
J-o-ztfr 1D3 True F99 58568.370964594695 0.5738573644406328 7.649855248714058 0.10179074224716281 0.7920295124036414 0.5337106309658955 -0.20769995281632855 0.06311527602262351 0.358 0.353 0.999 0.999
J-ztfg 1D3 True F99 58569.17157936465 0.9707325604635061 7.888743614468913 0.09301509108083919 1.5108802013727187 1.0105265660803586 -0.14629992336521602 0.040436624036500626 0.147 0.146 0.981 0.981
J-ztfg-ztfr 1D3 True F99 58568.46989023521 0.7275065779685712 7.780511320937844 0.06787928137398191 1.021604165957467 0.5773182216557469 -0.142952324871003 0.03552989683677937 0.488 0.379 0.954 0.987
J-ztfr 1D3 True F99 58568.93018723528 0.806896387579819 7.62686540319854 0.11433994208602473 0.49006500809767717 0.6885425743421164 -0.22677023093326132 0.06608583049128249 0.305 0.301 0.974 0.975
o  True F99 58567.66130065371 0.9950416578832766 6.686320408113838 3.649412716022756 1.507234514894605 1.2737945973163864 -1.8276748588422156 3.019538671334672 0.395 0.394 0.981 0.981
o-ztfg  True F99 58568.044034167026 0.8829244379306069 8.911991935593484 0.09288354428474321 1.3659747928034027 0.6426781353592433 -0.10596673446343906 0.06790696713792581 0.335 0.334 0.998 0.999
o-ztfg-ztfr  True F19 58567.91012422674 0.777381214631537 7.833802118751407 0.08136794495579391 1.0631974583031778 0.485467855412258 -0.09596309409635181 0.05801568128052604 0.389 0.363 0.999 1.0
o-ztfg-ztfr  True F99 58567.915209108025 0.7531752894553732 8.879105762391891 0.08007288846727624 1.0636462151992923 0.4749470746012051 -0.11121723610605355 0.057051538065524945 0.305 0.303 1.0 1.0
o-ztfr  True F99 58567.64910167272 0.8168335708458875 8.502441723866486 0.7498375646730094 0.8514299120404782 0.5653725958802045 -0.3895882629046405 0.5847091980797356 0.313 0.311 1.0 1.0
ztfg  True F99 58568.23950042589 6.148896363162825 9.079656365376605 0.7237850377583694 1.1712100542788773 3.2116936985957696 0.8534848963144784 2.8067628074417437 0.146 0.145 0.932 0.933
ztfg-ztfr  True F19 58567.81539854822 1.7191873649156164 7.835538094140398 0.10767042352526415 1.133696630275705 0.7152182616758515 -0.08877214952281645 0.071773597119963 0.417 0.375 0.971 0.982
ztfg-ztfr  True F99 58567.82586252365 1.661918201144511 8.880971053769656 0.105153195682728 1.1295404374142448 0.6970235012516175 -0.1035343631852588 0.07009009601938003 0.262 0.26 0.997 0.997
ztfr  True F99 58567.32797186723 1.9248301472349099 7.249638113797753 4.134537491941256 1.0536446585370705 1.1511153777518408 -1.4265018023775176 3.498889873827964 0.266 0.263 0.967 0.968