bps_used variant success reddening_law calibration Tmax e_Tmax DM e_DM st e_st EBVhost e_EBVhost rchi2_data rchi2_data_model fitprob_data fitprob_data_model
c-o  True O94 0 58566.37039505763 1.4680934230868048 35.50722996456039 0.16714968730381588 0.6908146024826717 0.10184056989647612 -0.18472174371601763 0.18924154281770003 242.688 164.869 0.0 0.0
c-o  True F19 6 58555.11189129615 0.6917887428017571 35.15697439356835 0.09120809807175748 0.8867556593305178 0.035016535027525206 -0.19097653350980687 0.06944428585731367 1.697 1.244 0.049 0.234
c-o-ztfg  True F19 6 58556.280541424894 0.3717976769299377 35.46750803122272 0.11698437108064592 0.879236932583024 0.03232959383001747 -0.38645112819813493 0.06364064457855145 3.22 1.906 0.0 0.003
c-o-ztfg-ztfr  True O94 0 58556.48904212049 0.39636256709353246 35.48201440191963 0.10940014121706465 0.8659018735532765 0.033700955984590684 -0.3223942553433459 0.0673742434529581 4.548 3.174 0.0 0.0
c-o-ztfg-ztfr  True F19 6 58556.42363064716 0.37815174472643065 35.40447813934258 0.11189328413603969 0.8642222586334297 0.03238777404356124 -0.3664788586627327 0.0643903182445332 4.289 2.829 0.0 0.0
c-o-ztfr  True F19 6 58554.549997453934 0.3830510722842713 35.24258420785688 0.10519410265827978 0.8697381643390466 0.0334461266327544 -0.3332363401489808 0.07572716329901068 4.743 3.399 0.0 0.0
c-ztfg-ztfr  True F19 6 58556.99767463809 0.9071673977490347 35.30744158598323 0.14058043584101287 0.793635113922795 0.046967828098684695 -0.396341287991043 0.07621316909180481 9.598 6.551 0.0 0.0
J-c-o 1D3 True O94 0 58554.57180751743 0.4153817561577641 35.22833754782258 0.11066837335008452 0.8836995433055606 0.038555329804243255 -0.22206194446667735 0.08676983290599928 5.761 4.386 0.0 0.0
J-c-o 1D3 True F19 6 58554.572059264836 0.4104726632209795 35.17906295682809 0.10556848846136285 0.8844935949438869 0.037993739673493204 -0.26160088195798764 0.08416420738181656 5.662 4.308 0.0 0.0
J-c-o-ztfg 1D3 True F19 6 58555.64453639193 0.38529591977637817 35.35888242430044 0.1121953703450559 0.879409181578531 0.032675674104890355 -0.350978099485097 0.0641061667502407 3.799 2.208 0.0 0.0
J-c-o-ztfg-ztfr 1D3 True O94 0 58556.07989208056 0.5116391884978491 35.075931496840894 0.09018637718585734 0.9212103655392251 0.03882280900985746 0 0.06 14.057 11.376 0.0 0.0
J-c-o-ztfg-ztfr 1D3 True F19 6 58555.7844444228 0.38824500144756124 35.333549216168926 0.11008636680008572 0.8655747667512881 0.032426524723868 -0.35013349847606245 0.0644119443051849 4.783 2.886 0.0 0.0
J-c-o-ztfr 1D3 True F19 6 58554.565932971076 0.38711063846753113 35.19166107080526 0.10259158486726473 0.8707388477467953 0.0337873132127964 -0.28929477360098094 0.07570863053364074 5.125 3.75 0.0 0.0
J-c-ztfg-ztfr 1D3 True F19 6 58556.739104975626 0.8654800088550324 35.2663687462712 0.13366272109983618 0.7979651889591844 0.0452047573585826 -0.3773474735741285 0.07288065244759194 10.287 6.436 0.0 0.0
J-o-ztfg-ztfr 1D3 True F19 6 58554.47213513041 0.42883669056256224 35.09860227455242 0.0992741254299175 0.8984907891756263 0.03536968384840491 -0.18608772236883292 0.07056159329276478 10.804 7.191 0.0 0.0
J-ztfg-ztfr 1D3 False O94 0 58557.027777034564 0.8143651060860708 35.017343762587444 0.09495898148465345 0.8888496097511273 0.04224611319834892 0 0.06 None None None None
J-ztfg-ztfr 1D3 True F19 6 58557.341013257734 0.6165041846803445 35.19957120469956 0.10272473175397374 0.8596851866630437 0.03830157303778499 -0.20310022776332437 0.06613385789543122 3.924 3.239 0.0 0.0
o-ztfg-ztfr  True F19 6 58554.59307579077 0.4083922605495833 35.15664925837581 0.09754897043664905 0.9020343605382362 0.034045712662737884 -0.20245402066623144 0.06808237918882472 7.197 5.416 0.0 0.0
ztfg-ztfr  True O94 0 58557.94723386634 0.6161921432872162 35.29415248881343 0.10648083601707148 0.8433227445921768 0.03971005919575659 -0.20194198482501388 0.0709753098906146 2.445 2.068 0.0 0.004
ztfg-ztfr  True F19 6 58557.94758736071 0.5173691380726301 35.2818786380962 0.10497264759559104 0.8433195897823377 0.03591410970848447 -0.2561873682441653 0.06493187473174564 2.445 2.069 0.0 0.004