bps_used variant success reddening_law t0 e_t0 x0_mag e_x0_mag x1 e_x1 c e_c rchi2_data rchi2_data_model fitprob_data fitprob_data_model
c  True F99 59451.0309180271 1.5598586299539665 8.751734375422707 0.9225573845618137 -2.5672400417510417 1.1367539032438396 -0.4778765462784673 1.8442095295940715 0.002 0.002 0.964 0.964
c-o  True F19 59450.9313778838 0.46783509099245757 8.064809938779257 0.24579001565920638 -2.0899010478646316 0.7099283868568701 -0.09826992863633194 0.17430781461333153 0.713 0.674 0.838 0.876
c-o  True F99 59450.922804021866 0.4448100573299896 9.03055230572348 0.23471864008165802 -2.14796014220318 0.6742856973456407 -0.14217079599526766 0.1670431883220283 0.566 0.565 0.951 0.952
c-o-ztfr  True F19 59450.78110309223 0.35610511575850057 7.961138189843094 0.21982623660776343 -2.1586685396471426 0.5697918731095198 -0.13100674644106045 0.164174225960082 0.437 0.411 0.998 0.999
c-o-ztfr  True F99 59450.76957843736 0.33553362749858134 7.950014333260412 0.2104714525177788 -2.208064599859865 0.5431160365824554 -0.14465286017899312 0.15728320106680604 0.436 0.433 0.998 0.999
c-ztfr  True F99 59450.72651264442 0.36331612394725255 8.865246170293876 0.24842982728318666 -2.712225613434268 0.652450271177717 -0.28582902943608623 0.1915844186153924 0.15 0.12 1.0 1.0
J 2D False F99 59445.38328290217 6.305174020371456 2.070704498980317 -1 870.1435121059741 -1 -4.124907909416669 -1 None None None None
J-c 2D True F99 59450.799124291814 0.5282689131894258 7.798770822085309 0.23261348774120347 -2.710825043404059 0.8182352144173091 -0.19626499360838467 0.18254577746902156 0.264 0.234 0.902 0.919
J-c-o 1D3 True F99 59452.74787856023 0.8231182726885158 8.853245319865387 0.14485698865395585 1.2340067072186414 1.0865578758636338 0.44039729113688947 0.06697999077590581 5.31 5.203 0.0 0.0
J-c-o 2D True F99 59450.911994430106 0.44014578582220404 7.921057117339752 0.19861039200804714 -2.174819763310639 0.6321766477289241 -0.14736108658672442 0.13589531071472746 0.541 0.539 0.972 0.973
J-c-o-ztfr 2D True F19 59450.777404617635 0.35130990251067545 7.918127304351972 0.19240601986667558 -2.2215892150670427 0.5421523336759608 -0.16396071589509398 0.14302094893790526 0.431 0.388 0.999 1.0
J-c-o-ztfr 2D True F99 59450.776869603505 0.3515315096132665 8.042650131310186 0.19305742607829668 -2.218636359989007 0.5428800397535964 -0.13282173023718158 0.14351293865785442 0.661 0.572 0.946 0.984
J-c-o-ztfr 2D True O94 59450.776803257104 0.3514590195512967 8.042645632593905 0.19302753729540384 -2.2187557231997124 0.5428046048053945 -0.13282758295186883 0.14348977503940163 0.698 0.601 0.919 0.975
J-c-ztfr 2D True F99 59450.72142467598 0.3732837643557627 7.864205975646191 0.20441765614286864 -2.4833955864852215 0.5890043978765789 -0.21141528000760942 0.15654016671221355 0.196 0.183 1.0 1.0
J-o 2D True F99 59451.01983411315 0.7030063172267372 7.992345951466254 0.3368077649372316 -1.8213329127311648 0.9024654728213151 -0.11013041997503364 0.2311428073682893 0.645 0.644 0.888 0.889
J-o-ztfr 1D3 True F99 59451.39455067474 0.4960833672339833 8.91949584746048 0.09653759030587786 -1.1121384141512425 0.7628503686811778 0.5512365191451123 0.061108122706011035 4.331 4.135 0.0 0.0
J-o-ztfr 2D True F99 59450.757491912256 0.41081556613895814 8.063278042031328 0.25420046988855644 -2.206025221698967 0.7265497218147896 -0.06008782815684123 0.19071604655325272 0.486 0.481 0.994 0.994
J-ztfr 2D True F99 59450.58573060605 0.48767262040051007 7.954213329856788 0.30170039119872205 -3.014115140153704 1.261990696754727 -0.12522651690038883 0.23058778607900945 0.233 0.217 0.993 0.995
o  True F99 59451.84792808116 0.6945884460247485 14.890366495272952 3.6035755252031847 -2.2551376465710455 0.730329412205325 3.5408171485761084 2.038438388123767 0.508 0.506 0.957 0.957
o-ztfr  True F99 59450.887287736754 0.4387069549297448 9.60355680003359 0.5378125650672881 -2.194339270291633 0.7055346984358246 0.273194819932286 0.4032218933951782 0.478 0.475 0.992 0.992
ztfr  True F99 59450.70692397444 0.6377137128933518 9.9814164367919 3.4451797231197805 -2.8864032089762026 1.318834533735047 0.59271123165177 2.636586574000425 0.18 0.173 0.99 0.991