bps_used variant success reddening_law t0 e_t0 x0_mag e_x0_mag x1 e_x1 c e_c rchi2_data rchi2_data_model fitprob_data fitprob_data_model
c  True F99 58722.309909050964 1.8503644711333949 7.0952813825911285 1.106175602418557 -0.3360391680747551 1.9032379145240315 0.09990866377489846 1.7085195168061003 0.707 0.704 0.4 0.401
c-o  True F19 58721.57383401369 0.6996361380709584 7.134225939176565 0.10150813455659467 -0.6111942711505488 0.43496282447553253 -0.07266707589512028 0.07978961682064734 6.722 4.76 0.0 0.0
c-o  True F99 58721.605605563025 0.6501062774345493 6.872467382884462 0.09331405033104852 -0.6218963240324742 0.4033766225827831 -0.14750583983739934 0.07345134754716422 0.543 0.536 0.844 0.849
c-o-ztfg  True F19 58721.80535744899 0.2670728389641792 7.192240283896915 0.03662286272498781 -0.4773309629103135 0.2523363117351949 -0.0355954496874127 0.04363119339979956 6.973 4.32 0.0 0.0
c-o-ztfg  True F99 58721.81480082625 0.2539836130265276 6.93033308680752 0.03522837264771269 -0.4831106424863313 0.2386719542410522 -0.10995421378755382 0.04091737001594887 0.288 0.282 1.0 1.0
c-o-ztfg-ztfr  True F19 58721.66255327573 0.20338373313678657 6.94164904449223 0.03485266883004978 -0.4074423893065158 0.2118467138400364 -0.05990114419379633 0.03181425929038424 0.327 0.264 1.0 1.0
c-o-ztfg-ztfr  True F99 58721.664370470644 0.1863396228464305 6.942624276515159 0.03353313221635725 -0.41347870043267326 0.19522135870068652 -0.07067216960928295 0.030322570381730408 0.326 0.301 1.0 1.0
c-o-ztfr  True F19 58721.480228937355 0.30501265424111695 7.1636472895891945 0.0847635746907096 -0.45984956490537465 0.30011521682141135 -0.024903545735823193 0.065574648712286 5.592 3.578 0.0 0.0
c-o-ztfr  True F99 58721.50954228346 0.2709693755114549 6.901933009280781 0.0777221950901321 -0.4737148160633892 0.27167127683741044 -0.09876047175452643 0.0603226041925202 0.451 0.413 0.987 0.993
c-ztfg  True F99 58721.84479876073 0.26731612423538087 6.955940000693069 0.04842543939218137 -0.4309094065640272 0.2687949962140755 -0.053536325092424605 0.10056997321733 0.18 0.177 1.0 1.0
c-ztfg-ztfr  True F19 58721.72178031184 0.20653450056813052 7.221633001793463 0.03684587511559795 -0.36020656483371305 0.22928357878064062 0.030629076904645412 0.03645884853305431 7.124 4.263 0.0 0.0
c-ztfg-ztfr  True F99 58721.729844243884 0.18950015513415774 6.960992299643381 0.03545781769723915 -0.3640245490336545 0.2118196161542405 -0.04134125622384097 0.0349037336974538 0.182 0.179 1.0 1.0
c-ztfr  True F99 58721.70461638855 0.2927710943893794 6.970701538812657 0.0882247944834462 -0.32681775584823713 0.32863364226277636 -0.03494370450478585 0.07180723333275046 0.241 0.238 0.998 0.998
J 1D3 True F99 58721.49613488861 3.4017313621209055 14.944731685479844 18.600789771701837 10.839861355067947 13.963029955292614 2.6740875979067615 6.4384519499900374 -1 -1 -1 -1
J-c 1D3 True F99 58721.853046184995 0.6981021046551441 6.945000726315904 0.07850594511813479 -0.36103220830681504 0.6983205948368745 -0.07796247867498443 0.03708235260969777 0.523 0.511 0.759 0.768
J-c-o 1D3 True F99 58721.82884293283 0.5365253120338779 6.953145636757195 0.059896609130203116 -0.6092565808791996 0.39957414046247763 -0.07096030400144177 0.03565468850735601 0.769 0.63 0.694 0.831
J-c-o 2D True F99 58721.935395139386 0.5676811080152072 6.970162453805372 0.06500691011220347 -0.6104390808181765 0.40138159940080087 -0.05753719863775212 0.04072478204718783 0.8 0.711 0.661 0.755
J-c-o-ztfg 1D3 True F99 58721.789335942114 0.24658042206070077 6.941289092705835 0.03130730877485592 -0.4816034543460054 0.2380096774419405 -0.08727038728765621 0.025743447405724755 0.343 0.307 1.0 1.0
J-c-o-ztfg-ztfr 1D3 True F99 58721.67223101377 0.1794904939828145 6.948213488407359 0.030050174861528348 -0.40899084490810456 0.19511035730215212 -0.06355692599254581 0.023010150757193627 0.349 0.318 1.0 1.0
J-c-o-ztfg-ztfr 2D True F19 58721.69250970213 0.20049730063201945 6.951167695437382 0.03263822046428112 -0.40574995955186954 0.2117033764956633 -0.04762353082999982 0.026822615311738972 0.363 0.272 1.0 1.0
J-c-o-ztfg-ztfr 2D True F99 58721.694702331595 0.20056179907088684 7.216501169385527 0.03277604302444758 -0.40995286887464805 0.21163812451327532 0.019006180745914782 0.02696117006761761 5.412 3.26 0.0 0.0
J-c-o-ztfg-ztfr 2D True O94 58721.6946364342 0.20045037034877006 7.216499468731092 0.032756237233867766 -0.4099535057875019 0.21153910626064693 0.018999493999310904 0.026932147315432937 5.785 3.487 0.0 0.0
J-c-o-ztfr 1D3 True F99 58721.52066434187 0.24765272866241445 6.921516658376668 0.052359254044599866 -0.4687898107459333 0.268959553116445 -0.08160967717839489 0.03487019256436269 0.437 0.398 0.994 0.997
J-c-ztfg 1D3 True F99 58721.81023148827 0.25417325819117487 6.947182125690512 0.03256257148792332 -0.4154516486436886 0.26697838794466805 -0.07446453774024943 0.029082928266275745 0.216 0.211 1.0 1.0
J-c-ztfg-ztfr 1D3 True F99 58721.68231556103 0.18119642037387776 6.947269457266508 0.03061214712180099 -0.36144105216164657 0.21168119478390676 -0.06078173816621574 0.024020417035222626 0.253 0.21 1.0 1.0
J-c-ztfr 1D3 True F99 58721.61226317558 0.26185948676404575 6.929244858124487 0.053652448023462564 -0.3541846209889745 0.32524116963116384 -0.07137016823884879 0.03499178844729721 0.295 0.269 0.998 0.999
J-o 1D3 True F99 58720.3280906125 1.060492061977331 7.104043969746304 0.13621257376684892 -0.568332873541004 0.5456266078635209 0.02453618136445205 0.08052045908562899 0.354 0.35 0.945 0.946
J-o-ztfg 1D3 True F99 58721.73077194697 0.262568713722778 6.944786054857553 0.03424699846465084 -0.47896759276442696 0.2622235141257464 -0.08630099806533764 0.026125444481324697 0.364 0.31 0.999 1.0
J-o-ztfg-ztfr 1D3 True F99 58721.60710598608 0.18550394253228963 6.942338169226091 0.032158541094650106 -0.40488689416474055 0.20539189374331743 -0.0719831036473361 0.02342801244559108 0.327 0.302 1.0 1.0
J-o-ztfr 1D3 True F99 58721.45434071882 0.2808286872328931 6.9675148552482895 0.08258761151800503 -0.4730886707312816 0.2949876117078723 -0.04889948625873425 0.05139809335898994 0.506 0.453 0.969 0.984
J-o-ztfr 2D True F99 58721.46970879786 0.2826090532657098 7.003964235427157 0.0933349735674599 -0.47079991214949274 0.2948599599249831 -0.022835690584728122 0.059920015055084645 0.544 0.494 0.954 0.974
J-ztfg 1D3 True F99 58721.75526170999 0.2708778924610988 6.948580845504042 0.0361125118421564 -0.40285071176707943 0.30096962148812495 -0.07403240703130004 0.029522818799948867 0.205 0.201 1.0 1.0
J-ztfg-ztfr 1D3 True F99 58721.67923164678 0.18751988264606814 6.953966506546042 0.033058469779667095 -0.3464415703673217 0.2243538928969635 -0.05097034411872972 0.024360788298105118 0.217 0.204 1.0 1.0
J-ztfg-ztfr 2D True F99 58721.70972779283 0.19027522250385112 6.962061092138503 0.03405452615618293 -0.3456912923635701 0.22426602470764034 -0.0392577725305639 0.026656467202706403 0.22 0.216 1.0 1.0
J-ztfr 1D3 True F99 58721.589784855736 0.29420246987565213 6.9028433885258 0.08537828990317647 -0.32485725896383694 0.3680458904506048 -0.08620163175160307 0.05153615460082657 0.241 0.236 0.997 0.998
o  True F99 58719.637156746976 2.9221585572100555 7.211043263763211 9.252793594749718 -0.513644400939433 3.0206584348854246 0.10675843483462408 6.157045130782851 0.344 0.343 0.848 0.849
o-ztfg  True F99 58721.74662829835 0.27422081712285057 6.9325093015159664 0.03699501587719298 -0.4808760821653578 0.2634239685466194 -0.11417669547517054 0.04167986619146519 0.277 0.274 1.0 1.0
o-ztfg-ztfr  True F19 58721.617927611274 0.21186855504814578 7.204550847605253 0.03669645195860189 -0.4049396135551343 0.22366437512965973 0.0026855250374777677 0.032127971157006135 5.98 3.526 0.0 0.0
o-ztfg-ztfr  True F99 58721.623564678426 0.1935426985741245 6.942958282426402 0.03546304288505424 -0.40754545232198675 0.20544637918680722 -0.07132381399763799 0.030672716338586647 0.33 0.302 1.0 1.0
o-ztfr  True F99 58721.48188675704 0.2864791926375338 6.156558503605905 0.6247202998765806 -0.3953958485703669 0.31060846224985744 -0.6426392889784998 0.46311648731374666 0.323 0.319 0.996 0.996
ztfg  True F99 58721.58190297207 0.7260039601769261 7.222455348931433 1.16746413168162 -0.7411260934604402 1.0040984627515788 0.8008875851528975 3.039629002262178 0.155 0.152 1.0 1.0
ztfg-ztfr  True F19 58721.69113314859 0.21491610172159145 7.219731465508941 0.03842832420448796 -0.34966535485947703 0.24373320913813237 0.029170452242558056 0.03656280527869022 6.883 3.977 0.0 0.0
ztfg-ztfr  True F99 58721.699259249326 0.19655456984887343 6.958955590066672 0.03714454841029132 -0.3541712369936463 0.22422671605068983 -0.04298316248175451 0.03502505235425092 0.166 0.164 1.0 1.0
ztfr  True F99 58721.711716688886 0.3545559461810109 9.186311711190886 4.7878428393528 -0.4214488579822999 0.4266881004473088 1.5596724326427758 3.3564211314797068 0.193 0.191 0.995 0.995