bps_used variant success reddening_law calibration DM e_DM st e_st Tmax e_Tmax dm15 e_dm15 EBVhost e_EBVhost rchi2_data rchi2_data_model fitprob_data fitprob_data_model
c-o  True O94 0 36.76301614810086 0.13948164553162629 1.0455875798423373 0.07588199655516098 58913.1916365505 0.5917648243549265 None None 0.04227869429897763 0.10352049007416998 0.563 0.558 0.809 0.813
c-o  True F19 6 36.77283627870933 0.134538076645128 1.0532715464079405 0.0800602630489864 58913.196145733855 0.6112359472318151 None None 0.013300847263245628 0.1075864043666938 0.585 0.579 0.791 0.796
c-o-ztfg  True F19 6 36.81616257000741 0.09435220255129592 1.2003946063817696 0.04052290525949136 58912.679920252755 0.4168887310277914 None None 0.09534382515744828 0.06593217878711981 0.735 0.724 0.74 0.752
c-o-ztfg-ztfr  True O94 0 36.63068238042076 0.10784259699396066 1.1238914273975242 0.06554383355369627 58912.616120191014 0.4494513919216088 None None 0.15318808468017228 0.06880321878565587 0.847 0.832 0.662 0.682
c-o-ztfg-ztfr  True F19 6 36.68340008901691 0.09607118319747522 1.1076783304798958 0.052737403528865905 58912.65770513406 0.4094273586043024 None None 0.11275507515342753 0.06531518143763514 0.848 0.833 0.661 0.681
c-o-ztfr  True F19 6 36.751732857527074 0.11342101732766521 1.0542761311361624 0.04901261773280695 58912.88981649342 0.47180614756364814 None None -0.005862547715550621 0.09116524013667808 0.679 0.669 0.808 0.818
c-ztfg-ztfr  True F19 6 36.586926981679035 0.10125110596473244 1.1440103689472683 0.06173086547030166 58912.87769578078 0.39758053136283794 None None 0.1752575154925879 0.06588933906030592 0.656 0.624 0.766 0.794
J-c-o 1D3 True O94 0 36.73375034152471 0.09646236910686531 1.0996028431103881 0.03841862731269963 58912.99516654585 0.4481907109259313 None None 0.09058518713868037 0.06780876584819666 0.493 0.479 0.909 0.917
J-c-o 1D3 True F19 6 36.696227102970944 0.09019105384845094 1.0997367447004431 0.03768197261922716 58913.019988950684 0.4287384140418585 None None 0.12241958678817134 0.06494290306356083 0.591 0.574 0.838 0.852
J-c-o-ztfg 1D3 True F19 6 36.72877278150649 0.08641370342023011 1.1072401086379842 0.03784148847350041 58912.631090639974 0.39155544242145807 None None 0.08632453314409075 0.061436626266311016 0.679 0.638 0.827 0.864
J-c-o-ztfg-ztfr 1D3 True O94 0 36.73614777914565 0.0899617715978411 1.0913187927328714 0.0373821030454465 58912.68827598204 0.39163693268201955 None None 0.07439951560090792 0.06316862613088715 0.885 0.862 0.625 0.656
J-c-o-ztfg-ztfr 1D3 True O94 1 36.74712597992318 0.0900916118856555 1.0923497747143263 0.037411302226787645 58912.69534507098 0.3904613094591625 None None 0.06626960601536758 0.06280168278126963 0.867 0.844 0.65 0.682
J-c-o-ztfg-ztfr 1D3 True O94 2 36.759915301394315 0.08857674499184107 1.093979304043956 0.038090843197969286 58912.70003978641 0.3922699176168784 None None 0.06652434805571743 0.0628950045626467 0.916 0.89 0.581 0.617
J-c-o-ztfg-ztfr 1D3 True O94 3 36.72914558177232 0.09007895643120442 1.0923726983724193 0.03710804913511124 58912.687948768515 0.389176923992057 None None 0.06552667222178192 0.06257071836023798 0.835 0.812 0.695 0.725
J-c-o-ztfg-ztfr 1D3 True O94 4 36.73324244024728 0.09005631904174427 1.0921882027339298 0.03728366329619252 58912.69585269294 0.38947161905006206 None None 0.06260826607843607 0.06260699337111349 0.847 0.824 0.678 0.71
J-c-o-ztfg-ztfr 1D3 True O94 5 36.75958993649928 0.08818404548018442 1.0961090173642325 0.0376929782521489 58912.69746546086 0.3895184988663098 None None 0.057112142912411346 0.062470564675811475 0.862 0.837 0.656 0.691
J-c-o-ztfg-ztfr 1D3 True F19 6 36.696827065094226 0.0863832415819544 1.0959142656269791 0.037153695861922575 58912.663876156315 0.38496625436911563 None None 0.08788397438313086 0.061620429609845526 0.766 0.74 0.784 0.815
J-c-o-ztfg-ztfr 1D3 True F99 6 36.701757536529094 0.089376257912701 1.0958907896691739 0.041046237585359156 58912.58667668672 0.41099714006640087 None None 0.09499388009235477 0.063479988970704 0.817 0.787 0.718 0.758
J-c-o-ztfg-ztfr 1D3 True O94 6 36.68946085296193 0.08882367794351229 1.0962596223426617 0.04016188770504188 58912.65121957639 0.4052072687548811 None None 0.09422804621784894 0.0626778231397905 0.756 0.73 0.796 0.826
J-c-o-ztfg-ztfr 1D3 True O94 7 36.698040183070326 0.08717471224928222 1.0978517184294632 0.03750374768308821 58912.59573228218 0.3877753866853748 None None 0.07630047597403754 0.06184378669238921 0.798 0.775 0.744 0.773
J-c-o-ztfg-ztfr 1D3 True O94 8 36.72333450125307 0.08769664783288178 1.1001100275690778 0.03788132308312879 58912.567410393676 0.39052513238773234 None None 0.09130500983528082 0.06261354814649393 0.838 0.81 0.69 0.729
J-c-o-ztfg-ztfr 1D3 True O94 9 36.701692529988925 0.08734653674090559 1.0988120072287464 0.03754364768795208 58912.58970032966 0.38839611502839855 None None 0.08004770444226056 0.061955828461383707 0.804 0.78 0.736 0.767
J-c-o-ztfg-ztfr 1D3 True O94 10 36.706909568015895 0.09627364588193327 None None 58912.496236432904 0.3884182051189457 0.8991888884418807 0.06922050264343373 0.09971327778457272 0.06450533161701871 0.96 0.929 0.518 0.561
J-c-o-ztfg-ztfr 1D3 True O94 11 36.71293637426494 0.09541479386332648 None None 58912.50153044875 0.38821745077469205 0.8984161349991245 0.06892396939381312 0.09626710477765554 0.06414437994384091 0.95 0.92 0.532 0.575
J-c-o-ztfg-ztfr 1D3 True O94 12 36.702636800173266 0.0929719180788632 None None 58912.49966188655 0.3878554972262603 0.9042874747155795 0.06757503222419908 0.10219948400400589 0.06337568367731114 0.96 0.93 0.517 0.56
J-c-o-ztfg-ztfr 1D3 True O94 13 36.68729705465699 0.09568441363550473 None None 58912.50630634092 0.38526253450435816 0.9065613420340176 0.06773070831273875 0.0898942109206438 0.0627326149804388 0.919 0.891 0.576 0.616
J-c-o-ztfg-ztfr 1D3 True O94 14 36.69837329786714 0.09589819416504129 None None 58912.50930316798 0.386525150763119 0.90090873706544 0.06838404876546472 0.09000687463808334 0.06333725637574425 0.925 0.897 0.567 0.607
J-c-o-ztfg-ztfr 1D3 True O94 15 36.68058097981003 0.09189315457279466 None None 58912.51046942293 0.38535389301282 0.9109403720102915 0.06616628520156156 0.09275880552958347 0.06210831048095997 0.921 0.893 0.573 0.613
J-c-o-ztfr 1D3 True F19 6 36.686310172574494 0.08795675646460749 1.0795261264092617 0.03659082672064183 58912.77776383582 0.4013966331626165 None None 0.07570674280050521 0.06403041329624894 0.656 0.642 0.857 0.869
J-c-ztfg-ztfr 1D3 True F19 6 36.6816952468249 0.08555093325092682 1.0997324957278984 0.03760683395948555 58912.81003414888 0.39623858966629844 None None 0.08227841273665754 0.06132390095606424 0.722 0.67 0.743 0.794
J-o-ztfg-ztfr 1D3 True F19 6 36.674729307300325 0.08851134802054797 1.0857921332503968 0.03804163731172628 58912.504701253725 0.3912098944268569 None None 0.11280503986573182 0.06174191282807099 0.786 0.749 0.753 0.797
J-ztfg-ztfr 1D3 True O94 0 36.63917360274298 0.10923964624076493 1.0616576844147456 0.05360753560864147 58912.45761966451 0.5044917798392297 None None 0.14057511797433656 0.06684649727363684 1.342 1.246 0.187 0.244
J-ztfg-ztfr 1D3 True F19 6 36.66271635885944 0.0898313625707712 1.0864297380873496 0.04219378275628633 58912.48764890207 0.4292312347991264 None None 0.11502071842844577 0.06183579856352291 0.95 0.852 0.495 0.597
o-ztfg-ztfr  True F19 6 36.67508015568904 0.09880302210357242 1.138190964432679 0.05784707103257849 58912.19010991714 0.424188950175569 None None 0.14765545808524835 0.06562821308975995 0.773 0.757 0.749 0.769
ztfg-ztfr  True O94 0 36.5213750673617 0.1028115048371365 1.2051749533632747 0.035194708529370865 58912.13005538682 0.39443742480233757 None None 0.20756288321800517 0.06312681672076384 0.232 0.226 0.99 0.991
ztfg-ztfr  True F19 6 36.58454058149665 0.10308474191020704 1.2050740147358008 0.033219885196592205 58912.13001509419 0.3736655850661783 None None 0.2296586554629992 0.061978942594242574 0.233 0.226 0.99 0.991