bps_used variant success reddening_law t0 e_t0 x0_mag e_x0_mag x1 e_x1 c e_c rchi2_data rchi2_data_model fitprob_data fitprob_data_model
c  True F99 58917.92469035898 11.801283150909985 7.184173036262701 12.080038511466805 -0.02509927729483868 57.21760795141629 0.004786428462153476 8.082218804291204 -1 -1 -1 -1
c-o  True F19 58912.61004626645 0.37417745746988906 7.003664733478673 0.19880421786633187 0.800486286139416 0.597097284006607 -0.04720922565339929 0.1291198688602844 2.648 1.797 0.003 0.055
c-o  True F99 58912.622401962144 0.34271645104543863 6.852525332474247 0.18233564760127163 0.8753418947832848 0.5529148412867204 -0.08456078643527937 0.11852717648224842 0.649 0.637 0.773 0.783
c-o-ztfg  True F19 58912.80714748167 0.34299885308344774 7.238445660776911 0.04807555462136752 1.1913024932244949 0.42547698796227446 0.10407877932836948 0.04089296291940675 3.08 2.199 0.0 0.002
c-o-ztfg  True F99 58912.832319058885 0.3175865086312924 7.071500244769282 0.04667856572323781 1.213720095754485 0.3990477196744544 0.05824353431350641 0.03852312047300864 0.549 0.535 0.936 0.943
c-o-ztfg-ztfr  True F19 58912.648609175885 0.2487525442597086 7.075497803613855 0.04485723908234217 1.07042062032904 0.30890037804221904 0.0896108588253979 0.03500913391127947 0.545 0.415 0.976 0.997
c-o-ztfg-ztfr  True F99 58912.66597789186 0.22689964956360986 7.077315435844424 0.04299652868272706 1.0859618208126216 0.28616554626049445 0.0842785922050915 0.03307587235741186 0.544 0.489 0.976 0.989
c-o-ztfr  True F19 58912.5290723901 0.25962590869431545 7.023480442071068 0.15403180654834267 0.9167366324425725 0.35222736698036855 -0.02396082447041585 0.10684968163642966 2.704 1.653 0.0 0.033
c-o-ztfr  True F99 58912.54460427274 0.23448436807746043 6.860655713582081 0.1404450558647031 0.9435329738225818 0.31949394562154526 -0.06761263554208646 0.09769667224000055 0.503 0.469 0.967 0.978
c-ztfg  True F99 58912.72726021723 1.0828302733124395 7.127949489430935 0.08978803843538567 1.086211814104373 1.3913850882186358 0.22810390437597505 0.312360073406852 0.28 0.276 0.947 0.948
c-ztfg-ztfr  True F19 58912.71198142257 0.3065841034885849 7.260401546147223 0.04686141614311705 1.1232044419316294 0.3781133113306545 0.16404257691381363 0.041934691389214095 3.634 2.411 0.0 0.001
c-ztfg-ztfr  True F99 58912.71867096556 0.27964553345682747 7.092056192639185 0.044711037535219954 1.108786662258487 0.35035741928757685 0.11846727039902902 0.03925498190857024 0.285 0.275 0.998 0.998
c-ztfr  True F99 58912.56943980088 0.3029446371552574 6.93577131105096 0.17015417604423996 0.9646416388300465 0.40236811473389233 0.0018217456099872333 0.12503512494773958 0.248 0.24 0.981 0.983
J 1D3 False F99 58909.44125874677 4.434327583348012 484.79879207434317 -1.0 -14.714636957631022 11.786180307011305 159.30755807982518 -1.0 None None None None
J-c 1D3 True F99 58911.16401104823 0.3318557098819848 6.2198693316300755 0.3290132793886754 -2.1956043395563873 0.9748200981301792 -0.23938459342307128 0.11808535443962759 19.325 18.539 0.0 0.0
J-c-o 1D3 True F99 58912.039009758475 0.2504127595763734 7.001899160478313 0.09846656475520768 0.8161832413758582 0.46927259293408846 0.024316667009664842 0.05128495770945969 2.833 2.575 0.0 0.001
J-c-o-ztfg 1D3 True F99 58912.22425915325 0.21566061217766255 7.07189396921107 0.04210947094233762 0.6866959805149281 0.3197028202396682 0.0683812867739398 0.026690784170503683 1.964 1.824 0.005 0.012
J-c-o-ztfg-ztfr 1D3 True F19 58912.61303889446 0.2267330162373875 7.068296714049153 0.041171606229963145 1.0454019974446513 0.29701970674784217 0.08149713518009426 0.028338078756287955 1.622 0.464 0.016 0.995
J-c-o-ztfg-ztfr 1D3 True F99 58912.60849233497 0.22659404279085912 7.239301048416195 0.04128014159298449 1.0405245371554526 0.29660218145886597 0.12466783499558111 0.028425081255062035 3.643 1.746 0.0 0.006
J-c-o-ztfg-ztfr 1D3 True O94 58912.60841822403 0.22647621980458915 7.239299619673918 0.041263724649343164 1.0405819566831558 0.29648163023234303 0.12465888122188638 0.02840457272343204 3.878 1.879 0.0 0.002
J-c-o-ztfr 1D3 True F99 58912.211900207345 0.18982811081320797 6.977638005389465 0.0764343442566706 0.7547625777031746 0.2821593255927749 0.020090705198575295 0.04593054569625771 1.831 1.639 0.009 0.028
J-c-ztfg 1D3 True F99 58912.01980264152 0.2878739998211463 7.06464026278408 0.044844545454146505 0.47072766961692813 0.40046628360268377 0.06768308848557822 0.02976237180580813 3.705 3.339 0.0 0.0
J-c-ztfg-ztfr 1D3 True F99 58912.258440883656 0.2031668295381299 7.064492087053187 0.03916118188304517 0.711155152118608 0.2779243583712036 0.08446237354685646 0.026250410878208032 2.198 1.782 0.002 0.019
J-c-ztfr 1D3 True F99 58912.11107222937 0.2218855478256192 6.944859941961344 0.08147372263670663 0.5932929148089796 0.3271581849283382 0.013757120281527204 0.04659954269442313 2.787 2.567 0.001 0.003
J-o 1D3 True F99 58911.944932440936 0.28146749158437945 7.048162167975768 0.10770001579770636 0.6496250033628725 0.5757634033546405 0.047441176873271276 0.05750724372769492 3.059 2.871 0.0 0.001
J-o-ztfg 1D3 True F99 58912.076933495 0.23775244558053177 7.074719197150422 0.04233094433292129 0.4081700547390631 0.3451254217206778 0.06807517660428553 0.026828732019134823 1.94 1.818 0.008 0.016
J-o-ztfg-ztfr 1D3 True F99 58912.24452312267 0.1869613722546075 7.074602253181466 0.0387875517857592 0.6703126890345747 0.2569459877614964 0.08037303698055787 0.02544770764452519 1.578 1.383 0.025 0.082
J-o-ztfr 1D3 True F99 58912.164679438865 0.19976771541570063 7.003773189766074 0.08320381246614854 0.6990818477509699 0.2920211950675546 0.03488790023433497 0.05006193693478059 1.9 1.744 0.008 0.019
J-ztfg 1D3 True F99 58911.442958911066 0.33834762545415864 7.064590070987087 0.04407582184430395 -0.28813073024524044 0.4298214203911262 0.04837394759714176 0.03020863988215237 3.439 3.314 0.001 0.002
J-ztfg-ztfr 1D3 True F99 58912.14112920947 0.2229566028659967 7.070042714039123 0.039472657105266915 0.5469479880882653 0.2938817284130032 0.08536031795057539 0.02640053564643577 2.34 1.854 0.001 0.017
J-ztfr 1D3 True F99 58912.0301418564 0.24183108880974669 6.969788167030551 0.08880086375634084 0.528239321362667 0.3410190065379923 0.025255345877102202 0.05047008337682883 3.259 3.033 0.001 0.001
o  True F99 58912.47062100902 0.515953528953083 4.947896627460949 3.2855906180795773 1.2890780928850776 0.9113646306238173 -1.4415764547504009 2.4531447028989777 0.74 0.726 0.657 0.669
o-ztfg  True F99 58912.706753840466 0.3661664018641775 7.072390541293434 0.04715236514992833 0.9668544398015856 0.4471335735390893 0.06074224216145024 0.038924818616873025 0.51 0.502 0.944 0.948
o-ztfg-ztfr  True F19 58912.58196597325 0.2683959854453334 7.2499596098467425 0.04566572638523339 0.9486616830190288 0.326836268974703 0.13540986226480015 0.035570823413642226 3.055 1.957 0.0 0.002
o-ztfg-ztfr  True F99 58912.59821973642 0.24540731128119775 7.083912254394162 0.043821644840621676 0.9718550637016965 0.30256179086018953 0.0898918912230883 0.03366941339145586 0.535 0.48 0.974 0.988
o-ztfr  True F99 58912.58869741872 0.25941942457111267 6.359685302068366 0.49053513678504074 1.012128184281695 0.333839318588218 -0.4254745520519648 0.3536519740104007 0.455 0.445 0.976 0.979
ztfg  True F99 58913.75131030689 1.2364219934255065 69.11539707098267 62.95830781968772 2.2975720697230635 2.1056383165550807 75.01423113629691 71.12700051285665 0.138 0.137 0.968 0.969
ztfg-ztfr  True F19 58912.62972600899 0.35340848219648446 7.262989420838489 0.047289959872554466 0.9809558393513496 0.4183257633465173 0.16698648153474965 0.04221844308026258 3.84 2.456 0.0 0.002
ztfg-ztfr  True F99 58912.63198404769 0.3228318008690969 7.09591618043015 0.045209523357490365 0.9702557489862844 0.38713243058794056 0.12217200206370703 0.03963423036219593 0.256 0.25 0.997 0.998
ztfr  True F99 58912.576787668375 0.3460335708531795 5.95556280679477 11.155519495179403 1.049900322353643 1.0027837173805838 -0.7335501275787548 8.478034148572362 0.33 0.318 0.922 0.928