bps_used variant success reddening_law t0 e_t0 x0_mag e_x0_mag x1 e_x1 c e_c rchi2_data rchi2_data_model fitprob_data fitprob_data_model
c  True F99 59169.41922549365 4.675557776863835 8.781071369671862 0.38237881578550226 2.3460900830423412 3.7014036562753603 -1.1454002708882816 2.4466892630364243 0.98 0.978 0.322 0.323
c-o  True F19 59167.9962524935 1.1957071410611386 8.124744919487402 0.1918570892570498 0.8344628925881779 1.4736587182643164 -0.03854806516722656 0.14705637883871273 0.696 0.651 0.781 0.824
c-o  True F99 59167.99722357914 1.1842001257849994 9.053084243487646 0.18867431483761457 0.8343651571387161 1.4562508465189876 -0.08762065762936919 0.14479855728425287 0.303 0.302 0.994 0.994
c-o-ztfg  True F19 59169.24419901677 0.5393319689407514 8.0593179232702 0.053093162842533036 1.1933937207770056 0.6555785535627825 -0.0763161967318522 0.05625522906354516 1.253 1.083 0.182 0.354
c-o-ztfg  True F99 59169.25300231093 0.5339006629572614 8.989260388801014 0.05237505566599884 1.1871081997199766 0.6475900756315881 -0.12338318525452438 0.05493356861501168 0.296 0.294 1.0 1.0
c-o-ztfg-ztfr  True F19 59168.906001487485 0.48274261070292324 7.878963696479891 0.05032137804755447 0.9996838845706628 0.571165697213461 -0.10960364253481406 0.04358553313487053 0.334 0.318 1.0 1.0
c-o-ztfg-ztfr  True F99 59168.89982821717 0.4771938694168174 7.883982531075629 0.04964762513936809 0.9920805484524056 0.5629951944711166 -0.11559749912371561 0.0428115341049502 0.333 0.331 1.0 1.0
c-o-ztfr  True F19 59167.79452397626 0.7544156120702606 8.084359983992032 0.17494768724495544 0.23137089705924768 0.9155769619179387 -0.03914893827191601 0.13975006955558714 0.961 0.834 0.518 0.701
c-o-ztfr  True F99 59167.79597593385 0.7408219107561541 9.012851346506803 0.1719218909475471 0.23649295311316026 0.8992384482668795 -0.08807311543760875 0.1376212527463452 0.279 0.277 1.0 1.0
c-ztfg  True F99 59169.51234644347 0.5910035960818574 8.983135919006864 0.05278266750038859 1.208410433977136 0.7052217759332714 -0.17950019168487255 0.2567091152713996 0.215 0.214 0.997 0.997
c-ztfg-ztfr  True F19 59169.01475893397 0.5115957674686942 8.051832509777832 0.051151640999971666 0.9943590626179031 0.5933989435191023 -0.06361885546975228 0.0487006680952676 1.738 1.458 0.017 0.076
c-ztfg-ztfr  True F99 59169.01127825891 0.5058210749658155 8.982234608854327 0.05036815220787555 0.9916086291405048 0.5853272081802854 -0.11024018560326579 0.04763093825158047 0.345 0.343 0.998 0.998
c-ztfr  True F99 59167.673145089815 0.8354948915879531 9.035412969305643 0.189985576313165 0.01702250582869507 1.009868300976287 -0.055820724510235606 0.1596253608960872 0.28 0.279 0.992 0.993
J 1D3 False F99 59163.188854 12.163535422403008 9.192222595214844 75.20299826914444 0.0 31.630024292871543 0.0 28.265149061189806 None None None None
J-c 1D3 True F99 59167.751234967895 2.5445215075497645 7.937042001098124 0.24379938674286097 1.170338939732095 2.629685728450226 -0.1841668629229136 0.1058453533958381 0.509 0.509 0.601 0.601
J-c-o 1D3 True F99 59168.06939547359 1.2813051891143488 7.860887513263648 0.13751406838496646 0.8674767836095831 1.4966551008336282 -0.17149257636705378 0.08768116912179935 0.331 0.325 0.992 0.993
J-c-o-ztfg 1D3 True F99 59169.30698804509 0.5378186564282794 7.88599803524976 0.05203356426149627 1.233051890892459 0.6556067573838912 -0.14007796222295982 0.046714252520081295 0.299 0.296 1.0 1.0
J-c-o-ztfg-ztfr 1D3 True F19 59168.960537432446 0.4930974045885007 7.870586705879359 0.04913559633381633 1.0372719510398267 0.5814080259665484 -0.12520914228841318 0.03970264335679462 0.357 0.334 1.0 1.0
J-c-o-ztfg-ztfr 1D3 True F99 59168.951343282984 0.4918365081042816 8.046150808953097 0.04926476084805525 1.0306770851877236 0.5801951983065087 -0.08254977362079699 0.03988902855825169 1.231 1.048 0.161 0.391
J-c-o-ztfg-ztfr 1D3 True O94 59168.951260079055 0.4918257190543988 8.046148099780474 0.049257658830548556 1.0306807387003913 0.5801723228013159 -0.08254875054283807 0.039877930818669964 1.312 1.115 0.1 0.292
J-c-o-ztfr 1D3 True F99 59167.84059663629 0.7689259265611625 7.805982157423061 0.11135835108853391 0.2683612559700196 0.9102437202801673 -0.18025218201899146 0.08299366141909237 0.306 0.3 1.0 1.0
J-c-ztfg 1D3 True F99 59169.50576305415 0.5779980109577756 7.883267657190004 0.05281224044022732 1.1986894242725374 0.6812543252424256 -0.1659515449187192 0.0735588811046067 0.197 0.196 0.999 0.999
J-c-ztfg-ztfr 1D3 True F99 59169.07799251465 0.5153664750577822 7.873641984506977 0.04907899771314869 1.0346430786526046 0.5956034786192 -0.12966949060126776 0.04200141433763197 0.373 0.364 0.997 0.998
J-c-ztfr 1D3 True F99 59167.799845340836 0.8786270047921517 7.798481194241072 0.11218286844200608 0.11124466672419145 1.016137613022542 -0.18094826535095337 0.08459403463340638 0.353 0.343 0.983 0.985
J-o 1D3 True F99 59168.02997715925 1.6384980083388543 7.726434295738207 0.2379825736615846 0.8917651320433578 2.1166499502964187 -0.25611730559259793 0.14939896136227296 0.321 0.319 0.976 0.977
J-o-ztfg 1D3 True F99 59169.436474583505 0.5792082918760165 7.891356178458512 0.05461625772202162 1.365074566077616 0.7151221902288539 -0.13556799203778955 0.04747427889770245 0.294 0.29 0.999 0.999
J-o-ztfg-ztfr 1D3 True F99 59169.01588077688 0.5152060387572561 7.876725385794357 0.050372115433808304 1.0963908568612835 0.610105663593711 -0.12989763874099175 0.03957114011746109 0.363 0.355 1.0 1.0
J-o-ztfr 1D3 True F99 59167.646249363315 0.8086930158594616 7.66763370812006 0.17660229771050212 0.06607321913233014 1.0058620359123256 -0.2754878953357941 0.13137769248822523 0.266 0.265 1.0 1.0
J-ztfg 1D3 True F99 59169.681702862494 0.6311399379597714 7.890637855586618 0.055467352173777316 1.3453232121660519 0.7513422098957726 -0.15695259926183042 0.07678375949341401 0.093 0.092 0.999 0.999
J-ztfg-ztfr 1D3 True F99 59169.158708351155 0.5553099684893507 7.874508556943406 0.05138192425532503 1.1284849704390414 0.6448302087219302 -0.12683375067883507 0.04282615191774654 0.4 0.388 0.988 0.99
J-ztfr 1D3 True F99 59167.53038401883 0.9027404453758057 7.662283357303593 0.17597128691394304 -0.19081138622998645 1.1337450881411115 -0.27407482485839696 0.13190957653916052 0.261 0.26 0.978 0.979
o  True F99 59169.70709671838 1.6880062783186571 15.238306450986146 6.978114665369389 1.4361630103976395 1.6458787144018765 3.8586770319291874 3.9746579300772975 0.282 0.281 0.972 0.972
o-ztfg  True F99 59169.372905099735 0.5799720989250085 8.99372558873085 0.054711317405615634 1.309876696023794 0.7071764261632406 -0.11963970429365839 0.05521022633117496 0.291 0.289 0.999 0.999
o-ztfg-ztfr  True F19 59168.9638240581 0.5092910517886369 8.054371583681679 0.05218506695942192 1.0629584389835873 0.6063870995885904 -0.06810359731190603 0.04418616637947661 1.435 1.21 0.058 0.199
o-ztfg-ztfr  True F99 59168.957227097366 0.5030211708327897 8.984626465281515 0.05139055459015772 1.0532881049178604 0.5969564331987622 -0.1150710961474587 0.04333096599143674 0.343 0.34 1.0 1.0
o-ztfr  True F99 59167.63774316453 0.8207288919689463 8.649233309040278 0.7412855390799254 0.06893644336905622 1.0059492356510589 -0.373021299491645 0.591109315645653 0.276 0.275 0.999 0.999
ztfg  True F99 59170.12902143836 1.206769074326509 9.24174127306016 1.1622527480242086 1.6652473181246699 0.9415089496713227 -1.5587972820607299 3.309086464068413 0.094 0.093 0.997 0.997
ztfg-ztfr  True F19 59169.09288173143 0.54923857723449 8.053531421494725 0.05310735674240338 1.0757872520598912 0.638744662637237 -0.06197277515081648 0.049170756701997914 2.06 1.705 0.006 0.035
ztfg-ztfr  True F99 59169.08611273741 0.5419094163941204 8.983783862450592 0.052282634607384255 1.0690928017722034 0.6289255837123923 -0.10876756422586023 0.04809507553813647 0.362 0.36 0.992 0.992
ztfr  True F99 59167.47746812532 0.8590889759007506 3.869584651649556 6.062868698090106 -0.0928853882577386 0.9544245260030204 -4.596182440810239 5.735627246578217 0.215 0.214 0.982 0.982