bps_used variant success reddening_law calibration DM e_DM st e_st Tmax e_Tmax dm15 e_dm15 EBVhost e_EBVhost rchi2_data rchi2_data_model fitprob_data fitprob_data_model
c-o  True O94 0 37.29024398572501 0.15818732655514636 1.2296610400610806 0.10546184042245331 59123.11990545857 0.9388118406871306 None None 0.05600615305029926 0.10643461331942565 0.565 0.562 0.903 0.906
c-o  True F19 6 37.351516316398815 0.14356014727108832 1.2292069650655801 0.10534878150895893 59123.12694842686 0.9366865758286094 None None 0.06999775120345243 0.14240707881989662 0.566 0.562 0.903 0.905
c-o-ztfg  True F19 6 37.25345376035421 0.10783869281197402 1.196608858478621 0.047625742549109486 59122.304099905785 0.460003433879686 None None 0.1238558741425678 0.06882405652837403 0.541 0.536 0.981 0.982
c-o-ztfg-ztfr  True O94 0 37.13775533487736 0.10012906478806045 1.2098007511635327 0.04247678337337707 59122.715097585715 0.44670585260965956 None None 0.1422567420811079 0.06494058448092832 0.501 0.496 0.999 0.999
c-o-ztfg-ztfr  True F19 6 37.18100184480754 0.09902877919666915 1.2063135953961146 0.040140169313916584 59122.72344499555 0.42633740006006593 None None 0.16256793124653002 0.0651276405119923 0.521 0.515 0.998 0.999
c-o-ztfr  True F19 6 37.26832352082171 0.11114717952708504 1.1764283688712907 0.04863370820492273 59123.24608497057 0.4380818156910951 None None 0.06923279309727702 0.08078557394887331 0.395 0.392 1.0 1.0
c-ztfg-ztfr  True F19 6 37.15474274797114 0.10402274596768143 1.2160295701724972 0.04207915974460037 59122.750675635114 0.4378794453512675 None None 0.18099390502183038 0.06635449271733224 0.518 0.511 0.994 0.995
J-c-o 1D3 True O94 0 37.59137371524936 0.143771507721844 1.1690651141041288 0.0754489056193559 59123.54412398351 0.6631119791707869 None None -0.1313923880133357 0.0912958784267676 0.69 0.672 0.825 0.843
J-c-o 1D3 True F19 6 37.470313334986336 0.0887480707430702 1.1955590195710684 0.08004203901282078 59123.44277001788 0.6367933873789989 None None -0.044090508051715264 0.09645487416202633 0.549 0.534 0.936 0.944
J-c-o-ztfg 1D3 True F19 6 37.411134922570476 0.08902287956338696 1.2363577975823588 0.05020999818965213 59122.25078484693 0.48205082468391397 None None 0.07038665985794865 0.06772578600656408 0.681 0.658 0.917 0.934
J-c-o-ztfg-ztfr 1D3 True O94 0 37.460016261961286 0.09835188505923305 1.1892995071900772 0.05192826662508663 59122.641776728975 0.42696769545399266 None None -0.004408087597425238 0.07121321362237973 1.076 0.995 0.326 0.486
J-c-o-ztfg-ztfr 1D3 True O94 1 37.473675971700516 0.09955780147108537 1.189009953668924 0.05188796054485814 59122.62752494733 0.4247306120602104 None None -0.008444445200398139 0.0699828544303359 1.042 0.963 0.39 0.553
J-c-o-ztfg-ztfr 1D3 True O94 2 37.47497374096218 0.08901616472954367 1.2502494594362559 0.046095769580775485 59122.290445141734 0.48384435849414104 None None -0.016255763480019763 0.06456402343682761 0.941 0.878 0.599 0.727
J-c-o-ztfg-ztfr 1D3 True O94 3 37.476859212482566 0.100483058695432 1.189213105503491 0.05119121077329262 59122.653656104005 0.42297910910825376 None None -0.013227308769360586 0.06854767255424904 1.009 0.941 0.457 0.6
J-c-o-ztfg-ztfr 1D3 True O94 4 37.46812509763346 0.10068090873786471 1.1894836061369636 0.051667033993292796 59122.630467291005 0.4239314668368819 None None -0.009788748708842996 0.06886356375052287 1.031 0.952 0.412 0.577
J-c-o-ztfg-ztfr 1D3 True O94 5 37.48950039956393 0.0898827308085018 1.265056678240464 0.04472660963872078 59122.239074158555 0.4779277687443268 None None -0.0319831241961648 0.06406758119604733 0.843 0.795 0.791 0.863
J-c-o-ztfg-ztfr 1D3 True F19 6 37.352612267398804 0.09155232574123066 1.2658885243751505 0.04389847052482098 59122.21245894643 0.4742689838256332 None None 0.10076232679364813 0.06620757093684444 0.832 0.785 0.808 0.876
J-c-o-ztfg-ztfr 1D3 True F99 6 37.36258290632275 0.09374206848835437 1.273390527584876 0.04219903158083503 59122.22705671131 0.4684518150169472 None None 0.12185990949716263 0.0663463911543403 0.661 0.63 0.975 0.985
J-c-o-ztfg-ztfr 1D3 True O94 6 37.34337431826552 0.0940602057659224 1.2738581839404854 0.04589759136089682 59122.17342854607 0.4987911121320734 None None 0.11456576973724322 0.06781971008701389 0.776 0.733 0.89 0.933
J-c-o-ztfg-ztfr 1D3 True O94 7 37.39569855446218 0.08832827324415934 1.21518916271141 0.042468066774632024 59122.566267137394 0.4439573392216612 None None 0.06965899152550845 0.06470361371775721 0.737 0.696 0.927 0.958
J-c-o-ztfg-ztfr 1D3 True O94 8 37.424942763803436 0.09130574498096639 1.2355563969302095 0.041466930929131195 59122.477383791454 0.4411856463093832 None None 0.10722144308767316 0.06574243088166067 0.658 0.624 0.977 0.987
J-c-o-ztfg-ztfr 1D3 True O94 9 37.397524437392974 0.08818255471072951 1.2129373750766834 0.04244960858800769 59122.57741091175 0.44315902368328075 None None 0.06945832247635904 0.06471398706032148 0.738 0.695 0.927 0.958
J-c-o-ztfg-ztfr 1D3 True O94 10 37.44357127583753 0.10129658841349735 None None 59121.874466845664 0.3859447129224751 0.6723008896082128 0.06489424783853723 -0.08973949816801247 0.06613391449465097 0.669 0.647 0.973 0.982
J-c-o-ztfg-ztfr 1D3 True O94 11 37.43698006935199 0.10168269090679391 None None 59121.87716056859 0.3839197017980088 0.6675142176202363 0.06458549990381161 -0.09138568385121405 0.06557710001431119 0.641 0.62 0.983 0.989
J-c-o-ztfg-ztfr 1D3 True O94 12 37.34158591744033 0.0989967218379194 None None 59121.9139384612 0.3773200576633564 0.6618843132894532 0.06364108441818545 -0.07709762306325188 0.06429589978142669 0.533 0.518 0.998 0.999
J-c-o-ztfg-ztfr 1D3 True O94 13 37.48293814502274 0.0993745265417314 None None 59121.88561079564 0.38265714603748724 0.668635418689482 0.06441791073283996 -0.07504767955271878 0.06394791542493046 0.616 0.597 0.989 0.993
J-c-o-ztfg-ztfr 1D3 True O94 14 37.46624503253759 0.0990457899561769 None None 59121.88098592828 0.38321783888237904 0.6674202869030753 0.0645077613696706 -0.07538750196188947 0.0644853971285235 0.627 0.607 0.987 0.991
J-c-o-ztfg-ztfr 1D3 True O94 15 37.33639301118563 0.09643868921834733 None None 59121.96227048474 0.37413630010514876 0.6669624107355128 0.06308772622992533 -0.05614742147929831 0.0626618482377789 0.477 0.464 1.0 1.0
J-c-o-ztfr 1D3 True F19 6 37.45975882382079 0.0896633499552639 1.1891898704317583 0.04455064629573422 59123.212779318856 0.4217976581811306 None None -0.07388132063594384 0.06605997496672109 0.429 0.416 0.999 1.0
J-c-ztfg-ztfr 1D3 True F19 6 37.35286717897237 0.09294709066112924 1.269413099728594 0.047655191750182124 59122.23925996684 0.4978010319786185 None None 0.10429918154613035 0.06787030730222042 0.919 0.869 0.621 0.711
J-o-ztfg-ztfr 1D3 True F19 6 37.35343034287893 0.0920951311778862 1.272740711669964 0.0435158326168463 59121.60892231667 0.4926711945312454 None None 0.1039707917541411 0.06579758420210209 0.801 0.745 0.839 0.907
J-ztfg-ztfr 1D3 True O94 0 37.452439524184456 0.11518581925072735 1.18917976016516 0.07140912978496443 59122.06246015754 0.5080031498976204 None None -0.0186872689979904 0.0822378804366558 1.525 1.401 0.021 0.054
J-ztfg-ztfr 1D3 True F19 6 37.35747531200861 0.09137292965946012 1.255626716169422 0.04712925847982206 59121.6718971972 0.4972867304885332 None None 0.09337714710543125 0.06709658240547103 0.874 0.808 0.687 0.791
o-ztfg-ztfr  True F19 6 37.17562091317899 0.09739663555020076 1.1978307900438963 0.03896276279191295 59122.37807775076 0.4234018381787312 None None 0.158826031500323 0.06392325405943151 0.438 0.433 1.0 1.0
ztfg-ztfr  True O94 0 37.133152017559176 0.09986721507953293 1.2005122866155706 0.04187996364102429 59122.33916642424 0.4443266065634409 None None 0.1438227077426632 0.06428520401884665 0.414 0.408 0.999 0.999
ztfg-ztfr  True F19 6 37.19184881197766 0.09818493914453592 1.2002116184554865 0.04001327719828422 59122.3415366987 0.4270883242075929 None None 0.15340215031962376 0.0643953200657842 0.414 0.408 0.999 0.999