bps_used variant success reddening_law t0 e_t0 x0_mag e_x0_mag x1 e_x1 c e_c rchi2_data rchi2_data_model fitprob_data fitprob_data_model
c  True F99 59123.590396464206 1.6603942444184105 7.960089933523749 1.0493418046799625 4.694075990861595 6.251182264986402 0.3380227298384696 1.7841120689047805 1.039 1.036 0.385 0.387
c-o  True F19 59123.776804952664 0.5201913016768334 7.920777239050992 0.17698865754879808 1.284421891097059 0.9475447300940244 0.03485950221274604 0.11817325465504647 6.257 5.358 0.0 0.0
c-o  True F99 59123.79419648388 0.5078953806293117 7.35349536413556 0.17254323204310143 1.28609821221787 0.9277381322821203 -0.12248785993573413 0.11507337855600566 0.64 0.637 0.871 0.874
c-o-ztfg  True F19 59122.82235107386 0.3196055891466413 8.070552084925314 0.050040837421934686 0.8735511673182941 0.43814530255860773 0.1586795835011331 0.04494251785555063 8.487 6.878 0.0 0.0
c-o-ztfg  True F99 59122.832857752 0.3130707341130983 7.508160497855128 0.0491467696079789 0.8911665004326652 0.4296508305195206 0.0037349461950711045 0.0438353440959271 0.638 0.629 0.955 0.959
c-o-ztfg-ztfr  True F19 59123.08906135899 0.23849333279106402 7.498387676767704 0.04561561528848896 0.9143395635968773 0.34087703374820094 0.02394829631954285 0.03588675905171973 0.521 0.486 0.999 1.0
c-o-ztfg-ztfr  True F99 59123.08852266615 0.22933526951175784 7.509359106344785 0.04466091311462479 0.9564676540200954 0.3267919016045081 0.005573877968140111 0.035183476641232204 0.514 0.506 1.0 1.0
c-o-ztfr  True F19 59123.51154087932 0.30102895167616883 7.902056392655057 0.1315682832844444 1.2638013758713345 0.47337765104307755 0.022788176451225647 0.09856988849709436 8.804 5.991 0.0 0.0
c-o-ztfr  True F99 59123.50172546145 0.2892584550421322 7.345045507771859 0.12627370254717135 1.3489328966261005 0.4483811219687554 -0.12997075865119073 0.09491951894340536 0.446 0.443 1.0 1.0
c-ztfg  True F99 59122.475658286996 0.34006277626938786 7.547273231730349 0.057100028584103645 0.6152427429210915 0.5044542962844281 0.2423429281908056 0.14374222572555198 0.479 0.477 0.978 0.979
c-ztfg-ztfr  True F19 59122.96818404341 0.2529638543970202 8.072278061981288 0.04700810160769228 0.88662497014919 0.3618312974246581 0.16507604883259602 0.0393390481693018 10.871 7.66 0.0 0.0
c-ztfg-ztfr  True F99 59122.977552828816 0.2429970813293113 7.511303486510849 0.04564408534491968 0.9241465267805398 0.34572610172634494 0.010319761706588111 0.038282111955265166 0.502 0.494 0.999 0.999
c-ztfr  True F99 59123.40838291719 0.3214870291764445 7.362639975902805 0.13755179778590876 1.3761158284663573 0.503392208913559 -0.11862188362538181 0.10648279690576408 0.451 0.447 0.997 0.997
J 1D3 True F99 59123.11962133394 1.6849380351588954 8.730836715141848 95.00143159466953 25.759339748241807 508.10911783806756 0.1559337949503843 31.82508616770647 -1 -1 -1 -1
J-c 1D3 True F99 59123.34624465079 0.4267699082049909 7.627036631357656 0.2898486396270886 3.9213877029770026 2.720172179293786 -0.08633685310323214 0.09030868516709004 0.666 0.662 0.701 0.705
J-c-o 1D3 True F99 59123.425857546725 0.3301668917816472 7.293906735070014 0.1070587661181571 1.242363835075401 0.760355613610144 -0.17668725408011893 0.05191360997790809 0.624 0.61 0.911 0.921
J-c-o-ztfg 1D3 True F99 59122.93820373154 0.2731182063518007 7.4741234632136235 0.045633247617662104 0.9261006934192467 0.42762199800427264 -0.07580866031379396 0.028409753824759208 0.996 0.741 0.477 0.882
J-c-o-ztfg-ztfr 1D3 True F19 59123.047967125225 0.23078138603823112 7.447447395796837 0.04005357077412584 0.8793126985739929 0.33639832483733384 -0.03934870285534135 0.027228419844817595 1.268 0.606 0.07 0.995
J-c-o-ztfg-ztfr 1D3 True F99 59123.054771681316 0.23024160052616993 8.026789513775636 0.04056133733946909 0.8817398764775223 0.3370656093249797 0.1070806837533376 0.027667445465970823 8.521 6.072 0.0 0.0
J-c-o-ztfg-ztfr 1D3 True O94 59123.05476446016 0.23010356862945924 8.026608481270873 0.04051289183725434 0.8819150556458049 0.33691158568174456 0.10689113682754701 0.02760461686575593 9.294 6.631 0.0 0.0
J-c-o-ztfr 1D3 True F99 59123.41384894139 0.2422890910145241 7.281354446395271 0.07172295243162224 1.2366237485289873 0.41307486426922 -0.18001325486346562 0.045722864833204244 0.44 0.43 1.0 1.0
J-c-ztfg 1D3 True F99 59122.724242213386 0.305705604792229 7.5006587892769385 0.05004528972644979 1.0777512986065902 0.49059520701862147 -0.09802313271160307 0.0319830424975057 0.729 0.688 0.827 0.869
J-c-ztfg-ztfr 1D3 True F99 59122.95368516838 0.221524865194696 7.461784380690111 0.03982189053744478 0.9391809048786298 0.33999513318106833 -0.061414918236274575 0.026766006166410308 1.068 0.634 0.344 0.982
J-c-ztfr 1D3 True F99 59123.330489561245 0.26112784002002665 7.290675631869256 0.07434627960831078 1.2651952766428303 0.45654915590334244 -0.17785253920423413 0.04625911034830598 0.438 0.425 0.998 0.999
J-o 1D3 True F99 59123.50750945153 0.3841355955652199 7.208705875676848 0.1299992379533229 0.7363422650928056 0.928154875603047 -0.20946437716531707 0.06615649336913519 0.449 0.445 0.959 0.96
J-o-ztfg 1D3 True F99 59122.94240740127 0.295768331821073 7.466359814075867 0.04618146442724506 0.5068696110059746 0.4457899413244063 -0.07875675609937385 0.02868421364286073 0.832 0.583 0.731 0.969
J-o-ztfg-ztfr 1D3 True F99 59123.03380937337 0.21855127521026127 7.459897452536405 0.03953582872112082 0.7615178013951409 0.3292537416923804 -0.054055888631453664 0.02635224531835463 1.009 0.548 0.457 0.998
J-o-ztfr 1D3 True F99 59123.462024293505 0.2654550257919175 7.241675663133945 0.08381659192096792 1.1212985103504323 0.45430032804080184 -0.20182022447738218 0.054592515170315346 0.352 0.349 1.0 1.0
J-ztfg 1D3 True F99 59122.68836841549 0.33838451319017687 7.492470772438077 0.05065701501863955 0.5403549820947795 0.5114176268121403 -0.10738871201909089 0.03255965751901384 0.267 0.265 0.998 0.998
J-ztfg-ztfr 1D3 True F99 59122.92419161648 0.2366210346574308 7.458100978368071 0.04059405321543033 0.678745112283095 0.35803472241119194 -0.06067823932634682 0.027138448358003164 1.065 0.55 0.358 0.993
J-ztfr 1D3 True F99 59123.34876056167 0.2897583123630945 7.252061884397072 0.08611626048610282 1.1868127733212872 0.4902870467188026 -0.1990674318652026 0.05474160120470367 0.308 0.304 1.0 1.0
o  True F99 59123.854131739085 0.9233281783895324 5.38071462452635 3.5478147483305413 1.3861983666897326 1.263563649265402 -1.6095659632936603 2.8342794451233404 0.429 0.426 0.944 0.945
o-ztfg  True F99 59122.81319521902 0.35033736972059004 7.497647086043414 0.04962895917236693 0.49784555435299255 0.4491144771876526 -0.0048294892076379305 0.04454158120180613 0.459 0.455 0.994 0.994
o-ztfg-ztfr  True F19 59123.06461218571 0.25186271814989136 8.071646051612596 0.04686029852608011 0.7002171138525981 0.3512465223988062 0.16487311047470526 0.03684520750245651 9.965 6.945 0.0 0.0
o-ztfg-ztfr  True F99 59123.05931626033 0.2422877863970497 7.512986409373262 0.045763080293720865 0.763810398896106 0.336351254526562 0.01157285598455972 0.036023136511925596 0.416 0.411 1.0 1.0
o-ztfr  True F99 59123.54978597 0.32587024207233245 7.085042495605457 0.5161227536995149 1.287703405856619 0.48113664671588346 -0.32706429788966374 0.40134947465440624 0.364 0.359 1.0 1.0
ztfg  True F99 59122.889725400484 0.6836171200047652 7.657608116345419 0.6144351012668049 0.9653313802171811 0.6494410678467282 -1.675989611744247 2.1197260928114274 0.168 0.167 1.0 1.0
ztfg-ztfr  True F19 59122.92382319239 0.26961888485986096 8.071494521454008 0.04783090898244 0.6443065535247414 0.37369729287893055 0.1677748313810717 0.04002290689478173 11.912 8.098 0.0 0.0
ztfg-ztfr  True F99 59122.9239642483 0.25916517332300354 7.5123834529229825 0.046593886819741324 0.7006326916843353 0.35682353995568933 0.014152666717807157 0.03905793661002188 0.366 0.362 1.0 1.0
ztfr  True F99 59123.039287917694 0.6036078797831773 2.754138616206813 3.4045801286903874 1.02372662613174 0.7226465569327254 -4.002626897627158 3.0494401647454272 0.262 0.258 1.0 1.0