bps_used variant success reddening_law t0 e_t0 x0_mag e_x0_mag x1 e_x1 c e_c rchi2_data rchi2_data_model fitprob_data fitprob_data_model
c  False F99 59309.07464975801 0.8521384897959187 73.85230774260795 23.981943563961906 -3.275590599069985 0.5454342155806271 51.13032528975165 17.89175928119521 None None None None
c-o  True F99 59310.66391000706 0.8836948043881685 8.832032537480778 0.07791781563897911 -0.10036244022399621 0.9566116257698135 -0.20317409455157734 0.09918425266137026 1.317 1.311 0.176 0.179
c-o-ztfg  True F99 59309.38998349762 0.5504348643914306 9.126077446195552 0.0408762431576414 -0.6274288621411457 0.5763398178655994 0.10994534123157904 0.05499076783337456 1.695 1.595 0.013 0.026
c-o-ztfg-ztfr  True F99 59309.73563439022 0.41428044579446505 8.047739588046806 0.03902832562921389 -0.6952769274830097 0.5073588137052083 0.17335704521571182 0.04086257702449887 1.472 1.384 0.034 0.062
c-o-ztfr  True F99 59310.27762637359 0.5180797737805131 8.913211819256748 0.06995341956805147 -0.18277813057913977 0.7077099014592417 -0.0456088458103515 0.07102748697409471 1.264 1.228 0.17 0.199
c-ztfg  True F99 59309.97113803474 0.5067441009525302 9.27981055309217 0.0651183845698922 -1.0575208179092397 0.6852959691585987 0.5392232202527676 0.11418452323339076 0.958 0.949 0.494 0.505
c-ztfg-ztfr  True F99 59309.956363023724 0.372694372041436 9.171958724549352 0.041858890666673594 -1.171058196638881 0.5880126080386846 0.26969133102270054 0.047731127886420366 1.079 1.018 0.36 0.436
c-ztfr  True F99 59310.48317576175 0.4950282541292272 8.97559888311308 0.0800787812937318 -0.8764556730502744 0.9205728952616345 0.07972983289960986 0.08864825759599206 0.888 0.88 0.558 0.567
J 1D3 True F99 59306.801534188475 24.83368799505929 8.56513919146113 166.5322026028019 -9.019217618883587 43.44578867654216 0.056743503289821876 60.87314867367057 -1 -1 -1 -1
J-c 1D3 True F99 59312.14983763128 1.1765447916971086 7.675138695214326 0.10396814778318518 -0.6260989422353762 1.1192250061246936 -0.2129338763752695 0.11249034945361813 1.211 1.208 0.297 0.299
J-c-o 1D3 True F99 59310.61546475752 0.8551628781049213 7.748339806459768 0.07314223518396716 -0.19402311578170905 0.8911094924290698 -0.17504231421290833 0.07945953601454117 1.178 1.172 0.265 0.271
J-c-o-ztfg 1D3 True F99 59309.09349452917 0.5401431935313983 8.011227724776598 0.03850306726495368 -0.4412488825914407 0.5791626365601472 0.0723658303142378 0.04511258750239905 1.601 1.503 0.02 0.038
J-c-o-ztfg-ztfr 1D3 True F99 59309.35091035614 0.45173171233377646 8.026381845876504 0.03708696291579101 -0.38815408013229624 0.5138401029025311 0.12798386369788614 0.035090702398737184 1.535 1.428 0.017 0.04
J-c-o-ztfr 1D3 True F99 59310.163461687596 0.5407554594057328 7.7955112848588435 0.06371502868871737 -0.010495644940190042 0.6895979749843592 -0.07230760411811604 0.059756973505241076 1.188 1.152 0.226 0.264
J-c-ztfg 1D3 True F99 59308.912555234914 0.7419686700615136 8.02463298490997 0.043817527578006256 -0.4521419785076423 0.8526021703477209 0.14398995227724082 0.059856579274445244 1.879 1.733 0.015 0.03
J-c-ztfg-ztfr 1D3 True F99 59309.3377309337 0.4970584928836404 8.0340160278572 0.039044583881349126 -0.5181834203127456 0.6290056197482874 0.17346938236567236 0.03752213898749435 1.514 1.376 0.045 0.096
J-c-ztfr 1D3 True F99 59310.29603416362 0.6003052988058489 7.813449962555936 0.0671777011497117 -0.1846184859519397 0.9021014880588083 -0.023310699050638713 0.0642113147359616 1.03 0.994 0.42 0.458
J-o 1D3 True F99 59308.967609017105 1.3674190178276222 8.076515326978159 0.3147212092652283 0.39960679305510594 1.0829134937276632 0.032980427197144835 0.2019118803987773 1.029 1.027 0.418 0.42
J-o-ztfg 1D3 True F99 59309.251900733856 0.6470206822272438 8.086397118185793 0.047029608715826475 -0.10321952568390336 0.67807995363387 0.04640278114803483 0.05071495895624243 0.808 0.806 0.725 0.728
J-o-ztfg-ztfr 1D3 True F99 59309.304904070676 0.5054911216915849 8.087663740849298 0.04434645901998011 -0.0537531272891732 0.5731675167083149 0.13956956468400392 0.036691476091768725 1.183 1.124 0.219 0.288
J-o-ztfr 1D3 True F99 59309.907869547955 0.5908248217338072 7.537793478155621 0.2386229219833212 -0.07100843952586261 0.8005998411334064 -0.245076629417888 0.16948113417604177 1.072 1.044 0.37 0.404
J-ztfg 1D3 True F99 59309.581627003005 0.724778647575402 8.071307649393678 0.04983933645471349 -0.6019719482578926 0.8731115537553124 0.011593951667529214 0.08889999021060241 0.624 0.62 0.795 0.798
J-ztfg-ztfr 1D3 True F99 59309.1799965852 0.6272476935603396 8.088143804661073 0.046759478106924476 -0.08133622559798989 0.7493315933567368 0.17712640236196925 0.03924500405616937 1.079 0.999 0.365 0.459
J-ztfr 1D3 True F99 59310.10968948563 0.591734750488318 7.495044288957326 0.23277550176062511 -0.7701326245908716 1.2729245132621372 -0.21525585059163904 0.15489256281862557 0.503 0.5 0.855 0.857
o  True F99 59307.17966629617 2.8375651832025506 8.136025313083916 3.750016052181954 1.2598861944786772 1.7975314592664737 -0.7101664508335808 2.7768592401953547 1.291 1.289 0.236 0.237
o-ztfg  True F99 59309.40456326582 0.6514848534267409 9.19130315552911 0.048440104622347886 -0.1968053784821146 0.6869239011020646 0.06034186856013886 0.06269866658550495 0.887 0.884 0.604 0.608
o-ztfg-ztfr  True F99 59309.73571066432 0.47137490857287634 9.209876639495553 0.046424803371762816 -0.38567229154187765 0.5762063308587158 0.1844036711270436 0.0430695548548881 1.104 1.063 0.319 0.373
o-ztfr  True F99 59309.57013758296 0.687990943253386 6.662428209996346 1.6403790363589228 0.43407993498060227 0.9467243170677689 -1.8064618216260453 1.3415853804163962 0.955 0.951 0.51 0.515
ztfg  True F99 59309.140824365866 0.7105544635629455 10.788069781118201 3.851505114513876 -1.5143811334835082 1.0523743135319794 3.8724630742887136 6.478484762482486 0.737 0.731 0.64 0.646
ztfg-ztfr  True F99 59309.93108283033 0.4360300394725927 9.218497461322595 0.049219614275666936 -0.8831697539356065 0.7052311351007631 0.26721986793723373 0.04976967831230766 0.56 0.555 0.915 0.919
ztfr  True F99 59310.40322565796 0.6722416974174219 11.161230794990352 4.869989985482794 -1.433361544413914 1.7545561096425633 1.7163855573481097 3.532231965889341 0.574 0.566 0.72 0.726