bps_used variant success reddening_law t0 e_t0 x0_mag e_x0_mag x1 e_x1 c e_c rchi2_data rchi2_data_model fitprob_data fitprob_data_model
c  True F99 59132.53064894564 0.8344935201308892 12.429110960105115 8.853261018285096 -3.521368802801781 0.52378885850944 5.1540070178333925 7.523311226254553 1.336 1.31 0.248 0.252
c-o  True F19 59133.65506107776 0.4402632433024061 7.333152767578678 0.07981931375276158 -2.9551017995814544 0.6213767079369632 -0.0471505686581502 0.071102229226018 1.069 0.885 0.38 0.581
c-o  True F99 59133.64736544995 0.3911696893724238 7.282769598432629 0.0736611736599591 -2.9981884104266565 0.5605108555432858 -0.058287739591406776 0.06407768579663645 0.895 0.885 0.57 0.581
c-o-ztfg  True F19 59133.31115571479 0.3431413906452169 7.328498675676665 0.06578656854261546 -2.685124976408404 0.5615215040253049 -0.058187257045992646 0.05840194954908289 1.042 0.846 0.407 0.646
c-o-ztfg  True F99 59133.34230302405 0.3153295236154338 7.277392623792334 0.061195708413534076 -2.763413763691447 0.5106657478099651 -0.06804864437001817 0.05318857463809214 0.858 0.849 0.631 0.643
c-o-ztfg-ztfr  True F19 59133.43510344005 0.30018091341145486 7.334633670494924 0.05927513093498103 -2.014491739529899 0.3275096934808896 0.0029821524139808523 0.04823779114110365 0.9 0.731 0.63 0.866
c-o-ztfg-ztfr  True F99 59133.432408824854 0.27927610688420323 7.332593050297984 0.05623920865805233 -2.028783750462761 0.3037908213315081 -0.0019400229843389582 0.04551337605432412 0.899 0.832 0.631 0.735
c-o-ztfr  True F19 59133.614516162634 0.35045083337197735 7.3760808374027285 0.07609706000038226 -2.0722099333999253 0.3382365162025157 0.008217512027221282 0.06126114353630923 1.093 0.875 0.333 0.658
c-o-ztfr  True F99 59133.584413043354 0.3221073531754931 7.321050789031934 0.07138502990725311 -2.07355244255789 0.31336619929022297 -0.010517948810971407 0.05719581604218782 0.951 0.882 0.54 0.648
c-ztfg  True F99 59133.010421967534 0.4544493056981917 7.323763898279479 0.12199775366718044 -2.308511455020847 0.7476888759313334 0.0023847171381487188 0.19745387101096093 0.64 0.638 0.634 0.635
c-ztfg-ztfr  True F19 59133.07346156555 0.39427255126225197 7.434237269310447 0.06429252575592426 -1.767945172624497 0.3605403505307591 0.08529515793377668 0.05748406188512921 0.534 0.446 0.944 0.978
c-ztfg-ztfr  True F99 59133.05842149387 0.3757283251876039 7.381779490227737 0.06132793166505622 -1.760665179251032 0.33733489373069525 0.0688373188390752 0.05490709773577279 0.33 0.326 0.996 0.997
c-ztfr  True F99 59133.06242354525 0.5223698917191147 7.384140514820592 0.08161029743268139 -1.7769865808843228 0.35847718457522487 0.07114608938849484 0.07116913199460065 0.391 0.386 0.982 0.983
J 1D3 False F99 59139.16605204336 -1.0 7.104788087318607 -1.0 -38.03096200389174 6.649899186681573 0.9483590455865596 -1.0 None None None None
J-c 1D3 True F99 59128.81812742284 0.710432211701442 7.256177976773037 0.0794440097217519 -1.159941228058952 0.7602218649685266 0.1039718625577868 0.04259545025169262 2.403 2.374 0.035 0.037
J-c-o 1D3 True F99 59133.6312566141 0.4089418516297845 7.372532710883538 0.05835894726295872 -2.970584805779268 0.5470007432465662 0.03450099936634593 0.03919265228961877 2.662 2.469 0.0 0.0
J-c-o-ztfg 1D3 True F99 59133.33548842323 0.3293884084607903 7.349952780563633 0.05188123989037654 -2.6363556993467427 0.5024415307656772 0.014587172717689955 0.035002124058527914 2.304 2.093 0.001 0.002
J-c-o-ztfg-ztfr 1D3 True F19 59133.41027360451 0.3082413326505401 7.373593128140913 0.051617486642301764 -1.990420955854567 0.32564375030520937 0.04153194642065469 0.037699444305362796 1.653 1.104 0.009 0.308
J-c-o-ztfg-ztfr 1D3 True F99 59133.41084029047 0.30817750292254054 7.426427884180063 0.05167906463526846 -1.990095488793826 0.3255791706118081 0.05510862610326697 0.037747030027582736 1.767 1.192 0.003 0.202
J-c-o-ztfg-ztfr 1D3 True O94 59133.410878222574 0.30814305976322715 7.426428811472187 0.05167182573957587 -1.990115207808688 0.3255427023293348 0.055106331765689666 0.03773922622970951 1.78 1.2 0.003 0.193
J-c-o-ztfr 1D3 True F99 59133.51006060716 0.346284504563043 7.367961796015872 0.05423036867802985 -2.0590771968691763 0.3118993956220994 0.03210967960607035 0.0379003561480524 1.703 1.596 0.008 0.018
J-c-ztfg 1D3 True F99 59132.55192326405 0.57247263579616 7.346919263199978 0.057011245911675223 -2.080171660064929 0.7683155865317028 0.047873081470243564 0.03703920767252014 3.599 3.569 0.001 0.001
J-c-ztfg-ztfr 1D3 True F99 59132.78241141116 0.4231877276754338 7.365177504331923 0.04650561001239679 -1.6918338636638688 0.34903752268327404 0.05430318996908933 0.033592491299430635 1.379 1.364 0.115 0.123
J-c-ztfr 1D3 True F99 59132.276364638354 0.8077330906640614 7.352586957499412 0.05393277097986291 -1.561285541393583 0.40973446294933064 0.05187195033449042 0.038540128608246564 1.561 1.545 0.061 0.065
J-o 1D3 True F99 59133.62168225706 0.5217874882053386 7.549704128025473 0.12048986987537726 -3.156349345370672 0.7252105074221417 0.12233516138130454 0.06375091879608172 2.779 2.75 0.001 0.001
J-o-ztfg 1D3 True F99 59133.34592749902 0.3743126860051848 7.395838508901598 0.08115914936359146 -2.5272605900928347 0.6472495151640494 0.03473080464144446 0.0443315583236971 2.77 2.567 0.0 0.001
J-o-ztfg-ztfr 1D3 True F99 59133.39956030485 0.3141167973664133 7.379118034827612 0.06324581863849466 -1.9060102350157826 0.3260103847318094 0.03609662135962792 0.04028130749487179 1.739 1.629 0.007 0.016
J-o-ztfr 1D3 True F99 59133.57472072021 0.3800453213196804 7.4043439194101985 0.08878403158229699 -1.9743324879550024 0.3335065377889503 0.05287965325855629 0.05537551686343841 1.99 1.882 0.002 0.004
J-ztfg 1D3 True F99 59128.86105086164 0.8104240137382511 8.026971151318397 0.19991792486087828 10.368819423000817 3.8368543117634735 0.3027742667194706 0.05618894183919322 2.723 2.264 0.066 0.104
J-ztfg-ztfr 1D3 True F99 59132.73373972356 0.4682158992100273 7.371155344645597 0.0634050408217217 -1.5537748030566307 0.3874029328124103 0.05789552587842825 0.03976720726626813 1.758 1.74 0.031 0.033
J-ztfr 1D3 True F99 59131.96242412175 0.8400701887588036 7.343359167515139 0.092578284829843 -1.3613881779315937 0.45525242810036204 0.049096642933650875 0.05930108212736933 1.871 1.851 0.028 0.031
o  True F99 59133.78435143375 0.4916274839343146 8.187449084631375 1.6862690534160338 -3.0540682960494223 0.8063569620796986 0.5362150674918913 1.0856247777906793 1.04 0.854 0.406 0.576
o-ztfg  True F99 59133.32901404747 0.3431679896784452 7.272360053848421 0.09979561539554381 -2.872637095812161 0.6748701061220272 -0.07033511959960564 0.0687617359666111 1.007 0.994 0.441 0.454
o-ztfg-ztfr  True F19 59133.47969824286 0.31550734340598285 7.383059086935733 0.08537638676712618 -1.937321821656028 0.35426821881433246 0.011963880225528106 0.06225198206899712 1.077 0.857 0.357 0.678
o-ztfg-ztfr  True F99 59133.47254194018 0.29351027826090315 7.3289430405756715 0.08237255539998384 -1.9574408998924533 0.32741171522887275 -0.005565665832433727 0.05985354385054806 0.957 0.881 0.528 0.642
o-ztfr  True F99 59133.387296394074 0.38645468668804356 6.172657222517946 0.6678882195053284 -1.9480875606517527 0.33841713187095673 -0.8470925795454389 0.4987075722914224 0.763 0.752 0.787 0.801
ztfg  True F99 59133.1734713326 1.9012434209963354 7.425720635019393 1.6088675171496818 -1.0901463647179495 4.161134862031848 0.059027869788754 7.325241072737648 -1 -1 -1 -1
ztfg-ztfr  True F19 59133.10110345604 0.42371183104325766 7.442391241866287 0.09182274648465062 -1.6273210045526145 0.3977784707919488 0.08827717627996196 0.07130608654720681 0.378 0.305 0.977 0.991
ztfg-ztfr  True F99 59133.08448435871 0.4042879536623651 7.3906584042423855 0.08910911808882964 -1.6287643104484986 0.37121476997117636 0.07248061933424266 0.06915601499462311 0.21 0.205 0.999 0.999
ztfr  True F99 59133.371325152795 0.6997815888053118 11.002838041736318 6.1667525304376705 -1.7532999020001605 0.41341548168317793 2.6412547210639907 4.2096449083706275 0.234 0.228 0.993 0.994