bps_used variant success reddening_law t0 e_t0 x0_mag e_x0_mag x1 e_x1 c e_c rchi2_data rchi2_data_model fitprob_data fitprob_data_model
c  True F99 59234.2597571887 0.18429713857158062 0.4720419112090545 0.08486593223359426 1.2330797005153686 0.27391543623713505 -2.009935413041919 0.19278234879611775 191.866 16.104 0.0 0.0
c-o  True F19 59232.86615537806 0.20559842021120533 1.8628267319034533 0.05896391282109909 -1.17530612727826 0.13946765975612757 0.1323452028165157 0.05381954543466648 243.095 1.264 0.0 0.244
c-o  True F99 59232.866315514024 0.20559902940215055 1.8627181889469373 0.05896415424513241 -1.1751324099837626 0.1394653838216916 0.13069986378991238 0.05382079215216529 243.145 1.265 0.0 0.244
c-o-ztfg  True F19 59232.52166553894 0.09918932835300644 1.9000474280627007 0.03457455459080143 -1.2011428808432667 0.09066022065934848 0.1422328557921913 0.035718099498985016 207.557 1.402 0.0 0.08
c-o-ztfg  True F99 59232.75996787513 0.03487577867467599 1.8626588758649505 0.02388052279825822 -1.2264982980420405 0.0322329347022939 0.1519498280602976 0.023650119321714624 137.256 10.369 0.0 0.0
c-o-ztfg-ztfr  True F19 59232.5797197284 0.08318297746798035 1.8782771320331408 0.03005447961492318 -1.0784822384710155 0.07795911454686073 0.15622358579439066 0.026254365095089955 147.199 1.148 0.0 0.23
c-o-ztfg-ztfr  True F99 59232.81221077478 0.028148756930184846 1.8717356586503255 0.022518750727611742 -1.1029149928366033 0.026118167722940254 0.15457576042465404 0.01956611420404858 95.687 9.707 0.0 0.0
c-o-ztfr  True F19 59232.801751257764 0.12773565132369047 1.947698050128269 0.0509159844604276 -1.0043217782837128 0.10141442808367931 0.1799155140334998 0.04065210745774919 153.389 1.359 0.0 0.097
c-o-ztfr  True F99 59232.94244898221 0.033427886566428984 1.9056852530270876 0.038909138274892584 -1.0590407611792918 0.029673095262777397 0.1748759075258544 0.030149433264804546 123.736 10.133 0.0 0.0
c-ztfg  True F99 59232.56900049366 0.054381693051356754 1.9474766708303686 0.0389973436684664 -1.1116374516354615 0.04313346304150548 0.24852457125247887 0.049502192984918834 115.043 7.967 0.0 0.0
c-ztfg-ztfr  True F19 59232.51351181643 0.09045887239058724 1.9491266080963616 0.03261526269242358 -1.008458992944116 0.08343265291254753 0.18738293464386008 0.030658906780497448 62.838 1.355 0.0 0.069
c-ztfg-ztfr  True F99 59232.71329158575 0.033971740820440785 1.9022600696572884 0.024986039509027846 -0.9707950625827748 0.03066669978577428 0.1739712851356936 0.023940653410494266 45.747 7.675 0.0 0.0
c-ztfr  True F99 59232.80726717086 0.046634618189111146 1.8888858061748681 0.044612080114561505 -0.8808403575015825 0.03812731792501536 0.15390183302761745 0.03794062020109242 64.146 6.912 0.0 0.0
J dehvils True F99 59231.74363034471 2.877098949295298 1.5970527291289671 143.47677491716445 7.444924642511053 26.429706723739756 0.08631659079978725 48.78035854738131 -1 -1 -1 -1
J-c dehvils True F99 59231.956320312194 0.049381135933278 1.8858947877504668 0.031173552177353372 -0.6457578701344806 0.05194400037841315 0.1329640259404552 0.026356330151417914 453.672 21.134 0.0 0.0
J-c-o 0D True F19 59232.805951893286 0.2573241139667221 1.9068577993228253 0.09980545498683237 -1.0320878979428483 0.14401650922770745 0.13193201583976796 0.11206174200653995 2920541.918 3.005 0.0 0.0
J-c-o 0D True F99 59254.10098675274 0.05549846420521315 -2.160370328982988 0.3770183537767979 -0.30566567627074215 0.38195417315092284 -0.8147163508733295 0.11897855419755933 79385.855 79385.855 0.0 0.0
J-c-o 1D3 True F19 59232.82805699858 0.20251594315555915 1.8965841235301504 0.04630846218909465 -1.1624398867192358 0.13559830484835977 0.12979918904554452 0.039333732465023835 7629.282 1.492 0.0 0.111
J-c-o 2D True F19 59232.83496648642 0.2025619202162878 1.840676556054126 0.04613677334519079 -1.1564823999095113 0.13557158711762168 0.11021309969027465 0.039199637260447194 5783.249 1.115 0.0 0.34
J-c-o dehvils True F19 59232.84037123168 0.20248504752884383 1.835008691498004 0.046008841479014274 -1.1519441517291162 0.13548588032464534 0.10444800036193741 0.03910122864703978 1766.956 1.119 0.0 0.336
J-c-o dehvils True F99 59232.84080036651 0.20249087574165484 1.8836837467479457 0.04602448833667522 -1.1521682621090552 0.1354932430357824 0.11667716052361952 0.03911399470755488 1630.217 1.452 0.0 0.127
J-c-o-ztfg dehvils True F99 59232.58805913851 0.03251965314222589 1.8498248084954965 0.020149904574753748 -1.2556478911033522 0.0313184979683286 0.13966460529747116 0.01780663767770754 1682.491 15.547 0.0 0.0
J-c-o-ztfg-ztfr 0D False F19 59220.28478789916 4.246047975250357e-05 19.689785050967778 15.414604626243406 106483917.53124347 1511792480.2720413 0.1702878250535652 0.0084680588463126 None None None None
J-c-o-ztfg-ztfr 0D True F99 59232.90302400855 0.011313781278904205 1.8829208488298317 0.0031920029646184873 -1.2433651618286499 0.010310325098375114 0.15121594183181494 0.0026901390796866425 894591.151 83.005 0.0 0.0
J-c-o-ztfg-ztfr 2D True F19 59232.57547075847 0.08295558851762726 1.8661077290777706 0.027913529776466207 -1.0720558078643976 0.077748063221319 0.14245791362521654 0.02321805906061101 1656.152 1.131 0.0 0.248
J-c-o-ztfg-ztfr dehvils True F99 59232.67468797665 0.026585459912786085 1.8567732257040577 0.019831818931046366 -1.1168790345991009 0.025907235971423668 0.14056439307558533 0.01605873771688074 1110.818 13.77 0.0 0.0
J-c-o-ztfr dehvils True F99 59232.72490597793 0.031091671554455608 1.854293984263537 0.02991355666810804 -1.069419535070703 0.028844901142937734 0.13522285832479852 0.021679130699053615 1540.212 17.746 0.0 0.0
J-c-ztfg dehvils True F99 59232.34841916536 0.04041693597261576 1.899837402169637 0.022442008818043344 -1.0250960332609809 0.03853686712289895 0.16922847176474065 0.022581282497095203 1995.117 13.505 0.0 0.0
J-c-ztfg-ztfr dehvils True F99 59232.511564282366 0.031521858764728024 1.8889530034927193 0.021046341933132547 -0.9358812403159347 0.03039095553998303 0.15345971116945117 0.018131046937797678 937.819 12.18 0.0 0.0
J-c-ztfr dehvils True F99 59232.392577389466 0.03767125131858781 1.8509625998890216 0.031249559150214747 -0.7709242556223406 0.035567993891007475 0.11526152816378782 0.023907871737807604 357.417 15.667 0.0 0.0
J-o dehvils True F99 59232.263707889724 0.05974624163101076 1.7278755767762957 0.08354472579242751 -1.8899180677392982 0.05129847663865303 0.0825447838578892 0.04378452517978232 2593.923 26.084 0.0 0.0
J-o-ztfg dehvils True F99 59232.446827174266 0.03807486571135494 1.7290457646836297 0.023111591196855602 -1.7171097923989889 0.03307758295678072 0.08247456740026385 0.01819778419628069 872.797 11.941 0.0 0.0
J-o-ztfg-ztfr dehvils True F99 59232.62757658161 0.02866792807908868 1.8113973818248281 0.02348108546281667 -1.212203182662149 0.031535022717298876 0.11620076519379874 0.01695565127771573 900.333 14.646 0.0 0.0
J-o-ztfr 0D False F19 59226.935223821085 0.07003489937897649 3.1391045664503237 0.0647614458055538 18.162107461753543 0.5873363044870005 0.028646691772711484 0.04004904060828214 None None None None
J-o-ztfr 0D False F99 59224.27114199921 1.9169053756705642e-05 -0.43855536407371076 0.20582886110487114 12.795973205097846 0.3604519218019068 -2.288406480313382 0.153471485464765 None None None None
J-o-ztfr dehvils True F99 59232.69444929398 0.03612422066133801 1.5837655769811176 0.07156710761277399 -1.1315210657706194 0.03659755466759585 -0.019808437685651527 0.043593381373851735 537.08 21.191 0.0 0.0
J-ztfg dehvils True F99 59232.370451844545 0.045169002175251625 1.7319030512070985 0.024513042193152427 -1.7057287989713283 0.04052886007520571 0.08417501568225488 0.02394590223170919 969.623 12.878 0.0 0.0
J-ztfg-ztfr 0D True F19 59232.38500084766 0.09890177711871083 2.0826028499419538 0.03913414372896767 -1.1620752300675257 0.10067505517102646 0.37180581923492906 0.03214206701577424 1067495.519 23.894 0.0 0.0
J-ztfg-ztfr 0D True F99 59252.843639510436 0.0730357392886607 3.833467303540399 0.027843437014601985 0.9279786998525428 0.06688901179713284 0.8837621700510181 0.02622687092548387 391741.955 361.471 0.0 0.0
J-ztfg-ztfr dehvils True F99 59232.49726794046 0.0325780251922786 1.8665292877468216 0.02529033793211595 -0.99231945712731 0.04005739380614107 0.14091086107514428 0.01912167640799009 927.411 13.493 0.0 0.0
J-ztfr dehvils True F99 59232.43109292099 0.044816041526800646 1.6013471746659647 0.08325235687629384 -0.7590683778938225 0.04908057427220385 -0.024754750112432482 0.05042715649661865 1261.134 19.525 0.0 0.0
o  True F99 59232.60842261101 0.07687256219534533 4.1479560719837565 0.3932203079084253 -1.6841515225075998 0.06158780306677006 1.470202631696899 0.21651310864482334 7.469 0.566 0.001 0.568
o-ztfg  True F99 59232.60617914239 0.04197863735359015 1.7591756312356386 0.026666658724695733 -1.5737654455526737 0.03913987899848333 0.09838017765975461 0.024545168895372275 71.54 7.917 0.0 0.0
o-ztfg-ztfr  True F19 59232.568871537616 0.08799923033887676 1.91454630699698 0.03517522930395481 -1.099452673499079 0.09504111316653704 0.16307830610696625 0.02719263243382429 129.346 1.34 0.0 0.084
o-ztfg-ztfr  True F99 59232.77767978906 0.030761935907273903 1.8340444398447862 0.026466209065104447 -1.16778233260775 0.03176843316390011 0.13386196323117885 0.020785741168709026 77.792 10.126 0.0 0.0
o-ztfr  True F99 59232.936515117784 0.03806789095418741 1.6931957697680011 0.2072446845647345 -1.0668133653696188 0.03908703747808289 0.04105658556531548 0.13338353710150025 125.877 11.879 0.0 0.0
ztfg  True F99 59231.88918765643 0.11444960829418953 2.8516942268642875 0.23746317439160416 -2.0671727116228222 0.07734596088093072 1.893576382631152 0.3400759250386392 8.439 5.367 0.0 0.0
ztfg-ztfr  True F19 59232.505827511035 0.09534640268431237 1.945711514321836 0.03755636605302795 -0.9966946935878951 0.10520581903106234 0.18731038324897467 0.031258139293893455 28.596 1.281 0.0 0.139
ztfg-ztfr  True F99 59232.70995227053 0.03579250788360599 1.887070673861287 0.02934778458382384 -0.9925957441776836 0.039786964162134994 0.1681681877399594 0.025616810871924578 18.899 8.073 0.0 0.0
ztfr  True F99 59232.784040295424 0.051040566488040125 -1.1382068465867463 0.7717657063298492 -0.7616235770463445 0.052713193325746796 -1.9127040689209154 0.5469432746049736 13.57 5.801 0.0 0.0