bps_used variant success reddening_law t0 e_t0 x0_mag e_x0_mag x1 e_x1 c e_c rchi2_data rchi2_data_model fitprob_data fitprob_data_model
c  True F99 59301.978833340385 12.134110114332163 10.59969524714915 4.395696439431127 1.5486322974158322 6.119725125360381 1.5185614615692027 4.965315072731479 0.928 0.928 0.396 0.396
c-o  True F19 59303.87903062004 1.497766133874665 8.360790811301563 0.20964353127734373 -0.26480900277711794 1.5626187123213366 -0.15299200635013954 0.17542339762008471 0.648 0.642 0.872 0.877
c-o  True F99 59303.87596440385 1.4888169411996235 9.395870393268357 0.20844848191342527 -0.276982009311479 1.5553305170359804 -0.17052625461330917 0.1743447369722124 0.61 0.61 0.902 0.903
c-o-ztfg  True F19 59303.62365039972 0.6727002491625574 8.43529684387378 0.08935002254474914 -1.3725486323157898 0.8564175495025088 -0.035175582391873475 0.0884839283078235 0.763 0.749 0.794 0.81
c-o-ztfg  True F99 59303.61763683434 0.6644303924161873 9.470634872637289 0.08860642549544673 -1.3822269245769343 0.8462392707961449 -0.052399688372591166 0.08766254160096192 0.701 0.698 0.862 0.865
c-o-ztfg-ztfr  True F19 59303.72594106088 0.6127926800945248 8.388342962284701 0.0865840034111202 -1.2588337024823208 0.7958655399955574 0.03065482881181325 0.06788608288857674 0.661 0.645 0.932 0.942
c-o-ztfg-ztfr  True F99 59303.72399475631 0.6051302775439905 8.389573711445447 0.0858823381619758 -1.2653130843197034 0.786159951797591 0.029428222286740628 0.06715016735712706 0.661 0.654 0.932 0.936
c-o-ztfr  True F19 59304.057047790295 0.9373530897959984 8.416216758363255 0.16852821679575097 -0.4382225586844311 1.1282119299119246 -0.012000751881700909 0.13067319705346783 0.662 0.641 0.907 0.923
c-o-ztfr  True F99 59304.05767324271 0.9250461942804004 9.452019757527854 0.16662534265700085 -0.45179662742015425 1.115911640298171 -0.02861456540503319 0.12911679624998287 0.602 0.596 0.948 0.951
c-ztfg  True F99 59303.52399788138 0.865794333914803 9.521235523856017 0.11076617968587793 -1.3276045740746023 1.094791017035521 0.18482214281039314 0.2096226059276822 1.138 1.136 0.334 0.335
c-ztfg-ztfr  True F19 59303.8015397991 0.7286876023398734 8.497789417284906 0.09919592438816478 -0.8601857757580296 1.0401738268343417 0.11557562919440606 0.07802431030658871 0.827 0.809 0.655 0.677
c-ztfg-ztfr  True F99 59303.795966559686 0.7196072837754788 9.532913275188486 0.09827627943338534 -0.8740067071480435 1.026907944162542 0.09810528336052235 0.07705362948346064 0.693 0.691 0.804 0.806
c-ztfr  True F99 59303.94524347207 1.485248471274138 9.621713611170717 0.18418881138021576 1.858819903811309 1.8726244006070232 0.10411185749898258 0.14902536065110503 0.346 0.345 0.968 0.969
J 1D3 False F99 59306.33020348289 1.7325786333090794 -22.03637891704335 92.35055834530303 -13.326885353552296 9.496308329199541 -11.910644058066897 35.63483373025115 None None None None
J-c 1D3 True F99 59297.93789765492 2.155549301291085 9.223595846575144 1.8708443463047137 22.55730847829328 55.00578915114422 0.1439784911355358 0.3540299265598611 0.257 0.249 0.936 0.941
J-c-o 1D3 True F99 59303.771146319305 1.0425781945177248 8.27660354423358 0.12348047132339347 -0.37417288151069245 1.4226269699574234 -0.18668210740660318 0.07414488365441219 0.579 0.578 0.945 0.945
J-c-o 2D True F99 59304.396732180976 1.3044424876245182 8.379027670188526 0.16258295731402755 -0.06413819625124004 1.510479622255299 -0.09173744503133607 0.12677214157272126 0.55 0.549 0.959 0.96
J-c-o-ztfg 1D3 True F99 59303.404564128025 0.5919791163146086 8.3316352556472 0.07650020906958577 -1.58444844874902 0.7992690979796319 -0.11908500261585545 0.0525373552374174 0.709 0.703 0.87 0.876
J-c-o-ztfg-ztfr 1D3 True F99 59303.21588751739 0.48538862500504976 8.29054483287952 0.06640676096678699 -1.7832584459552328 0.6824925975025424 -0.0704437280738448 0.04471482335105756 0.792 0.76 0.808 0.849
J-c-o-ztfg-ztfr 2D True F19 59303.69916422547 0.5937351279043893 8.381612638213138 0.08271002417386596 -1.2834570509308967 0.784244751043503 0.023159062340300216 0.06323858920675907 0.61 0.588 0.97 0.978
J-c-o-ztfg-ztfr 2D True F99 59303.70055938495 0.5943163980409365 8.447522276702074 0.08283496147747851 -1.2817900177458004 0.7847301834082009 0.03904049917407308 0.06334913075873519 0.67 0.642 0.938 0.955
J-c-o-ztfg-ztfr 2D True O94 59303.700573811984 0.5942994102198331 8.447522222240053 0.08283210737082657 -1.2818008522351563 0.7847113799490922 0.039042922280544595 0.06334500785211235 0.676 0.647 0.934 0.952
J-c-o-ztfr 1D3 True F99 59303.2588792593 0.7085074257772735 8.166803566031009 0.10011344341940888 -1.0259324858350591 1.007789530565715 -0.17542683147702956 0.0666625779688632 0.665 0.652 0.918 0.928
J-c-ztfg 1D3 True F99 59303.693236576684 0.7856570192866121 8.352203906062169 0.08827235008998612 -1.3937839437658555 1.0145886015755434 -0.13117024127942434 0.061651989644067845 1.111 1.098 0.345 0.356
J-c-ztfg-ztfr 1D3 True F99 59303.1073977663 0.546677719603639 8.281563434222605 0.07024672030633002 -1.8049771230174532 0.7986893853091926 -0.061030341334620666 0.046344528348611594 1.11 1.037 0.33 0.413
J-c-ztfr 1D3 True F99 59299.28380702164 1.5125331977319407 8.404598444267528 0.236798493467918 5.013761349599781 3.7081756811362974 -0.038325524114609336 0.11226439670592879 0.53 0.51 0.908 0.92
J-o 1D3 True F99 59302.7807744194 1.2353951576012512 8.290409632952004 0.30161743853238193 -2.054798922341832 1.3997988220833968 -0.12921686642814623 0.17853318860755854 0.496 0.494 0.951 0.952
J-o-ztfg 1D3 True F99 59302.99398674477 0.5962502182397738 8.32830613847858 0.08413043539631075 -2.218349413369552 0.8049474031890311 -0.11072538060409276 0.05539388529095302 0.533 0.531 0.963 0.964
J-o-ztfg-ztfr 1D3 True F99 59302.948151301374 0.4893872323081137 8.272637981713574 0.07053512062095443 -2.3050887467888797 0.6862068997188858 -0.07081455493667678 0.04711090515487122 0.736 0.703 0.852 0.885
J-o-ztfr 1D3 True F99 59303.78402456705 0.8641742995960939 7.970273775358238 0.1643939059425175 -1.1147786223883114 1.1675915347033339 -0.3007289084704703 0.12222038824701802 0.495 0.49 0.983 0.984
J-o-ztfr 2D True F99 59303.86325615092 0.8620213591511328 8.146878714804084 0.3447796018120817 -1.1002321267558979 1.1631171558505295 -0.1627412506891313 0.2650475344223332 0.487 0.482 0.985 0.986
J-ztfg 1D3 True F99 59303.202404970594 0.7807021865432444 8.337524283251675 0.10014115854092683 -2.2600618781299677 1.0336232795483624 -0.12466973555328849 0.06511511230361462 0.887 0.881 0.503 0.508
J-ztfg-ztfr 1D3 True F99 59302.85407301987 0.5453385185618213 8.258729000883209 0.07445731145605092 -2.482656241199507 0.8160405839085887 -0.05482699981659028 0.048333387897747805 1.015 0.942 0.435 0.511
J-ztfg-ztfr 2D True F99 59303.38190028231 0.6534866792763209 8.367826784142508 0.09233270754019159 -1.7864250235395058 0.9773230816103815 0.05953975285651557 0.06741007607867254 0.505 0.503 0.932 0.933
J-ztfr 1D3 True F99 59303.7957079482 1.3090249864260894 7.94336710904568 0.17778628949125724 0.5729022389500771 2.358989153638817 -0.33534705821001964 0.13107117968305576 0.388 0.387 0.928 0.928
o  True F99 59302.597340190565 1.3487067486920428 7.866590116385139 5.166502276777296 -2.010361021917248 1.4671018429674854 -1.2764277937164095 4.059340483991232 0.497 0.496 0.918 0.918
o-ztfg  True F99 59303.067371558835 0.6547990993555183 9.440181407867424 0.09250037180995371 -2.1526543461717513 0.8365247142613329 -0.0863143377166987 0.0916048831491663 0.543 0.542 0.939 0.94
o-ztfg-ztfr  True F19 59303.38349073702 0.5984928404578053 8.423698872335873 0.0904709857674706 -1.8657938533386202 0.7915072447189762 0.03437466514307773 0.07000103197946182 0.685 0.65 0.883 0.912
o-ztfg-ztfr  True F99 59303.38758156739 0.5905244458226747 9.460106507610394 0.08966070203188663 -1.8612685026241151 0.7800897480205841 0.018479223837592047 0.06905198578035754 0.608 0.6 0.941 0.945
o-ztfr  True F99 59303.25346466607 0.9469151731078755 6.88681740623435 2.4016866656722193 -0.9809031759824232 1.1959044946636566 -2.1033481223382497 2.070101446909388 0.41 0.409 0.99 0.991
ztfg  True F99 59303.157315039134 1.003955404857425 9.437652550014132 0.1037471390027783 -2.2786820622392 1.1870756479959887 -0.041736312461856155 1.7876400764999854 1.746 1.742 0.174 0.175
ztfg-ztfr  True F19 59303.42603768011 0.7003014221940073 8.447359573859163 0.10237152667682696 -1.7012754260731415 1.0360856165383896 0.0934498988274518 0.07937425128001917 0.779 0.748 0.649 0.68
ztfg-ztfr  True F99 59303.42470912558 0.6913290909295411 9.483664806098096 0.10142853551399213 -1.6994354492606485 1.0214837244909505 0.07713333959259869 0.07811412372691873 0.609 0.607 0.807 0.809
ztfr  False F99 59305.024050496846 1.3275776683194462 62.38607828151648 56.93158291273748 1.2528840435587036 2.3158571291920924 34.099811240816365 34.78444497520664 None None None None