bps_used variant success reddening_law t0 e_t0 x0_mag e_x0_mag x1 e_x1 c e_c rchi2_data rchi2_data_model fitprob_data fitprob_data_model
c  True F99 59295.79974784535 0.6396073130868496 8.356253710288037 0.6276828785009344 1.7121016041261887 1.5624577335049379 0.31752628278703454 0.9506080331091636 0.146 0.141 0.702 0.707
c-o  True F19 59295.9315382206 0.489952346029776 7.058598173742528 0.08405883608241226 1.5356534759579787 0.5640871731135915 -0.03276530529913736 0.0649161965453089 1.023 0.677 0.423 0.775
c-o  True F99 59295.92551354421 0.45687089383064516 8.086053567945589 0.07847158230123168 1.5146022224575661 0.5292770400376167 -0.04957824269827733 0.06022114291330011 0.262 0.257 0.994 0.995
c-o-ztfg  True F19 59296.22544360875 0.26639604064574696 7.007622679548305 0.038397586695571514 0.9406795784034541 0.3132729749432055 -0.05282205784233934 0.036288927923024794 0.915 0.649 0.608 0.94
c-o-ztfg  True F99 59296.2517925171 0.2398691975661157 8.033940577662161 0.037097591074096076 0.9197403899981571 0.2901932862204024 -0.07224042325547131 0.03439826596779324 0.31 0.305 1.0 1.0
c-o-ztfg-ztfr  True F19 59296.16497160254 0.22170582542349962 6.937127434727038 0.03462395954625109 0.9039380355013423 0.2411676510399424 -0.0423061713777556 0.02887789016141004 0.398 0.328 1.0 1.0
c-o-ztfg-ztfr  True F99 59296.18385882914 0.19902033611569284 6.938330434892123 0.03339393776615964 0.8896593910287386 0.22312747066910726 -0.04527606897088232 0.027704795169730633 0.397 0.365 1.0 1.0
c-o-ztfr  True F19 59296.030455824526 0.29782987408312067 7.032254014626165 0.06933797812883319 1.0822698614184703 0.3102812238323409 -0.014438540803655921 0.05356885553244144 0.997 0.681 0.47 0.901
c-o-ztfr  True F99 59296.04974237023 0.26603717978662084 8.057708919139602 0.06397364945950855 1.063456713814924 0.285830540770695 -0.03584750479512251 0.04949720343641457 0.468 0.42 0.993 0.997
c-ztfg  True F99 59296.30544253116 0.24326658120537434 8.041311937369466 0.04593204299383487 0.7780634692663579 0.34819093645846405 -0.02565721153113129 0.08802144655891966 0.33 0.324 0.999 0.999
c-ztfg-ztfr  True F19 59296.21029047673 0.2228238435851623 7.015590694299075 0.03628665017357163 0.7979061807852574 0.2606653845953104 0.0003827381189509143 0.03383619747777425 0.946 0.665 0.567 0.946
c-ztfg-ztfr  True F99 59296.223174871106 0.20044526318116326 8.04248645673563 0.03495176124671332 0.7875771006265095 0.2414684946438314 -0.020021081613213552 0.032595521457060565 0.347 0.34 1.0 1.0
c-ztfr  True F99 59296.098860413374 0.26888845544123746 8.082369134966399 0.07067184852664062 0.9443260228618773 0.3259582999659762 0.006563064385403147 0.059112006218122945 0.43 0.422 0.982 0.984
J 1D3 False F99 59296.76581948866 5.769660920797433 7.602850523372576 71.4627475245299 -14.427821494835856 35.58710181362217 -0.10795840132066964 25.388950426364083 None None None None
J-c 1D3 True F99 59296.00231872583 0.5055125727542481 6.995977368893918 0.1057129709563544 2.253235698434646 1.0507343042903619 -0.11566422146562547 0.08581281394799985 0.156 0.154 0.961 0.961
J-c-o 1D3 True F99 59295.97452731247 0.4506780336305985 6.957820548270698 0.07178051550882873 1.4625378019601736 0.531828634096193 -0.07745451644770335 0.0512245913482427 0.289 0.272 0.996 0.997
J-c-o-ztfg 1D3 True F99 59296.253021556266 0.23998821640820306 6.926548386093857 0.03597559101253763 0.9149044944695351 0.2900643122480457 -0.08474992186075431 0.031393136309365764 0.317 0.307 1.0 1.0
J-c-o-ztfg-ztfr 1D3 True F19 59296.15873205903 0.2225877639339701 6.928531894715826 0.03370324623261987 0.9079350597570375 0.24165661879723788 -0.05417690235912474 0.027095023425331415 0.422 0.344 1.0 1.0
J-c-o-ztfg-ztfr 1D3 True F99 59296.15831931915 0.2225512461502202 7.003494004111919 0.03373365619563581 0.9068455561852544 0.24162386513875989 -0.03586106728889139 0.0271294645424122 0.882 0.616 0.714 0.987
J-c-o-ztfg-ztfr 1D3 True O94 59296.15830295946 0.2225183475663906 7.00349544215768 0.03372872109117086 0.9068494904490836 0.24159242636983136 -0.03585857345376291 0.027121736266473278 0.925 0.641 0.629 0.981
J-c-o-ztfr 1D3 True F99 59296.066276309444 0.267385755926989 6.92568093734494 0.05763604354505379 1.051878227118337 0.28807151727075464 -0.06505848193435211 0.0429735773771104 0.499 0.441 0.992 0.997
J-c-ztfg 1D3 True F99 59296.29860097992 0.24350304749044896 6.918226994768222 0.039243387009861116 0.8583250186854912 0.33806429173497005 -0.09943475570726698 0.0531776531900992 0.349 0.336 0.999 0.999
J-c-ztfg-ztfr 1D3 True F99 59296.21481391768 0.20176702859033416 6.928746913275861 0.03355316089590121 0.8009121729993465 0.2422147225713748 -0.0422238648267351 0.02932895843370897 0.414 0.389 1.0 1.0
J-c-ztfr 1D3 True F99 59296.12081412253 0.27188270299627537 6.927879086093289 0.06041549945018513 0.9480393453943825 0.33161398738525905 -0.049068221690464445 0.046926959619949325 0.562 0.514 0.945 0.967
J-o 1D3 True F99 59295.077948060585 1.0921440284686816 6.806757594986308 0.20386588958798327 1.5900234072323554 0.726747676848668 -0.16525250747112827 0.13626192725579944 0.173 0.172 0.998 0.998
J-o-ztfg 1D3 True F99 59296.312119962284 0.3055949294092835 6.9193652646477615 0.03850632367906429 0.7597127416334768 0.3074029870427847 -0.08969994312894171 0.03182038724839936 0.288 0.28 1.0 1.0
J-o-ztfg-ztfr 1D3 True F99 59296.16615489773 0.2327671378858199 6.919523618541779 0.035187646123257275 0.8182955452537946 0.22972970178692945 -0.061486724987371566 0.026790579275650987 0.422 0.379 1.0 1.0
J-o-ztfr 1D3 True F99 59295.97809999734 0.3374607833011892 6.679072201641287 0.16940940839098506 0.9710949187076513 0.3011793761715042 -0.23373866076814598 0.12139931114834702 0.373 0.353 0.999 0.999
J-ztfg 1D3 True F99 59296.402947841016 0.31716585159375554 6.9060558818438365 0.04161164855234128 0.6479116086344545 0.3583794644598457 -0.1368992921058233 0.0688849181221068 0.258 0.256 1.0 1.0
J-ztfg-ztfr 1D3 True F99 59296.20306972519 0.237654609331203 6.916336388332391 0.03619731431191902 0.7149155329693461 0.2492050064331363 -0.04662019772156001 0.02973834511912487 0.4 0.375 1.0 1.0
J-ztfr 1D3 True F99 59296.03823399431 0.3569992858818335 6.673081302665878 0.16852921964210113 0.800991766771457 0.3502012867127763 -0.22181045470249278 0.12258770173317475 0.379 0.374 0.987 0.988
o  True F99 59296.14103589418 2.6330576785832918 9.773713845589565 3.3894317681692963 0.5868555380122762 1.8159952314909307 1.0727245033758397 2.124372090225481 0.186 0.185 0.988 0.989
o-ztfg  True F99 59296.31219721478 0.30536615465400535 8.02619296028556 0.03955747005545675 0.7690444330869239 0.307667558820644 -0.07782434229321897 0.034853496948834516 0.281 0.278 1.0 1.0
o-ztfg-ztfr  True F19 59296.16106768673 0.2595868161138148 7.003191105038891 0.03720541712727509 0.8329401381055141 0.24834143549455684 -0.028077900316233896 0.029610111124704547 0.862 0.595 0.731 0.986
o-ztfg-ztfr  True F99 59296.1755701646 0.23197464064941092 8.029224560375493 0.03626992211270488 0.8189005490996154 0.22949692316095804 -0.04941670840530485 0.028587447417549063 0.396 0.361 1.0 1.0
o-ztfr  True F99 59295.968932560965 0.3367030466674947 7.539977886361351 0.4627864742974216 0.9881941838052978 0.3050385004946374 -0.4106768659068857 0.34283867253425454 0.383 0.375 0.997 0.998
ztfg  True F99 59295.87097071274 0.3235794792156205 11.895662488784314 3.7220902146896777 -0.23164992079630364 0.4345405912214261 6.896788459741202 5.131379415520127 0.157 0.155 1.0 1.0
ztfg-ztfr  True F19 59296.21623862015 0.2630766406498072 7.004333271924487 0.03863049727545349 0.7154921606719565 0.2687566730471662 -0.003742352430292099 0.034188775288536616 0.85 0.597 0.716 0.97
ztfg-ztfr  True F99 59296.21974060923 0.23598499754332752 8.030201420832412 0.03762362571293028 0.7046468549679852 0.24855468933407304 -0.024825905954582447 0.03303376566182344 0.327 0.323 1.0 1.0
ztfr  True F99 59296.10424468489 0.40394545700090045 9.476054560592296 4.003891219324601 0.6613764420655484 0.4640105587735313 1.0452802332107465 2.9129991602502763 0.439 0.434 0.956 0.958