bps_used variant success reddening_law t0 e_t0 x0_mag e_x0_mag x1 e_x1 c e_c rchi2_data rchi2_data_model fitprob_data fitprob_data_model
c  True F99 58851.99120443394 2.132042824571032 12.847932768437591 15.003411616613585 -1.7187795169011457 4.639068962457099 4.084696862034347 13.482792166131446 0.613 0.61 0.542 0.543
c-o  True F19 58853.067756769844 0.8066352326205705 8.163420045007957 0.21137307754815174 0.8880352063703185 1.1559944028843396 0.07358655779020852 0.14108188391643928 0.719 0.681 0.768 0.806
c-o  True F99 58853.06275800204 0.7913987178022874 9.20421119444391 0.20722610478223633 0.8878897210369041 1.1320571979440446 0.05787617915203399 0.1384469149646152 0.637 0.635 0.846 0.849
c-o-ztfg  True F19 58853.09268149939 0.5581462844443317 8.047269908143424 0.04835114549533507 0.36689118441110435 0.5515050173059128 0.0019613440604622926 0.05185274190786765 0.681 0.629 0.863 0.907
c-o-ztfg  True F99 58853.09834529908 0.5440583965479413 9.087340427377884 0.04780082608104304 0.36648130618397223 0.5402248345445355 -0.014324937441166917 0.05080443404375926 0.511 0.509 0.971 0.972
c-o-ztfg-ztfr  True F19 58852.93192189715 0.45197944378989463 7.98508844737634 0.0465132269485176 0.3963110888613143 0.45484849266207616 -0.020657637121636825 0.041383290733569215 0.382 0.366 1.0 1.0
c-o-ztfg-ztfr  True F99 58852.93478657205 0.4390860427586997 7.986092679696842 0.04597604985890353 0.3903937413984986 0.4447009911511278 -0.022335124759384227 0.040639830113598285 0.382 0.38 1.0 1.0
c-o-ztfr  True F19 58852.87135075223 0.5528979477011259 8.135316167522177 0.16263720061796835 0.5639587159475519 0.6536540370011862 0.05824431089616808 0.12012115712637236 0.528 0.491 0.981 0.989
c-o-ztfr  True F99 58852.86903376107 0.5375235736820001 9.175012991056075 0.15900350138946703 0.5524061565513823 0.6374065986006264 0.042155202444744425 0.1175615166188574 0.422 0.42 0.997 0.997
c-ztfg  True F99 58853.46803623598 0.5855862371333694 9.087858207081897 0.05298933541199018 0.10408880844794988 0.795624511764069 0.03515817808329682 0.20201797678160519 0.37 0.368 0.95 0.95
c-ztfg-ztfr  True F19 58853.09960218521 0.47489369805827164 8.043785786155539 0.04739079293379204 0.35383871105672454 0.48551144618059255 -0.011549213036376262 0.04663825078824471 0.487 0.432 0.979 0.99
c-ztfg-ztfr  True F99 58853.10162576285 0.46224519953040116 9.083704055862146 0.046820446937691974 0.35057375893024606 0.4744026841231611 -0.027726552659609084 0.045660846306358804 0.267 0.266 1.0 1.0
c-ztfr  True F99 58853.114011250844 0.591059595509347 9.143332836631743 0.18803719361573085 0.518414426197199 0.7622503769703343 0.01510041533247107 0.14350092751781132 0.296 0.295 0.996 0.996
J 1D3 False F99 58853.09779681047 -1 9.019776001476218 -1 -3.0031047828375614 -1 -0.022846057953913017 -1 None None None None
J-c 1D3 True F99 58852.72484784071 2.803189402270091 8.423764785339106 0.612840877567495 5.0410530536619325 7.526171733171569 0.05974431202330256 0.22295067845686106 0.276 0.276 0.926 0.927
J-c-o 1D3 True F99 58853.247028325364 0.75843732979886 7.925421381772722 0.14886775013821002 0.3476804573779597 1.0599579239127974 -0.08081110313208267 0.07060563112716242 0.633 0.599 0.877 0.903
J-c-o-ztfg 1D3 True F99 58852.91031708377 0.548899769701691 7.973877520239541 0.04492758339191595 0.49302914697232214 0.5410562091864516 -0.05410348084719929 0.03121994031518376 0.525 0.486 0.975 0.985
J-c-o-ztfg-ztfr 1D3 True F19 58852.849188909124 0.4546551244175993 7.9720394224863025 0.04310041795789279 0.4442277584089191 0.45639977632609285 -0.04090853690182446 0.03325408787781112 0.458 0.356 0.998 1.0
J-c-o-ztfg-ztfr 1D3 True F99 58852.85378152626 0.4539118334262252 8.033722502494658 0.043158461305050834 0.44023371437766634 0.4561539672478069 -0.025360695352173772 0.03329595809039498 0.555 0.461 0.988 0.998
J-c-o-ztfg-ztfr 1D3 True O94 58852.85372592495 0.45388810111836353 8.033714452324979 0.04315430880845145 0.4402309700863437 0.4561357909234799 -0.025369338817871262 0.03328902245318619 0.566 0.472 0.986 0.998
J-c-o-ztfr 1D3 True F99 58852.97081030697 0.5155612411095355 7.934564370134148 0.0895067458621597 0.3433344840847935 0.6105901873204256 -0.0695825226163172 0.05399521552710296 0.445 0.419 0.997 0.998
J-c-ztfg 1D3 True F99 58853.31156844778 0.5789013147909163 7.97733177485693 0.04762795775535244 0.41087944198150006 0.5864019700522138 -0.07278773271540329 0.03384403271196281 0.304 0.302 0.989 0.989
J-c-ztfg-ztfr 1D3 True F99 58853.01153003466 0.4658194138410377 7.967887811634986 0.04234400098056268 0.41557042438803415 0.47536181198398625 -0.05710584519314549 0.030543629568207564 0.308 0.265 1.0 1.0
J-c-ztfr 1D3 True F99 58853.25208103838 0.5382168448656568 7.920289779850771 0.09646886892849683 0.28022095436615624 0.692531579017301 -0.08561576006915286 0.055255536621939425 0.296 0.28 0.998 0.999
J-o 1D3 True F99 58852.2462776261 0.9865270102507112 7.8955006551518245 0.16446776740458016 0.13950833733084905 1.1254740422065261 -0.0744828620727731 0.09252955091137821 0.542 0.54 0.9 0.901
J-o-ztfg 1D3 True F99 58852.19625632295 0.6960417046917206 7.962357167736616 0.044674429373937015 0.6316118856157177 0.6173378422242998 -0.04825745838905722 0.03209377296446189 0.448 0.439 0.981 0.983
J-o-ztfg-ztfr 1D3 True F99 58852.38967915675 0.529007856570923 7.958687964189767 0.04150757799761602 0.5074785144292369 0.4864729155557745 -0.049693102553392085 0.029888497827266956 0.332 0.317 1.0 1.0
J-o-ztfr 1D3 True F99 58852.49300843742 0.6004590938684878 7.905242905571752 0.09823885168691412 0.30447023486385133 0.6522297155888918 -0.0791611814016922 0.062243790233622955 0.349 0.347 0.999 0.999
J-ztfg 1D3 True F99 58852.43393357824 1.4559933284512627 7.972070802125104 0.04814031186844648 0.6600792283954735 0.9736853466134955 -0.0577071720863985 0.046033830673492517 0.176 0.175 0.983 0.984
J-ztfg-ztfr 1D3 True F99 58852.486315933354 0.6422047173779177 7.962008827947578 0.04240796565059144 0.5420264738626632 0.5568540632347406 -0.053523097403484904 0.03130563178679029 0.187 0.169 1.0 1.0
J-ztfr 1D3 True F99 58852.672123851764 0.7256604784627326 7.9047499357371755 0.10453132171027561 0.3341205829949816 0.7990904285978545 -0.08550928942602051 0.06375982615660054 0.153 0.153 1.0 1.0
o  True F99 58852.24390867671 1.116917338500686 11.14918011266359 2.907114003020188 -0.443991691028714 1.3357812299628047 1.3713000775046251 1.8400961289703663 0.723 0.721 0.688 0.69
o-ztfg  True F99 58852.3675199861 0.878041703408053 9.070226814168779 0.04949095778526388 0.5392936646475079 0.6495042165066339 -0.030745947707856935 0.05366278073981914 0.48 0.479 0.963 0.963
o-ztfg-ztfr  True F19 58852.52777317732 0.5858591608626802 8.03174802102022 0.04785736133833975 0.44678692804813946 0.506430964123127 -0.015926718123082013 0.042807868531719806 0.5 0.452 0.99 0.996
o-ztfg-ztfr  True F99 58852.529783502716 0.5703386507507878 9.07141041442869 0.04728237819632388 0.4410877291565236 0.494999621132662 -0.032334383428472 0.04200787384519823 0.337 0.335 1.0 1.0
o-ztfr  True F99 58852.536832237165 0.6293488561430169 9.221533518032064 0.5614866524124283 0.26840595414095914 0.6540452083346823 0.0848050958826843 0.4213396996019612 0.386 0.385 0.996 0.996
ztfg  False F99 58851.9934765865 1.5550958847799112 16.082711140103008 14.455498075461032 -0.5325533250926685 1.683241181381826 12.108412964695738 19.948004269304352 None None None None
ztfg-ztfr  True F19 58852.62327741876 0.6993604169565424 8.033401605320556 0.048319668923565366 0.4692495740093812 0.5837241820919505 -0.01895248507504381 0.047619881882422374 0.449 0.383 0.97 0.987
ztfg-ztfr  True F99 58852.62863260455 0.6777297310639928 9.073110433432051 0.04773971664915152 0.461855846107595 0.5690413697696707 -0.035208754744206636 0.04658687659035825 0.182 0.182 1.0 1.0
ztfr  True F99 58852.72816304717 0.8096898064053019 10.106365148543311 5.232098291262926 0.22208862819650976 0.9663675505694952 0.7645202577655164 3.975173789379973 0.198 0.197 0.994 0.995