bps_used variant success reddening_law t0 e_t0 x0_mag e_x0_mag x1 e_x1 c e_c rchi2_data rchi2_data_model fitprob_data fitprob_data_model
c  True F99 59319.43952356935 2.707151271642602 9.258589050282263 1.029174234539609 -0.4865840639589222 2.858824765372472 0.365926962401398 2.3007239314816257 0.312 0.309 0.576 0.578
c-o  True F19 59319.40727358908 0.750984809670794 8.027339662199882 0.07539466924226927 -0.3931941498572562 0.7078883696249335 -0.10365500940138833 0.08804970919007038 0.576 0.561 0.937 0.945
c-o  True F99 59319.41078639413 0.7338498719301494 9.09349715035297 0.07330185578018908 -0.4004672686559285 0.695299207687828 -0.11205713786276808 0.08591544043442359 0.534 0.534 0.958 0.959
c-o-ztfg  True F19 59319.28746647114 0.27477343439771956 8.043724939656574 0.03176473139838569 -0.4221919577451796 0.28898125078584047 -0.08578435203823218 0.0435382326717269 0.43 0.387 0.999 1.0
c-o-ztfg  True F99 59319.28541131143 0.2523918158710282 9.11049516960352 0.02990507419995894 -0.42151960751178186 0.2644998757377815 -0.09395460749365636 0.042231799321515 0.349 0.347 1.0 1.0
c-o-ztfg-ztfr  True F19 59319.439501002445 0.22438879669452105 8.049581983289794 0.030895873266494546 -0.20910428198065534 0.25073068730406717 -0.02638630722450935 0.030946647615042493 0.557 0.485 0.997 1.0
c-o-ztfg-ztfr  True F99 59319.43906395478 0.20932803713825693 9.114726693300842 0.029194609041730178 -0.22549519877875035 0.23248298450297342 -0.03572013973571728 0.029617003136371906 0.475 0.456 1.0 1.0
c-o-ztfr  True F19 59319.76535833972 0.3720725287932583 8.040738412726828 0.06381503784490829 0.17706408463705942 0.4206767833103237 -0.05250822805936931 0.06203238175882055 0.636 0.575 0.965 0.986
c-o-ztfr  True F99 59319.77988186712 0.36024708842182884 9.106308121390212 0.06177214200470044 0.1675176132664165 0.40864491489452387 -0.061426350708109256 0.060153560045548 0.576 0.553 0.986 0.99
c-ztfg  True F99 59319.32245805517 0.26009524768387005 9.109084620622674 0.03083617851414643 -0.4038853979720539 0.2789150596768328 -0.058037166124303444 0.11833818910445407 0.142 0.137 1.0 1.0
c-ztfg-ztfr  True F19 59319.51584926786 0.22872541602801827 8.050219263033059 0.03155802157414542 -0.21709424509227387 0.2618516904374971 0.005470070149992134 0.03457579582996442 0.415 0.331 0.999 1.0
c-ztfg-ztfr  True F99 59319.50517013193 0.21282014493731752 9.114954135226062 0.02973864204695615 -0.22871948707510958 0.24126165186058546 -0.005360684341365939 0.032999290172079074 0.295 0.289 1.0 1.0
c-ztfr  True F99 59319.95068883723 0.3852895849914952 9.126474814150775 0.06562494438736356 0.23488660892513316 0.46711170514520406 -0.01496751083354559 0.06864358698976196 0.31 0.307 0.999 0.999
J 1D3 False F99 59317.308386686884 1.0 42.60217055441818 1.0 1607223.9127277457 1.0 8.408717093511083 1.0 None None None None
J-c 1D3 True F99 59318.4399735119 0.331834133797304 8.068846760627117 0.07683702669386039 -1.289281121284625 0.8741077332324928 0.09638841560657535 0.12787614488741253 0.937 0.927 0.456 0.462
J-c-o 1D3 True F99 59318.37638556736 0.3443324099708118 8.064155976379642 0.06162621692240849 -1.0081093983269123 0.5899108842369613 -0.0032389900672650535 0.05619255034777415 0.64 0.634 0.914 0.919
J-c-o 2D True F99 59318.43689914858 0.3553940011146842 8.052189603943926 0.06265865764498481 -0.9700234810489503 0.5933246804614912 -0.02243629871871379 0.060177715007473744 0.61 0.607 0.935 0.937
J-c-o-ztfg 1D3 True F99 59319.07061132372 0.23169002615043754 8.012087661127197 0.029942337597012238 -0.5060454670609513 0.26205473564045223 -0.08172033642437934 0.04189434437999559 0.523 0.456 0.995 0.999
J-c-o-ztfg-ztfr 1D3 True F99 59319.15312795884 0.18452014616508206 8.016761570231651 0.028923905633687845 -0.3583929838727391 0.22687802182925168 -0.0254484932587116 0.028263994815701306 0.621 0.603 0.991 0.994
J-c-o-ztfg-ztfr 2D True F19 59319.17502020838 0.199810954869726 8.049387331454309 0.030551170711282112 -0.3117145861265178 0.24632716361028162 -0.02264823312315711 0.02978958352423373 0.673 0.592 0.976 0.995
J-c-o-ztfg-ztfr 2D True F99 59319.1750086354 0.19982119148601316 8.049388679119922 0.030553522281129696 -0.31170730717108086 0.24633887894048634 -0.0226502699846431 0.029792922027969754 0.667 0.588 0.978 0.996
J-c-o-ztfr 1D3 True F99 59319.09390747727 0.2661513578608243 8.036838716789918 0.06251911887404817 -0.2536421915020788 0.3645098642633271 -0.0169546017781428 0.06033812966612304 0.79 0.771 0.839 0.864
J-c-ztfg 1D3 True F99 59319.08737781618 0.23162242325381097 8.009773775386284 0.03086404747933622 -0.4985697709070076 0.27591625388696783 -0.02483448350849461 0.09654828483135902 0.533 0.368 0.959 0.996
J-c-ztfg-ztfr 1D3 True F99 59319.197395341485 0.18576411955661426 8.013601777898417 0.029492851254376385 -0.3693907789333556 0.23548538270930738 -0.0046691552434224804 0.03271569656212853 0.551 0.543 0.991 0.992
J-c-ztfr 1D3 True F99 59319.10881885519 0.2606675206195057 8.056755598188321 0.06565820009405855 -0.32907288037517346 0.400064776757875 0.03311889862704227 0.06751049056397879 0.819 0.814 0.716 0.722
J-o 1D3 True F99 59318.26092989162 0.40235752771040567 8.284465083404747 0.33542201707308805 -0.8159007261492119 0.7686614701464429 0.14359878704872497 0.24665857275232658 0.614 0.612 0.906 0.907
J-o-ztfg 1D3 True F99 59319.00455105887 0.24854904982891046 8.012097562145453 0.03386504457570638 -0.5107806418148702 0.27562193117788747 -0.08064676377725966 0.042121165918472335 0.554 0.483 0.986 0.996
J-o-ztfg-ztfr 1D3 True F99 59319.120764671665 0.1926178468221358 8.009255620870562 0.03226691938154653 -0.3562375968937961 0.23567053944139146 -0.03450377490683357 0.03018258913026233 0.649 0.632 0.98 0.985
J-o-ztfr 1D3 True F99 59318.98723078276 0.2633987446090351 8.047227799592896 0.13838094642206195 -0.23548063838836297 0.38591893728228616 -0.006388187870568468 0.1114131748030204 0.852 0.831 0.73 0.763
J-o-ztfr 2D True F99 59319.06157818595 0.2838644233194896 7.956942511557415 0.17128481660993555 -0.19992379173060842 0.391051115221019 -0.08547040103060563 0.14265979602987536 0.816 0.799 0.786 0.811
J-ztfg 1D3 True F99 59318.82447932911 0.222874216011697 7.988588738057344 0.038888527868192586 -0.5954759047270637 0.2913442616798433 0.06172375047629275 0.11754629240325877 0.538 0.526 0.928 0.936
J-ztfg-ztfr 1D3 True F99 59319.14052810767 0.19057488429894734 8.007103710626621 0.03268408231628489 -0.3910498944207864 0.2439463784783043 -0.004248418811569593 0.030837900395842808 0.584 0.577 0.976 0.978
J-ztfg-ztfr 2D True F99 59319.16120318989 0.19214020091659698 8.005481616722882 0.032655147467667504 -0.377437020853411 0.24442206402442232 -0.010185790477482762 0.0313635842397519 0.559 0.553 0.984 0.985
J-ztfr 1D3 True F99 59319.03726894549 0.3050734124688056 8.086529624249547 0.3069301287510234 -0.27310236060467585 0.4444274841665466 0.0545765953644454 0.2709854448362691 0.973 0.967 0.49 0.498
o  True F99 59318.45457800707 0.9353982727965027 13.26164611167375 4.4094985080714775 -1.5710345093115219 1.0119550957094678 2.8614121019552625 2.8274211799233337 0.558 0.557 0.916 0.917
o-ztfg  True F99 59319.24611299869 0.2753648801827853 9.113590893989382 0.0339004805293709 -0.4232247751229641 0.27854306353896086 -0.09449543178587627 0.0426604194225852 0.374 0.372 0.999 1.0
o-ztfg-ztfr  True F19 59319.39830803798 0.23752500038550342 8.047540923929695 0.034658564140218034 -0.2108759071837823 0.26165117629612666 -0.027836539561401887 0.03182642863973449 0.583 0.51 0.993 0.999
o-ztfg-ztfr  True F99 59319.40343968183 0.21934218592804453 9.112654939390627 0.03255885704554603 -0.23073978740153428 0.2417763021998944 -0.03698042840504487 0.030311181299964043 0.508 0.488 0.999 0.999
o-ztfr  True F99 59319.89564825033 0.3952001922742671 8.257682531561905 0.554381292072239 0.2823612898943086 0.45097625080046105 -0.8091575616488837 0.49976521957214953 0.526 0.524 0.99 0.991
ztfg  True F99 59319.126378343695 0.5954602006266798 9.068768619707065 0.10464223436828819 -0.5141248997035807 0.48695713793198436 0.28312092494872443 1.3356168024429822 0.134 0.128 1.0 1.0
ztfg-ztfr  True F19 59319.474773234964 0.24215781320011934 8.046076943176379 0.035443493232868335 -0.2265596943481562 0.27432454504886183 0.003059701903029454 0.035161291167206954 0.432 0.351 0.998 1.0
ztfg-ztfr  True F99 59319.468159461554 0.22280159440379013 9.110658413449755 0.0332067640579113 -0.241560923327629 0.25153888130450225 -0.007530356089825575 0.033412601697789465 0.321 0.316 1.0 1.0
ztfr  False F99 59319.55006288001 0.646486520225205 54.15088188281899 34.70107179134209 -0.7598939067718298 0.7981236327420379 31.7621348313834 23.111199575628234 None None None None