bps_used variant success reddening_law calibration DM e_DM st e_st Tmax e_Tmax dm15 e_dm15 EBVhost e_EBVhost rchi2_data rchi2_data_model fitprob_data fitprob_data_model
c-o  True O94 0 36.55999944088488 0.184404117902706 0.6251064222865481 0.08237557952785227 59812.84573429171 0.7422330007042458 None None 0.4108103186556207 0.12719373422482488 0.494 0.489 0.992 0.992
c-o  True F19 6 36.92121711917138 0.14502926617336812 0.5861591454870474 0.08365402981177529 59812.45846679781 0.7106067966096882 None None 0.20548610793190641 0.11364522024171643 0.404 0.399 0.998 0.998
c-o-ztfg  True F19 6 36.88795882543968 0.126558727537213 0.5577580108040588 0.06325631207954395 59812.15488999856 0.47579570168702234 None None 0.20887661631976084 0.07851008959251697 0.478 0.472 0.996 0.996
c-o-ztfg-ztfr  True O94 0 36.78251018159798 0.1130680421079107 0.5565242799244384 0.0533863442827894 59811.89458440671 0.45000731782806036 None None 0.0578091383609604 0.10600954525542428 0.405 0.399 1.0 1.0
c-o-ztfg-ztfr  True F19 6 36.8832872242903 0.1189328410545927 0.5812864186848412 0.057233889311874765 59811.88178345599 0.45045467966154645 None None 0.21645401460341052 0.07801938462384117 0.472 0.466 0.997 0.998
c-o-ztfr  True F19 6 36.93920700017658 0.12889983982497355 0.6059291736902869 0.07236617200012714 59811.98016303957 0.5889209374935082 None None 0.18504726033820038 0.1047539626760596 0.407 0.402 0.999 0.999
c-ztfg-ztfr  True F19 6 36.766630163938906 0.14730110939404806 0.582612785715781 0.06657992288469013 59811.80932686224 0.4765537977889302 None None 0.27032354135195075 0.08720223473950581 0.41 0.405 0.967 0.969
J-c-o 1D3 True O94 0 36.89387301494226 0.11897989420235001 0.6323127022615165 0.0529484599579337 59812.30388868383 0.3400027404855324 None None 0.133074071960988 0.10153970994367763 0.39 0.385 0.999 0.999
J-c-o 1D3 True F19 6 36.94105027719509 0.11666117978328747 0.5970268392462471 0.07191967207677366 59812.5173310006 0.6238939135211076 None None 0.19416186426692142 0.09368780532828427 0.391 0.386 0.999 0.999
J-c-o-ztfg 1D3 True F19 6 36.9064650463854 0.11170862921537125 0.5643559871852061 0.05403077540501178 59812.05417662028 0.45034504719428337 None None 0.19514761182658044 0.07541316464848807 0.397 0.392 1.0 1.0
J-c-o-ztfg-ztfr 1D3 True O94 0 36.843674909977935 0.10423896942218781 0.5740946884248757 0.046383712611352296 59811.75845824696 0.441629342608235 None None 0.05370969915319705 0.10013963290376907 0.431 0.424 0.999 0.999
J-c-o-ztfg-ztfr 1D3 True O94 1 36.85626053668329 0.10781032009945551 0.5782386344141024 0.047373860299862666 59811.709456055505 0.439739698696565 None None 0.048037470282273245 0.09997539001393328 0.438 0.431 0.999 0.999
J-c-o-ztfg-ztfr 1D3 True O94 2 36.836079093387404 0.10377751211005161 0.5524708039577794 0.04832545518068977 59811.80786790464 0.4297604897089265 None None -0.0019909154393017705 0.10611382973840508 0.396 0.39 1.0 1.0
J-c-o-ztfg-ztfr 1D3 True O94 3 36.84623715735065 0.10746546619140672 0.5844826911947967 0.04734994385182184 59811.719627098326 0.4419293075008746 None None 0.06777632253531234 0.09684997077083064 0.44 0.434 0.999 0.999
J-c-o-ztfg-ztfr 1D3 True O94 4 36.85062681553986 0.10788984262783874 0.5805176621663475 0.04758885055812161 59811.71735745151 0.44035366672287735 None None 0.057384990388960944 0.09828893486315175 0.437 0.43 0.999 0.999
J-c-o-ztfg-ztfr 1D3 True O94 5 36.811852659971564 0.10686171630597503 0.5485301083445734 0.04834961483644015 59811.796063590664 0.4280195478713499 None None -0.01260880938644934 0.10417193721298111 0.386 0.38 1.0 1.0
J-c-o-ztfg-ztfr 1D3 True F19 6 36.87776915763448 0.1112147809911534 0.5802801706694973 0.05291857842994404 59811.81740290918 0.43778247806494147 None None 0.21395716387811178 0.07606322922907013 0.439 0.433 0.999 0.999
J-c-o-ztfg-ztfr 1D3 True O94 6 36.87132238923929 0.11352134216283123 0.5785679205306343 0.054859082696542216 59811.84752582747 0.4526998855337918 None None 0.21886545151587095 0.0784015572455898 0.434 0.428 0.999 0.999
J-c-o-ztfg-ztfr 1D3 True O94 7 36.915407656740555 0.10899959745980095 0.5971081662672313 0.049147095306254725 59811.801982034915 0.4408142087375345 None None 0.20832596143326196 0.07566714663188961 0.414 0.408 1.0 1.0
J-c-o-ztfg-ztfr 1D3 True O94 8 37.01749578390186 0.1073021481216864 0.5841630434304791 0.04810222636849151 59811.86330314641 0.43932310571994315 None None 0.2278578994680316 0.07520011741099794 0.396 0.39 1.0 1.0
J-c-o-ztfg-ztfr 1D3 True O94 9 36.93798347059468 0.10733800592944019 0.5992675274466325 0.04846049470916265 59811.80865682445 0.44089169784819804 None None 0.19963468647802005 0.07593520451627762 0.408 0.402 1.0 1.0
J-c-o-ztfg-ztfr 1D3 True O94 10 36.96777532117747 0.14968537076331348 None None 59812.28535661418 0.628228135951889 1.122840946310008 0.10882002585762274 0.49577518563364836 0.0791527114189942 0.854 0.818 0.733 0.789
J-c-o-ztfg-ztfr 1D3 True O94 11 36.962230252979786 0.14949225104928388 None None 59812.259615976 0.6290238091176535 1.123133012292565 0.10890089236804225 0.4891959381866629 0.0788808006658684 0.86 0.824 0.723 0.781
J-c-o-ztfg-ztfr 1D3 True O94 12 36.982942727263996 0.14959305926561772 None None 59812.262247054365 0.6253343090635328 1.1231345746660386 0.10850519377813235 0.49095345059403606 0.07866083020147209 0.846 0.81 0.746 0.802
J-c-o-ztfg-ztfr 1D3 True O94 13 36.8922513106007 0.14689810755777358 None None 59812.26723787528 0.6231158060947749 1.1232155433359103 0.1081197291490706 0.45966030060635293 0.07827421858725696 0.848 0.813 0.742 0.797
J-c-o-ztfg-ztfr 1D3 True O94 14 36.93970524475762 0.1471132498619607 None None 59812.27914854312 0.6272727691594195 1.123174310262368 0.10892257045344314 0.47683174227598824 0.07945676075336117 0.858 0.823 0.726 0.782
J-c-o-ztfg-ztfr 1D3 True O94 15 36.90948724731947 0.1478384758949719 None None 59812.20335114844 0.6247117386014791 1.1236888369464821 0.10838332038330553 0.45478205672348215 0.07795108647309049 0.867 0.83 0.712 0.771
J-c-o-ztfr 1D3 True F19 6 36.934641907986176 0.11387634645311703 0.6030860468492613 0.06931036616425965 59812.13222400546 0.562985027046319 None None 0.18319074675655805 0.0941192501798628 0.389 0.384 0.999 1.0
J-c-ztfg-ztfr 1D3 True F19 6 36.826787691275534 0.1214149197818985 0.5902953525734248 0.0611024112773555 59811.66443883708 0.4546596703583754 None None 0.23734236132592298 0.08285808760706546 0.415 0.409 0.976 0.977
J-o-ztfg-ztfr 1D3 True F19 6 36.86460443931115 0.11232171963797533 0.5952442409295604 0.05026102187268708 59811.951491748 0.4223779532750314 None None 0.24981650157106527 0.07356816770826642 0.338 0.333 1.0 1.0
J-o-ztfr 1D3 True O94 0 36.94026962708375 0.17851027567494523 0.6155084183466467 0.07471760151349369 59812.10992635419 0.6218118690006661 None None 0.055595886397102 0.2215013704489817 0.378 0.373 0.998 0.998
J-ztfg-ztfr 1D3 True O94 0 36.86563625236281 0.10159404683995 0.6214895513058998 0.04204592220180588 59811.8668811784 0.3856266296214901 None None 0.12044377039951674 0.08777581875817579 0.165 0.162 0.986 0.987
J-ztfg-ztfr 1D3 True F19 6 36.84414599112539 0.11470466121182821 0.6057286444958079 0.04015307266737659 59811.91258696928 0.37081994200158214 None None 0.26648570073901834 0.06591618394911265 0.117 0.115 0.994 0.995
o-ztfg-ztfr  True F19 6 36.868137282581515 0.11795179842964072 0.5940523846011613 0.05407475607134875 59811.97004048121 0.43543187011712003 None None 0.24354325560823914 0.07576594872816846 0.356 0.351 0.999 0.999
ztfg-ztfr  True O94 0 36.82653904550467 0.10242572970595654 0.6045872108307717 0.04101339291356472 59811.97631216353 0.37510571585396424 None None 0.11408611812964949 0.08019327455227365 0.11 0.11 0.979 0.979
ztfg-ztfr  True F19 6 36.83289978181958 0.11990750539124503 0.604611182410765 0.04100502209371934 59811.97653476463 0.37507885973765714 None None 0.27351335873098986 0.06677217037000108 0.11 0.109 0.979 0.979