bps_used variant success reddening_law t0 e_t0 x0_mag e_x0_mag x1 e_x1 c e_c rchi2_data rchi2_data_model fitprob_data fitprob_data_model
c  True F99 59275.943847862756 1.30287336355129 8.709407706043756 0.3763710104531824 -2.3533890081938216 1.4580101403874333 -1.4634684603168997 2.0913486144591453 0.908 0.908 0.436 0.436
c-o  True F19 59275.111026979146 0.6138835049231427 8.114221962274847 0.3666203151678826 -2.5680425999050147 1.0595759171158101 -0.2376408772976779 0.2842123768471186 0.658 0.638 0.806 0.824
c-o  True F99 59275.11247933309 0.5874296844995367 9.149341603596126 0.353925611160389 -2.5845383354448765 1.0280141492631059 -0.255534142531064 0.2750577398460314 0.627 0.626 0.834 0.834
c-o-ztfg  True F19 59274.646190353524 0.5139022008838964 8.422863416398545 0.07350777465875889 -1.8097890733960216 0.669748787889027 -0.027394740558687968 0.10604000081230762 0.594 0.575 0.926 0.938
c-o-ztfg  True F99 59274.65003035343 0.5046228393623537 9.462217954204329 0.0726615142239312 -1.806755289387845 0.6570000587580823 -0.043745278219743375 0.10441076361735555 0.519 0.518 0.965 0.965
c-o-ztfg-ztfr  True F19 59274.42906733814 0.4012129152679183 8.361862558718748 0.06774820181131938 -2.1228155542550233 0.5282153046610593 0.03154966585241281 0.060549083578817796 0.451 0.434 0.998 0.998
c-o-ztfg-ztfr  True F99 59274.4385059594 0.3899636455920805 8.362780662212655 0.0661343957913659 -2.112524064858156 0.5084332656949209 0.028809625787585655 0.05894442568998357 0.451 0.449 0.998 0.998
c-o-ztfr  True F19 59274.49029070661 0.474074008786478 8.402629881641598 0.22995952355992805 -2.2842602414251845 0.6612099682964908 0.03917429187744122 0.17481397027157647 0.568 0.537 0.962 0.973
c-o-ztfr  True F99 59274.494200084475 0.4578738606051326 9.452799643561953 0.21522801897370966 -2.2430551378021155 0.6226928169260398 0.029722458545890368 0.16424599751412178 0.517 0.515 0.98 0.98
c-ztfg  True F99 59274.63380040755 0.5469781840236282 9.45583487630455 0.07372618753876935 -1.9675630924256304 0.7759243430296447 0.005627367342967543 0.2466882031051842 0.611 0.609 0.835 0.836
c-ztfg-ztfr  True F19 59274.52458498615 0.43157779769470134 8.425296541985915 0.06862422592230583 -2.046514561557992 0.5698803720065571 0.06121471101804325 0.06349290107874239 0.502 0.473 0.979 0.986
c-ztfg-ztfr  True F99 59274.535538599295 0.41997381546674967 9.46438464403564 0.06685882194615216 -2.0361343696754544 0.5470359000995861 0.04334275392520601 0.06167462904346601 0.408 0.406 0.995 0.996
c-ztfr  True F99 59274.71742159565 0.5325449479321744 9.519454259299458 0.23406859382552936 -1.9075311178671908 0.7512786703131786 0.09074834941296037 0.18129690466441348 0.433 0.431 0.97 0.971
J 1D3 False F99 59268.43607169683 13.217003333494201 9.248132045640707 -1 -0.029856923205075336 -1 0.00020774391262542587 13.812432770329874 None None None None
J-c 1D3 True F99 59275.015380651894 0.5488700088406554 8.138227484688112 0.291449139862257 -2.802368404675488 1.1784417073483655 -0.03879500748609861 0.11388464711091117 0.75 0.748 0.558 0.559
J-c-o 1D3 True F99 59274.7512498018 0.563104732426869 8.353426392192578 0.2215055037023611 -2.1884559850111653 1.0477976802694284 0.011451814949702066 0.10086997411508883 0.657 0.654 0.818 0.821
J-c-o-ztfg 1D3 True F99 59274.48824705379 0.43781288589747447 8.36443221051512 0.06920968213062248 -2.0783102888352056 0.5822942222856156 0.005774970148083506 0.049900679038982945 0.545 0.543 0.961 0.962
J-c-o-ztfg-ztfr 1D3 True F19 59274.456975733 0.3903170857570957 8.354984304563294 0.062226486291884306 -2.0985247338465416 0.522763200806562 0.020680901508910648 0.044579987010845236 0.441 0.424 0.998 0.999
J-c-o-ztfg-ztfr 1D3 True F99 59274.45250837635 0.3899501163339518 8.417528891182528 0.06231485499052823 -2.1026530961730443 0.5224020409270059 0.036751031249578583 0.04468407546067076 0.504 0.479 0.994 0.996
J-c-o-ztfg-ztfr 1D3 True O94 59274.452517651196 0.3899316044146193 8.417527735899595 0.06231103736042291 -2.10263761035131 0.5223695386813055 0.03674989951639841 0.04467927856038621 0.511 0.485 0.993 0.996
J-c-o-ztfr 1D3 True F99 59274.511039682955 0.4421269303368361 8.326165722711647 0.1241023606118407 -2.250613591535509 0.6177227708646295 0.007744289572902495 0.0776224758884944 0.499 0.497 0.986 0.986
J-c-ztfg 1D3 True F99 59274.62281277006 0.49065571503725397 8.356792612072486 0.07097731316904035 -1.9879195215741707 0.6377438785956728 0.01689366260739532 0.05242229521744381 0.564 0.562 0.884 0.885
J-c-ztfg-ztfr 1D3 True F99 59274.57108002086 0.4166020689190124 8.354817288983373 0.06168321455913485 -1.9988664769749667 0.5446040203524093 0.026798381028567495 0.04475682082635125 0.399 0.396 0.997 0.997
J-c-ztfr 1D3 True F99 59274.73618404496 0.5160576094860588 8.338555344695404 0.13002615855759783 -1.959273446925321 0.7234723694131129 0.022665352755556107 0.08047373557995263 0.419 0.416 0.979 0.979
J-o 1D3 True F99 59271.74296010965 4.369171490432797 8.337214070640552 0.3153520381335555 -1.7763269732280778 2.284398154861633 -0.025259416077620125 0.1360834728905067 0.552 0.551 0.769 0.769
J-o-ztfg 1D3 True F99 59274.166063496086 0.5854601751211834 8.386559401978301 0.07198192123825245 -2.0881206082728605 0.7625623575914243 0.007916394291543838 0.04997442761960658 0.417 0.416 0.975 0.976
J-o-ztfg-ztfr 1D3 True F99 59274.277014469044 0.46357796820559427 8.36481250785215 0.062087938213376714 -2.1027757271097385 0.6109168854231074 0.018734751964034534 0.04399184778940972 0.343 0.34 0.999 0.999
J-o-ztfr 1D3 True F99 59274.17035672061 0.5944062394479995 8.303627977029558 0.14978077562141173 -2.3138028441697838 0.80736453631449 -0.0161948890171872 0.09441276693888806 0.399 0.397 0.99 0.991
J-ztfg 1D3 True F99 59274.348872103124 0.7503609275944163 8.380963411315733 0.07444387460996017 -1.9178510098673571 0.954003896681542 0.01573787269897609 0.054447491631689854 0.281 0.28 0.924 0.924
J-ztfg-ztfr 1D3 True F99 59274.43111153031 0.5425407294769176 8.362783109757395 0.06296607160942673 -1.9516242742375274 0.7046701674777919 0.024834014077253663 0.04514300318249477 0.24 0.236 0.999 0.999
J-ztfr 1D3 True F99 59274.39063637527 0.789947317811624 8.297651040287985 0.15658040777217155 -2.116437444482688 1.047933982813895 -0.011036983061739548 0.09862334660318944 0.261 0.259 0.985 0.985
o  True F99 59271.88310334529 3.153559543102176 14.675113283368626 6.2288834283773395 -2.3716522294807882 1.7355891167483894 3.279298054227901 3.5204323132894952 0.574 0.574 0.751 0.751
o-ztfg  True F99 59274.259850048096 0.6656594425455822 9.479506834873673 0.07484887865025325 -2.0111336605907657 0.8122145066371995 -0.023198352435347645 0.11118124405114067 0.439 0.438 0.963 0.963
o-ztfg-ztfr  True F19 59274.229817764994 0.485572581817496 8.434541318780646 0.06881683696143019 -2.1307314206077352 0.6454915575995535 0.04900085821685886 0.060659994972457255 0.433 0.408 0.995 0.997
o-ztfg-ztfr  True F99 59274.24168170354 0.4709898790910314 9.47204559417033 0.06713084739368136 -2.139731970638331 0.6167886547663171 0.030337327331499533 0.05907869990541662 0.352 0.35 0.999 0.999
o-ztfr  True F99 59274.25479317653 0.6440232237172384 8.861515875697162 1.3836438273093123 -2.1920399821785046 0.8686856363643002 -0.44045934191336444 1.0917060717878195 0.41 0.409 0.986 0.987
ztfg  True F99 59273.87780723976 1.3291479667497057 14.13418533070707 24.741471610661176 -2.888080615297639 1.9745837592336049 9.202114123851784 37.05173877023645 0.326 0.324 0.861 0.862
ztfg-ztfr  True F19 59274.372073085935 0.5587843182354285 8.435652348374578 0.06967254155993247 -1.993212778400839 0.7420600807731059 0.061766059102196215 0.06336417919772844 0.362 0.332 0.99 0.994
ztfg-ztfr  True F99 59274.38002808909 0.5405812912994974 9.472776191601717 0.06783602851301111 -2.009771903648523 0.7034930007563104 0.042399058209424745 0.06162328661645319 0.241 0.239 0.999 0.999
ztfr  True F99 59274.58203006011 0.8221178890206474 13.70421249571209 8.6668380786314 -2.235248075031225 1.1533973067442465 3.184700590332775 6.111429506791181 0.27 0.267 0.976 0.977