bps_used variant success reddening_law t0 e_t0 x0_mag e_x0_mag x1 e_x1 c e_c rchi2_data rchi2_data_model fitprob_data fitprob_data_model
c  True F99 59170.01549167614 1.769166775378619 7.480354480874048 0.9141530911505202 0.5271366726462852 1.9718054580742348 -0.15165080295142364 1.589004080293358 1.36 1.357 0.245 0.246
c-o  True F19 59169.35389244971 0.6353344129187932 7.975734221006456 0.11692679437696248 0.6001305066233049 0.6667747499642855 0.18713774087805263 0.10356526275833054 2.46 2.208 0.001 0.002
c-o  True F99 59169.351764722414 0.617266005278882 7.654524039661947 0.114221743651744 0.6121109458927483 0.6542743263034757 0.09774473011410834 0.10110504342000275 0.563 0.561 0.928 0.928
c-o-ztfg  True F19 59168.60370306805 0.5494273540894873 7.940739843452221 0.0735582727337436 0.9064330770941491 0.608910353900411 0.132594659554425 0.06974464603519553 3.069 2.784 0.0 0.0
c-o-ztfg  True F99 59168.62079229357 0.5393921709661204 7.620958281909312 0.07229331130267602 0.9106450825170469 0.5998082677444192 0.0444764240777922 0.06830375843200061 0.656 0.653 0.891 0.894
c-o-ztfg-ztfr  True F19 59168.60929841344 0.5413656268030477 7.616989680104299 0.07335070368850648 0.9043802609189859 0.6054080654463587 0.0552441180347729 0.06959439202902414 0.629 0.61 0.918 0.931
c-o-ztfg-ztfr  True F99 59168.62406887122 0.5319311260425865 7.620865358786951 0.07224828958216933 0.908245573872523 0.5961778975568837 0.04443569097481514 0.06831232738419489 0.629 0.626 0.918 0.92
c-o-ztfr  True F19 59169.30756464967 0.6238044206870482 7.977732710291377 0.11665344105874031 0.6363405198746697 0.659162360231783 0.18719441666443684 0.10352429390622142 2.343 2.106 0.001 0.003
c-o-ztfr  True F99 59169.308738163534 0.6069112820578124 7.65632387234446 0.1139954739769449 0.6466225133799639 0.6471790863696288 0.09768099525463456 0.1010734714818673 0.538 0.537 0.947 0.948
c-ztfg  True F99 59168.395235576 0.6728261620088086 7.6133694454681615 0.09349065371246401 1.0779358239863024 0.7843922272503644 0.007721185600634767 0.1563157747532365 1.121 1.116 0.343 0.347
c-ztfg-ztfr  True F19 59168.40183458806 0.661470324904114 7.930265085568203 0.09306473480041082 1.0697205671640615 0.7929358334451684 0.08876225352126307 0.15366119646813398 5.476 4.983 0.0 0.0
c-ztfg-ztfr  True F99 59168.4117101331 0.6537055805203202 7.611482215784687 0.09147103691767662 1.0711373953108527 0.7819561387242402 0.003508010884357229 0.15093023233530437 1.01 1.005 0.432 0.436
c-ztfr  True F99 59169.41225548783 0.8926298745503346 7.882639355920439 0.6699295667213153 -0.008487595898959005 1.4892903073190893 0.4575396452017757 0.9391211109382129 1.117 1.114 0.349 0.351
J 1D3 True F99 59168.41530741214 0.6054782499512801 7.605579657863888 63.62478818996527 -2.1275352100662586 16.774484474902366 0.0200427059842094 22.736816354422878 -1 -1 -1 -1
J-c 1D3 True F99 59168.66200491016 0.44988937870711915 7.600334607378633 0.09757021670191322 0.9251708512080971 1.0094315388181556 -0.008954072708383314 0.045632506788421644 1.016 1.01 0.418 0.422
J-c-o 1D3 True F99 59168.694999637046 0.380322087854468 7.5747474704024915 0.081830430679336 0.8226028483120522 0.6773430374736096 -0.008219835086704722 0.043089020254079846 0.615 0.592 0.912 0.927
J-c-o-ztfg 1D3 True F99 59168.47224572252 0.36525347349638104 7.591582975954762 0.062429312476446404 0.9327563930007994 0.5993091484964467 -0.0026164184743668506 0.035038600888338114 0.643 0.625 0.913 0.925
J-c-o-ztfg-ztfr 1D3 True F19 59168.47074716484 0.46161094885476645 7.585509548242863 0.0644634964369714 0.9378961262779841 0.61223625269063 0.0033279788886419175 0.03884692811792013 0.643 0.593 0.917 0.949
J-c-o-ztfg-ztfr 1D3 True F99 59168.48601151163 0.45888552479237554 7.914761792352824 0.06454430709304627 0.925012541894008 0.6086473964626365 0.0907967513096116 0.03904656576200911 2.646 2.379 0.0 0.0
J-c-o-ztfg-ztfr 1D3 True O94 59168.485981038044 0.4585981769687321 7.914733730032351 0.06452187120815579 0.9250403443087813 0.6085577992851869 0.09075802595061033 0.03899210040809581 2.815 2.517 0.0 0.0
J-c-o-ztfr 1D3 True F99 59168.69068410275 0.3764664996304862 7.575317307010051 0.08155993392502874 0.8323307800914082 0.6650350204389884 -0.008020453173311707 0.04305963470513863 0.587 0.565 0.935 0.948
J-c-ztfg 1D3 True F99 59168.423934204 0.4124221661559231 7.608209893681027 0.07063568960656809 1.0933507957657524 0.7568641895378343 -0.006748262739113911 0.03733769732961253 0.844 0.84 0.604 0.609
J-c-ztfg-ztfr 1D3 True F99 59168.42815329014 0.4079354007351481 7.607736331114518 0.07028367275493613 1.0836271121615697 0.74409281271996 -0.006961181905227213 0.037219934900763224 0.78 0.776 0.683 0.687
J-c-ztfr 1D3 True F99 59168.65413126272 0.4388961055328102 7.601551833817114 0.09616504903965326 0.9480650498203463 0.9612069647037138 -0.00861883181630203 0.045389191038510364 0.889 0.884 0.524 0.529
J-o 1D3 True F99 59168.59408351527 0.4236594009283423 7.431996312848646 0.17330003561857113 0.5864104891192868 0.9271000077238949 -0.0672172715031421 0.07655233455501533 0.361 0.36 0.981 0.982
J-o-ztfg 1D3 True F99 59168.27442112821 0.4232257364007898 7.561156777432773 0.08484528860100415 0.7034935070834241 0.8109935328544823 -0.012080930647484018 0.03882646367529123 0.494 0.477 0.957 0.964
J-o-ztfg-ztfr 1D3 True F99 59168.27651359681 0.42198412039970273 7.560758099730895 0.08463399103392437 0.6950798982946647 0.8010680573838319 -0.01220675616298473 0.03878853029909214 0.466 0.451 0.972 0.977
J-o-ztfr 1D3 True F99 59168.59406646105 0.42102031803277606 7.431779136705549 0.17319492123753877 0.5858360774917736 0.8999484032520666 -0.06735795928104131 0.07656471556948424 0.335 0.334 0.99 0.99
J-ztfg 1D3 True F99 59168.16985772111 0.5471915243334492 7.57740292980789 0.12355039772730095 0.761681265689905 1.3633461731249705 -0.013915402017449906 0.04430811716713553 0.643 0.638 0.632 0.635
J-ztfg-ztfr 1D3 True F99 59168.17047800554 0.547218641625363 7.575642660713932 0.122036383951369 0.7317794962929725 1.3207330427205253 -0.01454033837518007 0.04390248440221736 0.516 0.512 0.764 0.767
J-ztfr 1D3 True F99 59168.409459262824 0.5294278196208013 6.150899059190202 11.62058475304093 -2.1526420979536582 15.912565755620237 -0.5008913207636638 4.022950488901018 -1 -1 -1 -1
o  True F99 59168.99231846116 1.0571186652459652 2.28759570520803 6.565947329548571 2.095161020196217 1.9389352190784015 -4.173243168702391 5.8305692056308995 0.36 0.359 0.964 0.964
o-ztfg  True F99 59168.17098104437 0.6710235393176988 7.5700592747991795 0.1022748105981162 0.5870097380194312 0.874285900039892 0.015399955608369067 0.07500918419534215 0.546 0.544 0.907 0.908
o-ztfg-ztfr  True F19 59168.15943000729 0.678117776935995 7.887751700351125 0.10402217784630738 0.5607477535548366 0.8819853338619488 0.10319384465114304 0.07642865859443473 2.686 2.44 0.0 0.001
o-ztfg-ztfr  True F99 59168.17962987306 0.6688020534569585 7.5695471404001715 0.10232309491109022 0.5754884556341507 0.8698879482149154 0.015118528880907395 0.07510226032759347 0.51 0.509 0.937 0.938
o-ztfr  True F99 59169.16362910338 0.902594515906258 5.115299243060902 4.802386312706211 1.3439214139352182 1.6278320190614837 -1.7838816983952652 3.7932965041490556 0.355 0.354 0.973 0.973
ztfg  True F99 59167.16176280588 0.8880361850675028 7.346281776828969 0.1914163761547164 -0.8545984947567363 1.6386878882460152 -1.0217915189485058 1.640366202774412 0.896 0.889 0.344 0.346
ztfg-ztfr  True F19 59166.91606773072 0.8624538939468785 7.697497198181615 0.1956217843402668 -1.1745440081040766 1.7977220147904454 -0.021128214700875024 0.42796371587627335 11.385 10.174 0.0 0.0
ztfg-ztfr  True F99 59166.92395918653 0.8476561445106449 7.379819959022592 0.19148610393828983 -1.1624844674272565 1.767836963317681 -0.10862551030688757 0.4199459438663471 0.453 0.448 0.636 0.639
ztfr  False F99 59156.50769824628 1.0 8.634427048265934 1.0 0.0 1.0 0.0 1.0 None None None None