bps_used variant success reddening_law t0 e_t0 x0_mag e_x0_mag x1 e_x1 c e_c rchi2_data rchi2_data_model fitprob_data fitprob_data_model
c  True F99 59120.48282231852 1.6869500245861482 8.529708552128678 0.36575920198379097 2.9647104826312973 2.820486932342989 -1.0325597044775865 2.045394365791227 1.288 1.278 0.272 0.276
c-o  True F99 59118.924710183 0.44347314332343046 8.935703067715966 0.10277611809249815 1.3639884094030617 0.5928344427796269 0.04930299087276877 0.07822704445532369 1.44 1.434 0.079 0.082
c-o-ztfg  True F99 59118.13605621015 0.2677774200691452 8.891153828947239 0.051584497917707306 0.6091703455726156 0.35685279390384544 0.036647451630629616 0.04460950788968446 1.326 1.318 0.103 0.108
c-o-ztfg-ztfr  True F99 59118.17022942381 0.22582023244013077 8.911040080026469 0.04834987207312152 0.7705394888669534 0.29654762199210466 0.0649720259769863 0.03756995617020589 0.946 0.934 0.583 0.607
c-o-ztfr  True F99 59118.52659705864 0.2976598024698186 8.969638920132917 0.09219633545099024 1.1622621655596688 0.3780390908949635 0.09883854336990885 0.07058827414216777 0.932 0.92 0.598 0.62
c-ztfg  True F99 59118.02448062074 0.3274165375385054 8.855538697751385 0.061133984158001316 0.37293508372157963 0.4123828766756464 -0.018835366978716205 0.14718784138354904 1.155 1.146 0.31 0.317
c-ztfg-ztfr  True F99 59118.12119447997 0.24911195939191874 8.90710667827024 0.05177281385202941 0.6643396505963479 0.3278429644290744 0.07579101255507247 0.04335583109372524 0.626 0.617 0.944 0.949
c-ztfr  True F99 59118.50396219809 0.36794730255181257 8.995911894501054 0.11088901400263214 1.1222550372823923 0.4479997055425285 0.134833323059794 0.08899884471109541 0.495 0.492 0.976 0.977
J 1D3 False F99 59117.41353886166 23.978077789715385 14.277542900263796 79.34076407417926 807.7805539729964 33506.0421950715 0.6334605180784346 19.8412731249262 None None None None
J-c 1D3 True F99 59119.87055388031 0.6555380011080462 7.668058889673609 0.12588378452370957 2.1273011753161546 1.1392329303751236 -0.2679892558713719 0.09530198463871922 0.92 0.914 0.49 0.494
J-c-o 1D3 True F99 59119.00367554274 0.44747507860140484 7.656079905576345 0.08778119144121517 1.319505660800823 0.5788928405034427 -0.09445288295855434 0.05794344099526488 1.724 1.641 0.012 0.021
J-c-o-ztfg 1D3 True F99 59117.99749959912 0.26634003096468367 7.752324627710435 0.04771859256540946 0.5711658969128757 0.3529314337798551 -0.03309672820363705 0.036674551906941355 1.568 1.501 0.017 0.029
J-c-o-ztfg-ztfr 1D3 True F99 59118.05673062154 0.2233431440638212 7.741729169063591 0.04549875183858098 0.7412403335759419 0.2905466954757827 0.016705504229719087 0.03253450092391087 1.265 1.168 0.093 0.189
J-c-o-ztfr 1D3 True F99 59118.64992728371 0.30443563905369675 7.69832736497384 0.07061076178552009 1.054599053555309 0.378339547126982 -0.04916396255254355 0.05095415987576999 1.28 1.192 0.101 0.179
J-c-ztfg 1D3 True F99 59117.901759379056 0.30485544614639903 7.7264374160555995 0.0511292671077755 0.46306458162117514 0.4051631698502373 -0.15991441976364323 0.06493774007057973 1.112 1.102 0.339 0.347
J-c-ztfg-ztfr 1D3 True F99 59118.00272977128 0.24733158440926306 7.746871300380185 0.04560301915868931 0.5483528675659368 0.3184133700239776 -0.001019483501460312 0.03494634988188507 1.142 1.006 0.264 0.458
J-c-ztfr 1D3 True F99 59118.72537289515 0.365995065852086 7.673317837398723 0.07662355602966604 0.9502397141117962 0.43819904200103493 -0.06832494400133426 0.05652847591603161 1.166 1.024 0.258 0.429
J-o 1D3 True F99 59118.53086184017 0.5576061691188446 7.2398671735988485 0.21283786734239052 1.496800550585775 0.7783613844382582 -0.3877569016698512 0.14430759063731388 1.567 1.562 0.059 0.06
J-o-ztfg 1D3 True F99 59117.47820855516 0.33491550428119815 7.729259802651315 0.05257034704523936 0.6204499015537825 0.3984515389845511 -0.047024533616599244 0.03754003543614051 1.504 1.446 0.045 0.063
J-o-ztfg-ztfr 1D3 True F99 59117.67736113376 0.264671363549549 7.7320502423220505 0.04707219620759006 0.7543413477720466 0.31731855350024496 -0.01280673266727531 0.033378623452746316 1.135 1.056 0.248 0.371
J-o-ztfr 1D3 True F99 59118.34565857056 0.331227907062638 7.204101512448908 0.1727508983613111 1.349392596927437 0.4277828554856043 -0.37620470122621996 0.1266664180900005 0.861 0.857 0.705 0.712
J-ztfg 1D3 True F99 59117.31693387828 0.4843616867944026 7.731679739369229 0.058735730549578 0.5976038182782826 0.5204565843590402 -0.17486932615199016 0.0778692672026547 0.365 0.364 0.923 0.924
J-ztfg-ztfr 1D3 True F99 59117.49066012265 0.31763476966935283 7.7113502145595625 0.051528292830117485 0.7715295235094131 0.37238109128344266 -0.003789924659487628 0.03696073747230473 0.982 0.843 0.487 0.688
J-ztfr 1D3 True F99 59118.11490365308 0.4467097627028032 7.256686843235146 0.17823618773459413 1.2919789565786246 0.5429729691739582 -0.3751976777106528 0.13545842795089508 0.244 0.242 0.999 0.999
o  True F99 59118.69004461084 0.5612293154785548 10.39686014510977 2.1120936263514816 0.9206383512927933 0.8246356243802013 1.0495876655848182 1.3916593064459666 1.727 1.721 0.039 0.04
o-ztfg  True F99 59117.68698711989 0.3410761951064195 8.863593454857932 0.05650454548104038 0.620784909131906 0.39964259784519685 0.013494986011186306 0.04569204820609715 1.289 1.284 0.156 0.159
o-ztfg-ztfr  True F99 59117.85668912175 0.2700730183092584 8.884100606092238 0.0526746144309112 0.810923214165423 0.320627915234921 0.04297746907464281 0.039823904381388955 0.857 0.846 0.731 0.749
o-ztfr  True F99 59118.23766676164 0.3406888615032356 8.536708787979194 0.4981448617967654 1.2961068743685753 0.445896684770445 -0.23476106000643282 0.3845992062691246 0.877 0.873 0.673 0.679
ztfg  True F99 59117.12455381268 0.8993593507581532 8.897448518280411 0.43546737410222297 0.35750733313407446 1.1545276834112692 0.3883811414342289 2.4710582642230143 0.184 0.182 0.947 0.948
ztfg-ztfr  True F99 59117.64924758713 0.322861627578588 8.882472799040695 0.05567365764205357 0.7903321959750877 0.3754339352050837 0.0540854140546701 0.044659150581307185 0.286 0.283 1.0 1.0
ztfr  True F99 59118.117048342756 0.4708204564496631 9.208868240108576 7.072488997372765 1.1760589701288242 1.007154260823554 0.2963442964172447 5.501606182256972 0.184 0.182 1.0 1.0