bps_used variant success reddening_law t0 e_t0 x0_mag e_x0_mag x1 e_x1 c e_c rchi2_data rchi2_data_model fitprob_data fitprob_data_model
c  True F99 59131.76833009743 1.65984735572926 12.104015864147396 9.89019280470703 -3.9843135522326785 0.8818049168735996 4.601036702476959 8.653154052284792 0.272 0.268 0.762 0.765
c-o  True F19 59133.09590316407 0.8022425024775227 7.820647936982702 0.1717677791093082 -2.350507012423397 0.8365586658551782 -0.026948347008974145 0.12003248639223504 0.538 0.46 0.942 0.974
c-o  True F99 59133.13426767128 0.7507233969957021 7.768616940396294 0.16250423534689218 -2.322378624935615 0.7979535763291635 -0.03945747331662913 0.11352065240668174 0.434 0.429 0.981 0.983
c-o-ztfg  True F19 59133.16428905246 0.3568784534791454 7.961192764232561 0.044956103424392845 -1.84444396871605 0.4178447251107934 0.06708622811264908 0.04427263859247408 0.593 0.508 0.956 0.985
c-o-ztfg  True F99 59133.165981052916 0.3426747892805576 7.902979414097198 0.04378955923199974 -1.834279433323776 0.3964014046064385 0.05066394176736266 0.042582179223256675 0.387 0.381 0.999 0.999
c-o-ztfg-ztfr  True F19 59133.11880346136 0.26907470390101595 7.926002915346377 0.04090941146681124 -1.6736518028935965 0.27975035209895033 0.1487819892897809 0.033800341692296405 0.853 0.641 0.74 0.968
c-o-ztfg-ztfr  True F99 59133.12207781107 0.24929909037133186 7.926452095798473 0.03976730461577997 -1.6699355571139434 0.25859183309447636 0.14701964252776437 0.032623122626625166 0.852 0.709 0.743 0.925
c-o-ztfr  True F19 59133.052572855384 0.37042272060020237 7.889424086091855 0.12132871593161947 -1.655023630195929 0.34479654715325214 0.09177423447562802 0.08928358162490858 1.29 0.871 0.123 0.679
c-o-ztfr  True F99 59133.05742699432 0.33415811667278394 7.828067319427041 0.1158500092456837 -1.6595387804105988 0.31554594506041156 0.07328926320100645 0.08549411028433178 1.01 0.84 0.452 0.727
c-ztfg  True F99 59133.025346588314 0.4136881821241882 7.926453470586824 0.05442676583824286 -1.9019217706438498 0.448392127947494 0.1633540970707635 0.14657118991732984 0.378 0.372 0.972 0.973
c-ztfg-ztfr  True F19 59133.06267853003 0.2866752002487957 8.007945192856337 0.04249623061276115 -1.734940800753077 0.28410719755905633 0.22420708123080363 0.038230474707115956 0.737 0.55 0.835 0.971
c-ztfg-ztfr  True F99 59133.066209487035 0.2631522284566593 7.948055381773941 0.04105752155681443 -1.7355017456439246 0.2603514459291197 0.20559771379338368 0.03657461823982481 0.39 0.381 0.998 0.998
c-ztfr  True F99 59133.08697408206 0.3671227848733022 7.998364290895621 0.1418262419075553 -1.697745930620151 0.31982605133089886 0.24317703171796118 0.10901977270100305 0.495 0.484 0.957 0.961
J 2D True F99 59132.67778239189 5.286512230467558 -50.16405760214744 207.00460199035544 2.7853273052164385 37.713062207849724 -21.74407052558506 79.32455856381246 -1 -1 -1 -1
J-c 2D True F99 59133.68544956343 0.640709907142717 7.864094748365076 0.13324665309234093 -2.627351118287745 1.2146927330230677 0.07021702848174127 0.05899057543689113 0.448 0.441 0.847 0.852
J-c-o 2D True F99 59133.60992790131 0.4831637062995471 7.914458420096172 0.09922817665364052 -2.129358378987141 0.7981405140425114 0.06981531616891568 0.05730703069925919 0.433 0.417 0.99 0.992
J-c-o-ztfg 2D True F99 59133.288965032974 0.3210280740113367 7.918297012001786 0.040894885377426776 -1.808718608747054 0.4026398651931689 0.07002544254454733 0.031468039218288064 0.385 0.373 0.999 1.0
J-c-o-ztfg-ztfr 2D True F19 59133.11791876564 0.2673413964034552 7.9091733934962 0.03750988774825031 -1.680356336393503 0.2800268487184277 0.12842889594694995 0.028660044051070924 0.929 0.628 0.611 0.978
J-c-o-ztfg-ztfr 2D True F99 59133.11841203669 0.2672771153338645 7.969908524953098 0.03755065019097115 -1.6803183598673244 0.2800347362735478 0.1435746025250461 0.028697922489212036 1.17 0.755 0.198 0.891
J-c-o-ztfg-ztfr 2D True O94 59133.11841751598 0.26724376038521375 7.969899631042617 0.03754566533449947 -1.6802907919138523 0.28000028423381 0.14357435490099102 0.028691612610890285 1.197 0.77 0.167 0.874
J-c-o-ztfr 2D True F99 59133.152274321954 0.3081553732236613 7.802912865223732 0.07259415515330876 -1.6808252652322344 0.31520662539670574 0.051560771379344054 0.049117240682143695 0.943 0.787 0.569 0.82
J-c-ztfg 2D True F99 59133.25941169042 0.36011748049887404 7.916927047342469 0.04253536088446332 -1.8018707558791847 0.4382738830026782 0.08677427825196052 0.036943796836742246 0.367 0.359 0.989 0.991
J-c-ztfg-ztfr 2D True F99 59133.119938609816 0.25737471729681854 7.906328942491983 0.035628238153442335 -1.7263873393456561 0.2639544460341185 0.14692897886614134 0.027308066395362006 0.839 0.597 0.721 0.962
J-c-ztfr 2D True F99 59133.06955669938 0.34100368326889563 7.793708390360312 0.0710526128710836 -1.7402925552409605 0.3238508104687795 0.07358389300083115 0.04787800531247632 0.739 0.639 0.796 0.893
J-o 2D True F99 59133.56970678571 0.5085975731842922 8.012671400212465 0.13747239864839667 -2.202506533268858 1.113258816974533 0.12029261143095364 0.07597886943993744 0.372 0.368 0.989 0.989
J-o-ztfg 2D True F99 59133.27414832212 0.3331700444785392 7.926213050308618 0.041999360948421584 -1.7704589401129933 0.43308537528042956 0.07169126463517436 0.031726721399861095 0.354 0.342 0.999 0.999
J-o-ztfg-ztfr 2D True F99 59133.1946607161 0.24699119923415264 7.907354737600631 0.0363417504347172 -1.6327871868686898 0.2673980744773603 0.12023834611563293 0.026758970067235054 0.976 0.758 0.515 0.869
J-o-ztfr 2D True F99 59133.26166232201 0.30588324665807065 7.704307754740176 0.0991200518279085 -1.5692966026398054 0.32493263982606824 -0.012735650698312173 0.06665388440941424 0.898 0.753 0.63 0.836
J-ztfg 2D True F99 59133.267384759194 0.37436025232864373 7.925612063192973 0.04396844366682679 -1.723744011352586 0.47804467763141545 0.08594582604918993 0.03767517252494501 0.294 0.288 0.983 0.984
J-ztfg-ztfr 2D True F99 59133.1581514406 0.2621785696551444 7.905449426137515 0.036355575603254885 -1.6650815370692809 0.2716842518245032 0.14668590180000596 0.027426077845807337 0.928 0.625 0.566 0.925
J-ztfr 2D True F99 59133.22778072716 0.33734815552938713 7.676069165143966 0.09580976780374473 -1.6288441782849858 0.33265213729338394 -0.0024476749164458163 0.06407475470171918 0.442 0.429 0.967 0.971
o  True F99 59133.33164294588 0.8346399957412796 8.329962425593909 1.8490226221159316 -2.249509051781086 1.107761621621739 0.33641919517372937 1.2299488490381583 0.453 0.448 0.942 0.944
o-ztfg  True F99 59133.13059965675 0.3578997970325812 7.90977996206532 0.0448312580826212 -1.8181997988778793 0.4250428121191073 0.05014549523660233 0.043236233169076266 0.345 0.341 0.998 0.998
o-ztfg-ztfr  True F19 59133.140266850634 0.27436483096884756 7.988378559475867 0.04166968711986586 -1.6198308140721132 0.2881243478825968 0.16393432884869985 0.034033729542798145 1.238 0.836 0.152 0.749
o-ztfg-ztfr  True F99 59133.139616427536 0.2540679228890582 7.928240506920304 0.04040743773193302 -1.6286664435940894 0.2658477451876345 0.14644616919023531 0.03282757359197382 0.91 0.748 0.626 0.867
o-ztfr  True F99 59132.94230635655 0.3454073875322682 5.8296889260200455 0.8729481222708417 -1.5626579210842628 0.32416381486929113 -1.4351864147927285 0.6839274639426736 0.484 0.472 0.989 0.991
ztfg  True F99 59133.44069294017 0.4620916806309572 7.838038282469965 0.06698866238275938 -1.4578065948594667 0.517574998412233 -1.1201303990063862 0.9007564459370295 0.318 0.312 0.928 0.931
ztfg-ztfr  True F19 59133.10174866625 0.29285189268879486 8.008620755962784 0.04305096709867057 -1.670350145428368 0.2927158796586255 0.22418203517762716 0.03823957650335643 0.753 0.544 0.78 0.954
ztfg-ztfr  True F99 59133.1010030271 0.2684845775959279 7.948209328060283 0.04169187795211043 -1.680203613814295 0.26769155727084654 0.20523059050039988 0.03666441824528652 0.359 0.35 0.997 0.997
ztfr  True F99 59133.160782556595 0.4690122390444273 8.709496000797927 4.0384308065736265 -1.6608881996586475 0.38036628832664393 0.7683378345892633 2.9646594747996518 0.498 0.484 0.906 0.914