bps_used variant success reddening_law calibration Tmax e_Tmax DM e_DM st e_st EBVhost e_EBVhost rchi2_data rchi2_data_model fitprob_data fitprob_data_model
c-o  True O94 0 59259.34107219687 1.0879420943832463 37.78369295803941 0.4137095814960654 1.1891187419067948 0.26778111427339374 0.3275158758906226 0.2308990836786968 0.445 0.443 0.982 0.982
c-o  True F19 6 59259.404957063605 1.0560570330981751 37.87098900690238 0.36087156600019854 1.1890084769878833 0.25746088924295585 0.3359759408517577 0.10758246505326553 0.423 0.421 0.986 0.987
c-o-ztfg  True F19 6 59259.70365839319 0.47208049076132497 38.33005315466289 0.13277913194652188 1.2798058061667057 0.056419982553992803 0.11300288920616873 0.0732275566688133 0.375 0.374 0.999 0.999
c-o-ztfg-ztfr  True O94 0 59260.014229261 0.4382416304728297 38.275970922324646 0.10230232818641748 1.24967320318807 0.05066839465128843 0.052721946217612385 0.07039304009656573 0.407 0.405 1.0 1.0
c-o-ztfg-ztfr  True F19 6 59260.01407756366 0.4216612493961799 38.34223842005255 0.10284733898307083 1.2531025840151155 0.04799454332810193 0.08850823315815735 0.06464243920444734 0.38 0.379 1.0 1.0
c-o-ztfr  True F19 6 59260.12958299638 0.5213425687586749 38.320877320381115 0.1270042894026906 1.2812430177361134 0.06280311532910338 0.14297225647222989 0.07344247395381738 0.422 0.42 0.997 0.997
c-ztfg-ztfr  True F19 6 59259.72131424002 0.4492623214638165 38.52619926986671 0.10895861683939081 1.348149193329114 0.05589902091062712 0.05999407333564486 0.06503865986721044 0.351 0.349 1.0 1.0
J-c-o 1D3 True O94 0 59261.14378393056 0.7934071784268932 38.0974581538834 0.13765719450622013 1.3303641683901273 0.09705888633956146 0.1291110722013349 0.10249962332073395 0.794 0.774 0.737 0.762
J-c-o 1D3 True F19 6 59260.347498555966 0.7451962516707966 37.89016868972764 0.12749155053452763 1.2097172726901961 0.07729505161382723 0.3292929215950916 0.08643933993076557 0.958 0.932 0.516 0.551
J-c-o-ztfg 1D3 True F19 6 59259.631254330554 0.5416044008909874 37.99803008805991 0.11655254298729653 1.143641581092458 0.08371902596115834 0.2023264704302879 0.07505185710592184 0.943 0.917 0.563 0.606
J-c-o-ztfg-ztfr 1D3 True O94 0 59260.01239339837 0.5073075573769689 38.294297698726865 0.08744471350967128 1.3615962621179716 0.03997749256709806 0 0.06 0.681 0.669 0.949 0.957
J-c-o-ztfg-ztfr 1D3 True F19 6 59259.85714194642 0.4788573263278878 38.11441682591154 0.10872894887931012 1.0877769647754636 0.06707564089858345 0.12558650554739115 0.06821628456907979 0.971 0.953 0.528 0.562
J-c-o-ztfr 1D3 True F19 6 59260.271240433976 0.5674600442214774 38.00451073773056 0.11603350324996649 1.0536614917574403 0.06454724812975499 0.19830280023533958 0.0776078051105709 1.12 1.1 0.293 0.32
J-c-ztfg-ztfr 1D3 True F19 6 59259.714414107955 0.5402690209279909 38.12862731762784 0.11864582231769226 1.0479678054839408 0.06872168130174434 0.10503576253475455 0.07181015676321102 1.375 1.354 0.074 0.085
J-o-ztfg-ztfr 1D3 True F19 6 59260.10323542296 0.5041843371196681 38.057148518148885 0.11103837969725319 1.0354756472849191 0.05858587868817164 0.11373919451915557 0.06907106726007009 1.095 1.076 0.324 0.351
J-ztfg-ztfr 1D3 True O94 0 59260.012312235005 0.7063731641413061 38.311477450434076 0.1248223289989056 1.3780370372461404 0.10350949740287219 -0.01570340540983258 0.10991002371422327 1.174 1.147 0.259 0.286
J-ztfg-ztfr 1D3 True F19 6 59259.95767471211 0.5619963224819992 38.07136524065021 0.12133048531682238 1.0239676053420925 0.06532266739597407 0.10307586777109319 0.07284300933382716 1.456 1.427 0.077 0.088
o-ztfg-ztfr  True F19 6 59259.842763461624 0.43562011760090447 38.415199313242525 0.10375279183137619 1.2905824440395608 0.04981689774605203 0.07216526409673317 0.06427990540119587 0.328 0.327 1.0 1.0
ztfg-ztfr  True O94 0 59259.86128468278 0.4416683580352496 38.43898065365654 0.09815674209500053 1.312168205254747 0.053336685697666975 -0.042240897775378046 0.07146851224934442 0.283 0.282 0.999 0.999
ztfg-ztfr  True F19 6 59259.86138099753 0.43301887655803367 38.51570614841435 0.1040405991429885 1.3121707435342318 0.05157204902167153 0.038585364739019586 0.06409135910404372 0.283 0.282 0.999 0.999