bps_used variant success reddening_law t0 e_t0 x0_mag e_x0_mag x1 e_x1 c e_c rchi2_data rchi2_data_model fitprob_data fitprob_data_model
c  False F99 59258.44323638722 2.6418289140422666 28.06856969793813 61.96385229059782 1.194462427157232 7.39483756590641 17.024458604593967 51.36413438471369 None None None None
c-o  True F19 59259.95480602437 1.6611161019007104 8.624023563897158 0.10792915570935478 0.411425710133987 2.251605982922939 0.1691939548738689 0.20786751152874153 0.789 0.765 0.743 0.772
c-o  True F99 59259.965995505874 1.6688917940736183 9.6730567877341 0.10710461654174597 0.4243643023930256 2.2561691866944664 0.15311329793526107 0.20745629137590604 0.729 0.726 0.814 0.817
c-o-ztfg  True F19 59260.49801406624 0.5660831299802185 8.573596413308419 0.04609049447878388 2.030173890792013 0.6827037752024064 0.02532783165361114 0.0687817695276349 0.681 0.625 0.924 0.959
c-o-ztfg  True F99 59260.468343293025 0.5514685135783404 9.625576957356426 0.0443770707990308 2.067079464437377 0.6652522402645861 0.011144924120165475 0.06700863215645231 0.575 0.569 0.979 0.981
c-o-ztfg-ztfr  True F19 59260.48512833282 0.4790173207449876 8.578678987947121 0.04345937573656664 2.0217304243924517 0.5989507971525081 0.062449798823125735 0.043805532306032034 0.607 0.552 0.985 0.995
c-o-ztfg-ztfr  True F99 59260.46670805801 0.46726070565660244 9.629593573260466 0.04185652578546169 2.0529384569911464 0.5840035195317311 0.04718966958055709 0.04210796427009453 0.504 0.497 0.998 0.998
c-o-ztfr  True F19 59260.48446086979 0.7320130685783337 8.623969203897794 0.07572462417643448 1.5238471047664992 0.9533980852646067 0.1273502300797122 0.07896162930369761 0.651 0.624 0.942 0.957
c-o-ztfr  True F99 59260.492113614695 0.7177070118417975 9.673949389494403 0.07483086638284729 1.5434824167792214 0.9367033569981583 0.11217689738425995 0.07751500064504889 0.582 0.579 0.975 0.976
c-ztfg  True F99 59260.1628019354 0.6049673669705359 9.626121656341205 0.05032258821600544 2.171111298272829 0.7377468308599703 -0.07491114161699336 0.13492526779770553 0.328 0.325 0.998 0.998
c-ztfg-ztfr  True F19 59260.38126453238 0.5248723283109646 8.594461059032074 0.04561262689691866 2.2721342756155254 0.6452394052366385 0.06596602530898729 0.048180202450479624 0.482 0.421 0.995 0.999
c-ztfg-ztfr  True F99 59260.36831220447 0.5108361127195633 9.644969842419485 0.04382680358500389 2.290687641153146 0.6282267517625179 0.05076631663054834 0.04609561938648929 0.344 0.336 1.0 1.0
c-ztfr  True F99 59260.48554062061 0.8968441309074893 9.698083018826615 0.07861396920177458 2.068768520581746 1.1110777519815 0.11601880265214509 0.08145767790995172 0.419 0.416 0.989 0.99
J 1D3 False F99 59260.931566135434 -1 26.680884407015228 -1 140047.59048226106 -1 3.168749146160601 30.40694543459723 None None None None
J-c 1D3 True F99 59262.525021667825 0.6410145159745154 8.67059960255955 0.08572191952947737 4.2516902334660704 1.246268897883712 0.19327675507349015 0.06261512563944674 0.715 0.677 0.726 0.761
J-c-o 1D3 True F99 59261.87397721062 0.6560185407447705 8.590987272677232 0.07385114293164648 2.3931379177871084 1.029845391852788 0.1296682325049323 0.0583372259629949 0.892 0.867 0.618 0.654
J-c-o-ztfg 1D3 True F99 59260.82412155732 0.4656441787562819 8.54326638657902 0.045193574516313124 2.3195488591073263 0.6471005829248888 0.060539820905206765 0.0442698985412782 0.796 0.715 0.81 0.904
J-c-o-ztfg-ztfr 1D3 True F19 59260.46051380513 0.43914509791915846 8.579640141098984 0.0426462657985838 2.0057769637078238 0.5764465130103379 0.06505208172114534 0.037404281033683054 0.791 0.526 0.855 0.998
J-c-o-ztfg-ztfr 1D3 True F99 59260.46049059642 0.4391695931757789 8.579638952477275 0.04264905244079741 2.0057280767530767 0.5764704563561347 0.06505143674489747 0.03740927417038753 0.784 0.52 0.865 0.998
J-c-o-ztfr 1D3 True F99 59261.24854672263 0.5501225671033002 8.588388650030113 0.06757556642943399 2.2836688949446278 0.7858549886422364 0.11416864979735813 0.05288369393975578 0.721 0.67 0.895 0.938
J-c-ztfg 1D3 True F99 59260.891340727154 0.5598766168824293 8.571995612641228 0.05011070385009504 2.863607118812178 0.767767282859453 0.08363529105220632 0.05744969340256501 0.715 0.611 0.842 0.93
J-c-ztfg-ztfr 1D3 True F99 59260.823505969725 0.4546561905459526 8.56187373858992 0.04478838138197632 2.6508914610917795 0.6185026409495488 0.0733050023732629 0.039289761062492594 0.572 0.496 0.981 0.995
J-c-ztfr 1D3 True F99 59261.52761963164 0.6907385035607784 8.627311648833615 0.07343512304832316 3.085532768809766 0.9409219956714449 0.13331966480390428 0.05849537940747175 0.608 0.547 0.927 0.961
J-o 1D3 True F99 59262.72907950428 0.557473587624031 8.830794455557571 0.22821737439824363 -0.16196036510637357 1.4339695920867939 0.3201465025147219 0.11937598990860415 0.625 0.624 0.835 0.836
J-o-ztfg 1D3 True F99 59260.811769092514 0.4656923763985895 8.513129416060092 0.05571081176369807 2.126912803761174 0.7101556562645858 0.058630067195139315 0.04329613056166309 0.906 0.798 0.602 0.755
J-o-ztfg-ztfr 1D3 True F99 59260.91607054675 0.4144299381761162 8.52444616968501 0.05132393002697556 2.2785407448450377 0.6129465608636145 0.06249488535836463 0.03746339459556847 0.699 0.685 0.918 0.929
J-o-ztfr 1D3 True F99 59261.705297887645 0.5915380645162069 8.672727982711011 0.14741281588277297 2.4417135750123276 0.9607749501752766 0.18074299304774266 0.09681068693891272 0.784 0.777 0.767 0.776
J-ztfg 1D3 True F99 59260.91473058068 0.5682396482136615 8.55068273166226 0.0622162711350511 2.8830552648670795 0.868503775439388 0.09142270140599529 0.05663735113234623 0.843 0.667 0.606 0.785
J-ztfg-ztfr 1D3 True F99 59260.78769492279 0.4574293583668529 8.54185187811809 0.05352442346402396 2.577901271747158 0.6707831231549145 0.06578644247142765 0.04022051438556903 0.597 0.483 0.939 0.984
J-ztfr 1D3 True F99 59262.047427303034 0.6448863666723094 8.75369146518091 0.14985653651043337 3.640841049888518 1.1319632771963262 0.21784143526160046 0.09489265046120346 0.627 0.616 0.808 0.817
o  True F99 59265.956903540384 4.184138331869165 8.84837858658796 4.262859924747529 -0.832175426647112 2.7787840645404605 -0.5481612620716741 3.320863517551217 0.352 0.351 0.946 0.946
o-ztfg  True F99 59260.38090756156 0.591092382674484 9.601360460154496 0.05388934400362117 1.8653109746452075 0.7448038677809931 0.027541494028703484 0.06826849548929692 0.607 0.601 0.928 0.932
o-ztfg-ztfr  True F19 59260.43948304263 0.48559941120156874 8.548345770158857 0.051788664776811905 1.85572285517945 0.6330440679612752 0.05192929944766613 0.04427573361396553 0.578 0.529 0.978 0.99
o-ztfg-ztfr  True F99 59260.42476490834 0.47263536019650254 9.602185913215433 0.049270900324120494 1.9087137854502836 0.6148223273317717 0.037952059464284885 0.04237012676881013 0.485 0.481 0.996 0.996
o-ztfr  True F99 59261.0446377303 0.8872036548716478 8.768972628067434 1.229061115042942 1.9247994780898312 1.1869988480581053 -0.6396975667828108 1.0530456096484817 0.596 0.592 0.93 0.932
ztfg  True F99 59260.25080116738 0.9446049405922438 9.651692723230079 0.15181483052872186 2.406649949597772 0.9145677661926691 -0.3036521613199218 1.4389261368432873 0.155 0.15 0.998 0.998
ztfg-ztfr  True F19 59260.31533056859 0.5418608310481319 8.570007510817831 0.05449659683112495 2.181713066901254 0.6944930212486059 0.0572105375913466 0.04838998733982045 0.369 0.313 0.996 0.999
ztfg-ztfr  True F99 59260.311367269154 0.52484126919466 9.62312290327058 0.051716163441325125 2.215487734275083 0.6718831658875221 0.04338813230635087 0.04612698902984149 0.228 0.224 1.0 1.0
ztfr  True F99 59260.842508523594 0.955362404722104 6.525293955962139 5.226216753449304 2.434343283236217 1.2247724532992073 -2.669097535741437 4.814268380035445 0.33 0.326 0.955 0.956