bps_used variant success reddening_law calibration Tmax e_Tmax DM e_DM st e_st EBVhost e_EBVhost rchi2_data rchi2_data_model fitprob_data fitprob_data_model
c-o  True O94 0 59523.56966289763 1.1159932479312469 36.566946581098456 0.1098283274685112 1.246548045295963 0.07848403425624888 -0.027324723781155292 0.07682115753782835 1.211 1.176 0.273 0.298
c-o  True F19 6 59523.60636280529 1.080019023697304 36.632019982507856 0.11210222281407808 1.243494563435437 0.07659731565648886 -0.01851935408779771 0.0752003991437087 1.17 1.135 0.302 0.328
c-o-ztfg  True F19 6 59523.66857805628 0.8018978479548409 36.59091489294454 0.09878736596680598 1.287746797171821 0.06005559449452156 -0.009859807680155794 0.0664597101808454 0.936 0.905 0.523 0.558
c-o-ztfg-ztfr  True O94 0 59524.08927545077 0.6827623678945088 36.515200090198476 0.09740234187339002 1.2539082133576356 0.054336590637794 -0.03667835493769976 0.0685715427977782 0.906 0.874 0.571 0.612
c-o-ztfg-ztfr  True F19 6 59523.69897573875 0.7256089641097085 36.58503698822915 0.09266887955476302 1.276040541295517 0.05479485552566979 -0.01568776570244649 0.06519543248053736 0.84 0.813 0.654 0.687
c-o-ztfr  True F19 6 59524.81297852023 0.7147750351846753 36.50978593524368 0.11401259682874927 1.1244545121797167 0.08136757475766486 -0.014970524597263194 0.07058917900551523 1.137 1.107 0.321 0.347
c-ztfg-ztfr  True F19 6 59524.709362416594 0.5879531340621822 36.47055560499654 0.13348588805282624 1.0936619683270086 0.08293494093879036 -0.051267012237592655 0.06771983111721755 0.601 0.584 0.756 0.769
J-c-o 1D3 True O94 0 59525.64140511535 0.5143373134796444 36.52969916883208 0.10310014065660805 1.0507363650617025 0.04743300720862727 -0.03382043759334453 0.06674555451506027 1.43 1.349 0.136 0.176
J-c-o 1D3 True F19 6 59525.596772435885 0.47045245290421484 36.508502912950554 0.09126354721072054 1.0582187452251424 0.04368347393730983 -0.05996820714461974 0.06378786095732282 1.307 1.223 0.2 0.255
J-c-o-ztfg 1D3 True F19 6 59525.49714276972 0.47556928578700547 36.49656374808987 0.08803988011104014 1.0677512903738868 0.044425096024577955 -0.0698596363548147 0.06352678010768203 1.537 1.426 0.067 0.108
J-c-o-ztfg-ztfr 1D3 True O94 0 59525.77098283371 0.4429374484228188 36.45886117092649 0.08045182756907746 1.039764559649244 0.040409494318925626 0 0.06 1.547 1.453 0.052 0.082
J-c-o-ztfg-ztfr 1D3 True F19 6 59525.486763157984 0.45791065353127675 36.488193084401026 0.08654447431347102 1.0623555786726224 0.04244771714820839 -0.0708595220172552 0.06317335647092653 1.396 1.295 0.106 0.164
J-c-o-ztfr 1D3 True F19 6 59525.65429968634 0.4549135152859162 36.49148375116237 0.09136946799661445 1.053114170911845 0.04229152349804661 -0.058227735313238306 0.06373123611731021 1.249 1.184 0.221 0.271
J-c-ztfg-ztfr 1D3 True F19 6 59525.29185316117 0.49200042255878196 36.46323703988291 0.0831091941126074 1.0179508615934982 0.04568690815072755 -0.08638516504753305 0.06339827068809396 0.947 0.871 0.488 0.56
J-o-ztfg-ztfr 1D3 True F19 6 59525.414415597676 0.43897474364266814 36.49575067148358 0.08556836737385204 1.0437086266298095 0.03874915181203631 -0.06574424329793842 0.0633056188100602 0.98 0.92 0.479 0.554
J-ztfg-ztfr 1D3 True O94 0 59525.565990968506 0.5677631530615788 36.455865117528205 0.0910486123877434 1.004442408938753 0.04704376439360582 -0.009439581441932077 0.06547428786487264 1.032 0.967 0.406 0.453
J-ztfg-ztfr 1D3 True F19 6 59525.62750195297 0.5058579591782637 36.45904112427569 0.08572618091060674 1.021235176774651 0.042122741072099776 -0.056890292512719015 0.06433196393481758 0.729 0.673 0.647 0.696
o-ztfg-ztfr  True F19 6 59524.606448603394 0.6802954206700166 36.56572921727421 0.11544661220305674 1.123651218199403 0.07525834155240275 -0.0658047303853402 0.06773273471285611 0.828 0.808 0.655 0.678
ztfg-ztfr  True O94 0 59525.36569864591 0.5516707457326302 36.33089736571721 0.08598025024158998 1.0307270258159493 0.040811942093273795 0.05845428803201911 0.06254944916964768 0.077 0.076 0.989 0.99
ztfg-ztfr  True F19 6 59525.36638009818 0.516099882953919 36.36253985301447 0.08185202817629077 1.0307018495540097 0.038879453122491324 -0.0022834134898095967 0.061705682926429084 0.077 0.076 0.989 0.99