bps_used variant success reddening_law t0 e_t0 x0_mag e_x0_mag x1 e_x1 c e_c rchi2_data rchi2_data_model fitprob_data fitprob_data_model
c  True F99 58872.95553523662 2.218574233185506 9.05997775970992 2.060553348754158 -1.8492297132156648 3.455006955873024 0.878549765817371 3.170644148977702 3.032 3.024 0.048 0.049
c-o  True F19 58872.49239044767 1.0921081265561172 8.495136412890925 0.09074676897951317 -2.4642203484826286 1.5025531645786403 -0.3700024191527258 0.12387357669116174 0.842 0.83 0.657 0.673
c-o  True F99 58872.49061129551 1.0795579634318446 8.4491677791587 0.08980666650945465 -2.468640498359693 1.490979138746949 -0.3823116302004176 0.12266868656603776 0.815 0.813 0.692 0.693
c-o-ztfg  True F19 58871.378271190304 0.8466438236524941 8.716989763621047 0.07285829619776543 -2.4196094014889304 1.14210204240908 -0.1349493303035605 0.08553368751283398 1.187 1.152 0.247 0.281
c-o-ztfg  True F99 58871.358273902835 0.8323662821485039 8.67370605349185 0.07184743890494563 -2.4244971628968424 1.1298660866210934 -0.14481448863551571 0.0841676396517842 1.158 1.138 0.274 0.296
c-o-ztfg-ztfr  True F19 58871.18743990836 0.7722297970148879 8.663797773509469 0.07210457989611628 -2.46951556019117 1.0876531734724137 -0.12669979687534988 0.07363952978290683 1.062 1.025 0.379 0.428
c-o-ztfg-ztfr  True F99 58871.17180368687 0.758674989928046 8.667704315192115 0.0710656957075654 -2.4755231782120015 1.0759695011392219 -0.12569100365216473 0.07250973785183579 1.061 1.043 0.38 0.404
c-o-ztfr  True F19 58871.85735734229 1.0343450565967471 8.494556932911394 0.09274224605855033 -2.339813615383145 1.357714135614592 -0.32798829711022026 0.10353662931677647 0.836 0.822 0.683 0.701
c-o-ztfr  True F99 58871.858147215615 1.022507713840261 8.448732849196542 0.09175995844256961 -2.342106324891284 1.347169191954266 -0.34020695957791214 0.10252023841058522 0.806 0.803 0.722 0.726
c-ztfg  True F99 58871.94395776618 1.4327692169951036 8.875032741093477 0.12002313610376732 -0.3172442934587717 2.067351890028033 0.5447305239616751 0.2203685106012896 1.309 1.305 0.257 0.258
c-ztfg-ztfr  True F19 58872.03741377978 1.5091759085790892 8.805673321175732 0.09944567589691648 0.045305400874874224 2.4434148986840385 0.0204401840244626 0.09985207407428408 1.86 1.803 0.062 0.071
c-ztfg-ztfr  True F99 58872.02179115543 1.4921869306100208 8.760936656404297 0.09858852873077043 0.0237892258724687 2.4263068789965234 0.009240503697475576 0.09853747604176835 1.773 1.733 0.077 0.085
c-ztfr  True F99 58872.08291382479 2.084993040373378 8.525810847175348 0.11506421728635854 1.0446448316632528 3.1348832767312858 -0.26382716538687845 0.13666769534090203 1.45 1.446 0.203 0.204
J 2D True F99 58868.52935723537 8.733613462732546 8.78248196621461 84.97982608378999 -3.904559065096825 55.88515704204421 0.03143547642837048 33.38138076178139 -1 -1 -1 -1
J-c 2D True F99 58863.284087620064 1.2128416920831235 8.728756777058404 0.284860892123973 8.962168106694877 5.824323805300543 0.012103832054955145 0.12808188538060775 1.245 1.225 0.285 0.294
J-c-o 2D True F99 58872.704961331416 0.951068889345169 8.494070968039455 0.08204646946525994 -2.8101886646326397 1.3064963083011711 -0.28955895557364664 0.07113105871313812 0.757 0.751 0.782 0.789
J-c-o-ztfg 2D True F99 58871.33036196609 0.8175383427545356 8.671483887291178 0.06771280922905408 -2.392709318927027 1.1349419028016965 -0.15191251035946082 0.05754949039319834 1.029 1.008 0.423 0.452
J-c-o-ztfg-ztfr 2D True F19 58871.14802539912 0.7452124833568778 8.658602671900843 0.06793836228806176 -2.4785993719299944 1.0895188927864443 -0.1352437957698678 0.06329895611529729 0.963 0.917 0.52 0.591
J-c-o-ztfg-ztfr 2D True F99 58871.15167869582 0.7458719347039555 8.706337280222842 0.06799252832965118 -2.476395215577258 1.0893919883389527 -0.12352862481283193 0.06337153769605981 0.984 0.946 0.489 0.547
J-c-o-ztfg-ztfr 2D True O94 58871.15165750146 0.7458479718235592 8.7063364190906 0.06798934264793546 -2.476423096211522 1.089375105842273 -0.12353194475453078 0.06336512879044288 0.986 0.948 0.486 0.544
J-c-o-ztfr 2D True F99 58872.08377712905 0.9004992437070231 8.490820378257972 0.08173312336345506 -2.4970419223520555 1.2559833028212866 -0.2786342850477286 0.07286427961599481 0.75 0.744 0.81 0.816
J-c-ztfg 2D True F99 58871.11392747905 1.183544458433499 8.66918786763667 0.08824924452878935 -1.744114887883081 2.173664054145924 -0.12203211334610216 0.06913765415626719 2.047 1.973 0.037 0.046
J-c-ztfg-ztfr 2D True F99 58870.90879597077 0.925231906462059 8.663091020397705 0.07620558513292751 -1.7579358503534894 1.9587686615249968 -0.11324000097130463 0.057860406940211856 1.542 1.486 0.109 0.129
J-c-ztfr 2D True F99 58871.966638268896 1.8201051250535327 8.51999111752031 0.08658033572993773 1.1806719853550949 3.095101598115285 -0.2756384101956698 0.07827814712454015 0.914 0.912 0.503 0.505
J-o 2D True F99 58871.716291366894 1.6504662229448481 8.747908143715238 0.27309545953957237 -2.7847579015418704 1.5557082613705295 -0.13629338843482433 0.16139301292974903 0.524 0.523 0.937 0.937
J-o-ztfg 2D True F99 58871.002548305114 0.9394924862176408 8.799589897335556 0.09669309729463751 -2.3347314552458798 1.3488214733993558 -0.10025310665525407 0.06492567842406412 0.456 0.455 0.979 0.979
J-o-ztfg-ztfr 2D True F99 58870.64006715173 0.7730481332729834 8.756781240737338 0.08637532131256666 -2.6692067577933294 1.2203260052103344 -0.08314542446452876 0.061090337518217186 0.484 0.48 0.979 0.98
J-o-ztfr 2D True F99 58871.112564661846 1.4361615974420803 8.635383284658403 0.19513011211045042 -2.7942335387871617 1.3756026802458425 -0.1678434881880485 0.13549151279425936 0.531 0.527 0.951 0.953
J-ztfg 2D True F99 58871.732864572325 3.4250789734754603 8.873025986087159 0.22109409853706505 -0.2203069228548168 5.656730838466636 -0.12126954553792338 0.11255714292178415 0.058 0.058 0.943 0.943
J-ztfg-ztfr 2D True F99 58870.0976973685 0.8613973982246269 8.698132216126012 0.1257749420639074 -3.847414773129148 2.975383474416541 -0.06580253061960512 0.06240118911365524 0.272 0.256 0.929 0.937
J-ztfr 2D True F99 58871.22640028597 8.830947537654547 8.55932019060156 0.5248806272171018 6.374154820939079 10.749592609117828 -0.30034773111835794 0.4776359336235153 0.002 0.002 0.999 0.999
o  True F99 58871.15208329416 1.814201916921566 3.981099697918247 9.47936832584396 -1.6746056703093282 3.2610175140708124 -4.363167908630411 9.509570735594039 0.594 0.594 0.861 0.861
o-ztfg  True F99 58871.00787737115 0.9831179096514641 8.796493281309635 0.10201216120423558 -2.3645537067833047 1.350889547541979 -0.10648222115764515 0.0954258927206818 0.529 0.529 0.934 0.934
o-ztfg-ztfr  True F19 58870.762839836985 0.870924278193683 8.816525668371106 0.09982974068243056 -2.650739048803596 1.2283491944114011 -0.05311219855834572 0.08572656347769414 0.574 0.56 0.927 0.935
o-ztfg-ztfr  True F99 58870.76513213004 0.8579408165603518 8.770459324044241 0.09790497220206547 -2.6521932141350657 1.2151768271500865 -0.06566114012078209 0.08411602343378692 0.546 0.543 0.943 0.945
o-ztfr  True F99 58870.60896222649 1.9430355258370966 0.2508255910134911 5.901204027616949 -0.34806697495804395 1.8852647838433212 -8.336024080764265 6.445662228773126 0.439 0.439 0.968 0.968
ztfg  True F99 58871.36666957928 2.8962162088380414 8.840708776778316 0.25894606017409777 -0.9137619283634092 5.524617386346457 0.0006799670594996183 2.356623919050437 -1 -1 -1 -1
ztfg-ztfr  True F19 58871.09586930622 2.2486488399570628 8.880932815835225 0.2038055014820616 -0.9057449551294493 5.019162346585287 0.04000670703793725 0.12999877756543934 0.464 0.443 0.629 0.642
ztfg-ztfr  True F99 58871.101266000784 2.209322723031241 8.834596568232385 0.20000590650445368 -0.9084223761951935 4.923425181953894 0.027409970551778566 0.12790772949172616 0.251 0.25 0.778 0.779
ztfr  True F99 58868.15119129806 26.115488466636474 8.87944612038893 61.199215894003494 4.289744919460435 36.029263012991954 0.013316723268490994 52.666247783954354 -1 -1 -1 -1