bps_used variant success reddening_law t0 e_t0 x0_mag e_x0_mag x1 e_x1 c e_c rchi2_data rchi2_data_model fitprob_data fitprob_data_model
c  True F99 58819.277000187096 6.48262722381555 6.388853719800826 8.328442310642384 0.008975742861784614 18.87548715626314 -0.00012577479046779722 12.231773270512502 -1 -1 -1 -1
c-o  True F19 58819.573900976226 0.47525411131898515 6.732024513603378 0.08891981118592616 -0.010133972326349877 0.4124423756653343 0.0997557367308291 0.06559159825776494 23.239 9.163 0.0 0.0
c-o  True F99 58819.54130785303 0.42034787468705814 6.388563699543589 0.07641696400466484 0.003616026814717273 0.34011084329790364 0.007377079420229708 0.05731402320552686 0.742 0.714 0.699 0.727
c-o-ztfg  True F19 58819.487467839026 0.2393925133295727 6.653774309417529 0.057953988292014876 -0.10675848264998924 0.2866437368586718 0.04648937649207126 0.04400960428854727 12.63 6.18 0.0 0.0
c-o-ztfg  True F99 58819.50999094717 0.21937373828898082 6.316064421511454 0.051422932527528324 -0.07063965662760391 0.2484338176306531 -0.04304786692828817 0.03972901334451978 0.686 0.649 0.892 0.922
c-o-ztfg-ztfr  True F19 58819.41822994342 0.18059581898435179 6.317473731772663 0.04869507395101243 -0.036199702281293565 0.19828945163526723 -0.018705573369970287 0.03586168462120905 0.518 0.406 0.998 1.0
c-o-ztfg-ztfr  True F99 58819.43988480745 0.1586828340602767 6.325950741916925 0.04397864839914764 -0.03340741121485229 0.17340426379834617 -0.028490875096041354 0.03297780019755735 0.515 0.487 0.998 0.999
c-o-ztfr  True F19 58819.410772354415 0.23632280577230216 6.744387889600115 0.0801588287687113 0.020603578455047372 0.22594050379477254 0.11830658918635636 0.05938313635818824 11.108 5.014 0.0 0.0
c-o-ztfr  True F99 58819.42482156069 0.19993413039477456 6.397227025208284 0.06913657267385954 0.0004915444535095075 0.19642598193219357 0.02147957409488549 0.051856872896104154 0.451 0.423 0.997 0.998
c-ztfg  True F99 58819.48992796919 0.23776221488093524 6.181717574010614 0.09382498044009607 -0.32240499683960805 0.32956219003105425 -0.26161460624364835 0.1452359694167485 0.517 0.511 0.933 0.937
c-ztfg-ztfr  True F19 58819.36916157088 0.19356231118514816 6.668841421871719 0.05118942402109065 -0.1142802471668336 0.23131956780979365 0.07902882374064951 0.043443713503896766 7.809 4.821 0.0 0.0
c-ztfg-ztfr  True F99 58819.40227566507 0.17170924003527419 6.324307296261397 0.046534379090490484 -0.10264507915765456 0.20867847273994417 -0.02063677109087949 0.04074993039252419 0.467 0.436 0.998 0.999
c-ztfr  True F99 58819.31646004507 0.22884902124792084 6.433544421330867 0.08087707364784837 -0.17319624975801295 0.2669179591743513 0.07075409393902093 0.07265794261607661 0.26 0.255 1.0 1.0
J 1D3 True F99 58819.47497807743 9.417915330972985 6.143492427692072 37.71131224182185 -30.4216458013639 190.43551607241218 0.1857325522053589 14.661796175286147 -1 -1 -1 -1
J-c 1D3 True F99 58819.427813004106 0.7290716621014245 6.398523123287065 0.09660345542408402 -0.14680261331318856 0.9019377531502322 0.026215200605640733 0.06059794490003048 0.709 0.707 0.4 0.4
J-c-o 1D3 True F99 58819.516042334915 0.35977208402951255 6.402005037857808 0.060225776166473254 0.012127718207313875 0.334482123926338 0.020331420288779562 0.04114812106069355 0.638 0.61 0.835 0.859
J-c-o-ztfg 1D3 True F99 58819.5235300786 0.21025722966752944 6.343739393353693 0.044750490555954446 -0.007322041887831154 0.24243732583696873 -0.016624341792142373 0.031019350433546214 0.71 0.645 0.883 0.936
J-c-o-ztfg-ztfr 1D3 True F19 58819.42592856644 0.17767791866951346 6.328493238778048 0.044295436374135765 -0.027469748493861863 0.19762119166715536 -0.008566083690508548 0.030487967252452574 0.521 0.396 0.998 1.0
J-c-o-ztfg-ztfr 1D3 True F99 58819.42797238042 0.1778228824066042 6.684945925992958 0.04453134985354213 -0.02393823031481526 0.19769303553638456 0.08134309622367152 0.030661012471770104 7.837 4.083 0.0 0.0
J-c-o-ztfg-ztfr 1D3 True O94 58819.42817091068 0.17764220829638555 6.685037809542135 0.044481348982624354 -0.023565678326241714 0.19743277086902697 0.08138352657932461 0.0306141778112499 8.725 4.475 0.0 0.0
J-c-o-ztfr 1D3 True F99 58819.42464102503 0.1927046809283523 6.401284358803408 0.05265427487164681 -0.0014077179617807659 0.19528713378883852 0.024812461362520938 0.036597121090851635 0.435 0.408 0.999 0.999
J-c-ztfg 1D3 True F99 58819.49580494829 0.24012921075224414 6.334066279990653 0.051577943559635714 -0.11074516520307427 0.32995808702188056 -0.009966064645714938 0.03771378964842164 0.722 0.654 0.792 0.859
J-c-ztfg-ztfr 1D3 True F99 58819.40552576937 0.1669592743034443 6.3371024795974655 0.04095221738314938 -0.11138599171057595 0.2068749820832595 -0.004725474927846722 0.029640802724363844 0.464 0.43 0.998 0.999
J-c-ztfr 1D3 True F99 58819.34559079261 0.21939444269397332 6.400114928438006 0.05288322428349355 -0.11338707595250067 0.2497641196585414 0.03658659275718518 0.03869139599982111 0.282 0.266 1.0 1.0
J-o 1D3 True F99 58819.537307378734 0.3718593430082332 6.4256118535840265 0.10361805095587104 0.031883810989751446 0.373912448244033 0.031242785673185506 0.062202225986018995 0.735 0.709 0.718 0.745
J-o-ztfg 1D3 True F99 58819.49539248433 0.21110149262626515 6.312835639675134 0.055595608657148 -0.07266450878852884 0.2646399213335176 -0.030485578998684502 0.03458313307031569 0.737 0.65 0.845 0.925
J-o-ztfg-ztfr 1D3 True F99 58819.421015077634 0.1567642700537556 6.311088501373419 0.04860951400763374 -0.08124403117603403 0.18455136872853758 -0.028218143986404844 0.030810946911962164 0.536 0.478 0.997 0.999
J-o-ztfr 1D3 True F99 58819.43389628379 0.1974597206527382 6.391358786314118 0.08620923782881736 0.012851313458776038 0.20529644259138352 0.02030808557078079 0.05406848880525485 0.456 0.426 0.997 0.999
J-ztfg 1D3 True F99 58819.32523495712 0.2338057441368526 6.208509334316274 0.07566841743127503 -0.6870395217435825 0.4010873668548972 -0.03323157101472313 0.03817836996064515 0.462 0.46 0.965 0.966
J-ztfg-ztfr 1D3 True F99 58819.31478515336 0.16976495310754966 6.277591290245299 0.05317761049899995 -0.2999901627008517 0.230849083026971 -0.022915460853726886 0.03183234477560135 0.391 0.37 1.0 1.0
J-ztfr 1D3 True F99 58819.3200110974 0.23074968177334587 6.357909278559481 0.09421099471125792 -0.17003427915150102 0.2833727705394457 0.015973401472341157 0.054643982273137506 0.283 0.278 0.999 1.0
o  True F99 58819.62786196188 0.4792864987539092 6.738982307911997 1.2836994355446165 -0.0818556130476472 0.5908580520137298 0.23468153689616955 0.8276590694933194 0.891 0.856 0.532 0.564
o-ztfg  True F99 58819.45482851498 0.2183181873422889 6.263782888193351 0.06569113675890301 -0.2012330939573936 0.2779347526965026 -0.0711442525700107 0.04562098067844424 0.644 0.629 0.916 0.927
o-ztfg-ztfr  True F19 58819.36911654937 0.18259519742854524 6.624353030247793 0.05920049328353451 -0.12465692847564291 0.21322282375547358 0.042389627239914233 0.040053514870929896 8.019 4.028 0.0 0.0
o-ztfg-ztfr  True F99 58819.39375714516 0.16053494780262828 6.277793710945545 0.05503070986366155 -0.12025502170856382 0.18696782186624233 -0.05524819512227675 0.03757450500878295 0.483 0.463 0.999 0.999
o-ztfr  True F99 58819.40583945133 0.2078947575446747 6.19305550462045 0.36189938004873323 -0.012459192827375995 0.2081480690092983 -0.11703816543324269 0.24717943473011442 0.453 0.438 0.996 0.997
ztfg  True F99 58819.40320739259 0.9861588990446291 6.137667330398253 0.6857167121534707 -0.5846130658669089 1.2204871330720568 -0.27267184153080765 2.5036595652740217 0.513 0.51 0.919 0.92
ztfg-ztfr  True F19 58819.28167369503 0.19582993526521877 6.607543772136641 0.06279949097406723 -0.3015456603091544 0.2559770316337209 0.05490382052408214 0.04541352030438139 6.046 3.787 0.0 0.0
ztfg-ztfr  True F99 58819.30835511148 0.17433572880003256 6.257117149588128 0.05892558547355102 -0.3027281820205719 0.2327422831006189 -0.04794452711398977 0.04280193194993681 0.374 0.368 1.0 1.0
ztfr  True F99 58819.39139451903 0.302968919476031 8.405766053545925 4.738713416362165 -0.2674437945842934 0.3426456475014081 1.458066689143612 3.257100735819323 0.281 0.275 0.999 0.999