bps_used variant success reddening_law t0 e_t0 x0_mag e_x0_mag x1 e_x1 c e_c rchi2_data rchi2_data_model fitprob_data fitprob_data_model
c  True F99 58613.31609296789 6.501845573617178 6.760864703042004 5.082502639816702 1.4382287768027864 6.836003669365295 -0.06644921034267168 7.085354930360556 -1 -1 -1 -1
c-o  True F19 58613.47789559579 0.301345349991785 5.666315388791896 0.06337656013119318 1.2567334088752111 0.37200129522739106 -0.08666845140240509 0.05141972424217967 3.194 0.814 0.001 0.603
c-o  True F99 58613.52703154416 0.22602754855641377 6.7140735479241505 0.04844785523753026 1.2779850458229847 0.28330080356592097 -0.10206745839892997 0.04050539302241072 1.29 1.08 0.236 0.374
c-o-ztfg  True F19 58613.30710470339 0.1647171289585985 5.693432878408433 0.035659886257507115 0.8336882825982845 0.20564997310380062 -0.05705167878864127 0.03289918947388216 3.193 0.95 0.0 0.517
c-o-ztfg  True F99 58613.41171739288 0.12429028274688929 6.738467089714893 0.030448801687894423 0.7934708640683281 0.16219948570536716 -0.0732528792608105 0.028264971936743113 1.997 1.445 0.007 0.1
c-o-ztfg-ztfr  True F19 58613.353371641395 0.14587568198407164 5.647233267003957 0.03296513729522197 0.9104873257849934 0.17294799272525158 -0.0746924702413458 0.028061228039050735 1.889 0.559 0.006 0.955
c-o-ztfg-ztfr  True F99 58613.440672643745 0.10545210613311871 5.647434078158809 0.028231241723556812 0.9132405152219609 0.1350016472085383 -0.07363904461575284 0.0240403299780089 1.828 1.349 0.009 0.122
c-o-ztfr  True F19 58613.45286535777 0.21142198473826687 5.650778705905318 0.05811995020860187 1.1577790781124744 0.23799406303637324 -0.10329605171028577 0.045499495887670355 2.854 0.754 0.0 0.721
c-o-ztfr  True F99 58613.48740430974 0.15187254679251208 6.703326873689137 0.044849968125875654 1.216976856757488 0.18396099542201902 -0.11641069155411743 0.03581416200980031 1.185 0.93 0.279 0.525
c-ztfg  True F99 58613.342130609046 0.1363991819199654 6.804491266779829 0.04995035364438553 0.7378986782685493 0.1771907398804358 0.052155052293564694 0.07701852207367423 2.714 2.106 0.005 0.032
c-ztfg-ztfr  True F19 58613.314654131886 0.15612038381906534 5.698984533764896 0.034762585821733645 0.9411670331852744 0.18773552404592453 -0.06251537177513004 0.03594723429576635 4.232 1.267 0.0 0.225
c-ztfg-ztfr  True F99 58613.41359047385 0.11207801373218924 6.752038039588479 0.029953870779064917 0.9199872830984408 0.14520484386476132 -0.06884569195270374 0.030512140679899512 2.662 1.892 0.001 0.026
c-ztfr  True F99 58613.40443536378 0.17691271445929155 6.695383154175907 0.049215718720564613 1.3574643193953722 0.2146393293606649 -0.1435452207914955 0.04630082307969974 0.898 0.8 0.464 0.525
J 1D3 True F99 58616.16585485701 9.015199799212965 20.796944808687996 48.0523233490512 -1.013735679916771 10.342750508672221 4.6925215354036265 16.278518177290056 -1 -1 -1 -1
J-c 1D3 True F99 58613.33865439251 0.3232293628681409 5.651451049710761 0.04310375583066692 1.4588247804078542 0.37173333536331543 -0.07965700431031181 0.03721796762011748 0.478 0.472 0.62 0.624
J-c-o 1D3 True F99 58613.53372935414 0.22332505667785676 5.617788479764279 0.03873077217482385 1.2864685324486254 0.2790080355730409 -0.09853006520919821 0.02911072729798558 1.044 0.886 0.405 0.561
J-c-o-ztfg 1D3 True F99 58613.409674506634 0.12363281759112464 5.633198709756585 0.026808309607829546 0.786023133646887 0.16000981392976993 -0.0797673623163386 0.022156701465258864 1.762 1.289 0.017 0.169
J-c-o-ztfg-ztfr 1D3 True F19 58613.35266626415 0.14513319257117216 5.645352927899899 0.03044592779107682 0.9095841687465415 0.17265350834071247 -0.07692340956913771 0.02378427410070955 1.716 0.51 0.013 0.981
J-c-o-ztfg-ztfr 1D3 True F99 58613.35263849239 0.14513766404385006 5.693806071339406 0.030464534083764143 0.9092710532398603 0.17264746343386345 -0.06478412578996375 0.023799276830779283 2.638 0.785 0.0 0.771
J-c-o-ztfg-ztfr 1D3 True O94 58613.352672669724 0.14510621036841856 5.6938045786581855 0.03045812326932843 0.9093004790239797 0.17261102149530927 -0.06478664750425708 0.023791841327406964 2.73 0.808 0.0 0.742
J-c-o-ztfr 1D3 True F99 58613.49446057301 0.15099329955810384 5.6160315593907555 0.037516126970871484 1.2209705407624347 0.18357389022233941 -0.1047929304938482 0.027665858623402907 1.05 0.834 0.398 0.655
J-c-ztfg 1D3 True F99 58613.36617220095 0.13483440907786784 5.637050780718702 0.02799370135827609 0.7609379463322469 0.17612372616234262 -0.06956962058605945 0.02845095927875672 2.683 1.874 0.002 0.038
J-c-ztfg-ztfr 1D3 True F99 58613.41183119026 0.11157420782568177 5.647078971893471 0.026362779621567255 0.9222048870834556 0.14521610333118476 -0.07604123200563578 0.02273120325300245 2.25 1.602 0.003 0.059
J-c-ztfr 1D3 True F99 58613.41684364587 0.17511485055188625 5.629585912220444 0.038951595566166466 1.326698152334005 0.2103602290229055 -0.1048734885256688 0.03053728921714876 1.103 0.759 0.358 0.621
J-o 1D3 True F99 58613.60519555432 0.320337932270037 5.613884164485446 0.09100456308530303 0.9163975273216832 0.43535251667316427 -0.09877946441484378 0.05457077641115981 0.831 0.733 0.587 0.679
J-o-ztfg 1D3 True F99 58613.482908832564 0.13497747057500645 5.629989373400963 0.03221363009693638 0.5782805233421016 0.17595390044375658 -0.08634566168241778 0.023428005376169295 0.819 0.721 0.68 0.792
J-o-ztfg-ztfr 1D3 True F99 58613.4913186355 0.11169447747043007 5.6554226204316205 0.030857942995943823 0.8099686753361555 0.14557285923354285 -0.07176409897947839 0.02173443584732651 1.112 0.931 0.321 0.556
J-o-ztfr 1D3 True F99 58613.54192006152 0.17102683878507405 5.641122741867715 0.078357332644169 1.0950791548045848 0.21000174295560253 -0.08664217978801779 0.04941106896032289 0.898 0.767 0.56 0.706
J-ztfg 1D3 True F99 58613.48326968665 0.1520477475065694 5.621167264351974 0.03396133338529868 0.5033538132485935 0.20175934965643366 -0.09231455827701252 0.02961642785393377 0.87 0.79 0.541 0.612
J-ztfg-ztfr 1D3 True F99 58613.47681945743 0.11999791045092036 5.656200117987347 0.03192077710769569 0.8104055615095163 0.16139173834201007 -0.07286422885095177 0.02351357973810431 1.433 1.193 0.135 0.277
J-ztfr 1D3 True F99 58613.449216788526 0.21229498357256124 5.685499897104465 0.08808492357997821 1.2327299906896354 0.2591555504712168 -0.07070963447288162 0.051630985794735934 0.902 0.841 0.461 0.499
o  True F99 58613.65723364643 0.38582699412811267 7.110528783277815 1.323860664382923 0.9133930824400776 0.43621379761619067 0.16059709021726265 0.8568251332349504 1.088 0.939 0.366 0.466
o-ztfg  True F99 58613.48305369784 0.13612540646895452 6.732507951990314 0.03597093887846631 0.5823821771856945 0.17948783433119722 -0.083365821108829 0.029813870640700672 0.917 0.804 0.544 0.674
o-ztfg-ztfr  True F19 58613.424607209745 0.15902006387039525 5.70087329497559 0.03776206007522243 0.8001468646106109 0.188788427131743 -0.0602468326110165 0.029489053968556552 2.096 0.703 0.003 0.827
o-ztfg-ztfr  True F99 58613.49651713608 0.1126292017367922 6.762114890237319 0.03399078842103099 0.8169598625213887 0.14671235815990044 -0.06486774127327691 0.02607410292314718 1.19 1.014 0.252 0.441
o-ztfr  True F99 58613.54785673176 0.17325054944969018 6.882932184516226 0.3813921490872449 1.1025530123972094 0.2119865017367167 0.010250850418357915 0.2590288878611633 1.016 0.882 0.428 0.557
ztfg  True F99 58614.745191160706 0.9355789213094402 6.519901721777676 0.24461564162478716 2.8877167828660393 1.1694684195047926 -2.835261413400361 1.5476400644762862 0.08 0.078 0.988 0.989
ztfg-ztfr  True F19 58613.399523206564 0.17451927665903536 5.702022642139939 0.039018226588951495 0.8226249845086895 0.21079076839345226 -0.06318532754160916 0.036479361639808916 2.773 1.021 0.002 0.422
ztfg-ztfr  True F99 58613.481377659904 0.12084592764341275 6.762429132752055 0.035064373050926266 0.8084094554872954 0.16121715152870672 -0.06370334690113297 0.031423381428203105 1.701 1.441 0.074 0.155
ztfr  True F99 58613.41698223712 0.23350369152398234 4.649507999022533 5.615363950678666 1.4163738781189519 0.5287783877553021 -1.646080533144902 4.253044610920839 2.426 2.262 0.119 0.133