bps_used variant success reddening_law t0 e_t0 x0_mag e_x0_mag x1 e_x1 c e_c rchi2_data rchi2_data_model fitprob_data fitprob_data_model
c  False F99 59314.9516343545 1.2722662025955789 50.258161520531004 34.291217230056276 -2.0994761861093627 0.4386080801705581 33.16946690015362 24.94567559744358 None None None None
c-o  True F19 59314.857931295264 0.39826537473806056 7.089338481086121 0.061867086882797996 -1.0045578231687269 0.5826376995696434 -0.06961401638102385 0.07586629472957446 5.193 3.44 0.0 0.0
c-o  True F99 59314.81489636329 0.36290049158947135 7.986952144654914 0.05726976671597593 -1.0587258021491321 0.5509836304533108 -0.11919343645421662 0.07044314455894156 1.087 1.076 0.36 0.371
c-o-ztfg  True F19 59314.8983108009 0.26575876188075415 7.116127777974142 0.03445606151181015 -0.5737911135364062 0.41124001636898977 -0.06509172356269946 0.04564503604783292 5.313 3.603 0.0 0.0
c-o-ztfg  True F99 59314.89160220292 0.2501628765546441 8.009598258897807 0.03315900920904703 -0.6060606746293136 0.3944930858767026 -0.11987331466199122 0.043579915599631334 0.826 0.816 0.722 0.736
c-o-ztfg-ztfr  True F19 59314.7851129396 0.21860685212042402 6.927475909792458 0.033426552844571585 -0.49467793968031015 0.3542424225552075 -0.0690653481264279 0.032492812395766645 0.791 0.702 0.818 0.916
c-o-ztfg-ztfr  True F99 59314.78143184475 0.20570875172929934 6.929582716344058 0.032167412632553474 -0.5103450229662645 0.3383748135579227 -0.075729100577073 0.031242432801784716 0.789 0.759 0.82 0.858
c-o-ztfr  True F19 59314.69843382675 0.26382812923775384 7.1326968477891315 0.05569884814667253 -0.8016219344740498 0.43217464784394943 -0.011629175502211285 0.0499015107156014 4.66 3.063 0.0 0.0
c-o-ztfr  True F99 59314.69007246588 0.24340767784005266 8.027792633540205 0.051710064749048525 -0.807926671974103 0.4077041756136208 -0.06766838410899612 0.04662355363306091 0.961 0.93 0.523 0.57
c-ztfg  True F99 59315.07925878791 0.3158244169445847 8.063394023009188 0.05314834440312421 0.11768028143228923 0.5000662124141381 -0.05801219854609238 0.09716268134864331 0.542 0.525 0.889 0.9
c-ztfg-ztfr  True F19 59315.01880055611 0.26879600012995647 7.1853705464923046 0.03832446927306955 0.27885153966136234 0.44405629178445816 0.022780960499433643 0.03837506600968885 6.563 4.253 0.0 0.0
c-ztfg-ztfr  True F99 59315.02289761423 0.25635814833749365 8.078825884068252 0.03702050498308087 0.25346036061040944 0.42600487279994204 -0.03424105416562955 0.03712093073124304 0.391 0.376 0.996 0.997
c-ztfr  True F99 59315.103740251754 0.3436892757384171 8.103647042470033 0.06045970170095742 0.3578405537294723 0.5720818739735779 -0.014039908438792662 0.055047316260638114 0.565 0.544 0.884 0.898
J 1D3 True F99 59309.408831761626 9.318409505573669 7.70589102072735 98.14410017411464 -0.2973891584441448 81.40883923515015 0.004041838734612736 34.394450273077915 -1 -1 -1 -1
J-c 1D3 True F99 59315.34248068667 0.5679863219337582 6.91995007654867 0.06766009455805262 0.32135312147391487 0.861532798146214 -0.1350999956340983 0.09295522844234952 1.249 1.206 0.283 0.303
J-c-o 1D3 True F99 59314.8035979175 0.3547585563664305 6.8853234643154515 0.051606713816061 -1.065912028788242 0.5349393297410658 -0.1211103632956036 0.05894432531405822 0.981 0.972 0.482 0.493
J-c-o-ztfg 1D3 True F99 59314.88320313514 0.24970643236260168 6.908898308999174 0.03207777119804263 -0.6106150896505971 0.3921776652470087 -0.12082362545112368 0.03934328873251429 0.782 0.773 0.795 0.807
J-c-o-ztfg-ztfr 1D3 True F19 59314.769946791 0.21807484436664767 6.923251695300694 0.03248891400572437 -0.49681136367294904 0.354296997202221 -0.07496776616711241 0.03059655479918288 0.773 0.683 0.851 0.939
J-c-o-ztfg-ztfr 1D3 True F99 59314.77041321037 0.21806754673264261 7.131957897746107 0.03257497658633038 -0.49919645774387733 0.3542835545313876 -0.024028695680790184 0.030703657425722664 4.238 2.863 0.0 0.0
J-c-o-ztfg-ztfr 1D3 True O94 59314.77023268987 0.21798322687710428 7.131951078692669 0.032560927055983034 -0.4995107068014403 0.35418041993250393 -0.02401654526404906 0.030682384827966234 4.509 3.036 0.0 0.0
J-c-o-ztfr 1D3 True F99 59314.679642459945 0.24355945642115182 6.91793669150772 0.048337107932848095 -0.8073162650749147 0.4080685861258385 -0.07816382929473208 0.042400597010443894 0.919 0.888 0.595 0.646
J-c-ztfg 1D3 True F99 59315.03148884852 0.3066288558665589 6.944345261882753 0.03980886278965582 0.09059928615689053 0.4966225006161939 -0.0993663926856082 0.0607301842313929 0.538 0.522 0.921 0.93
J-c-ztfg-ztfr 1D3 True F99 59314.96760416439 0.25029587314652074 6.966442780462715 0.03472282068617792 0.20469143917643612 0.4217804133296178 -0.05083215396964373 0.033301321579208454 0.445 0.423 0.993 0.996
J-c-ztfr 1D3 True F99 59315.0282112774 0.3373818384459797 6.971996581804326 0.05263724301893854 0.2660991162216646 0.566964886324575 -0.0471908224275789 0.046121532107885325 0.645 0.61 0.85 0.879
J-o 1D3 True F99 59314.835198597546 0.5993816835865436 6.758164921895101 0.2402592327533319 -2.059736540923554 0.6283128463546074 -0.16887155374510615 0.15101665504595083 0.655 0.65 0.82 0.825
J-o-ztfg 1D3 True F99 59314.87681115806 0.3325942306169081 6.9057059025355105 0.039010895410806004 -0.8565913345968568 0.4624941288224819 -0.11950247295617365 0.0397431651999802 0.7 0.696 0.857 0.861
J-o-ztfg-ztfr 1D3 True F99 59314.65186725471 0.23436615852797982 6.9115308383411165 0.037714549632192534 -0.6276101104979084 0.37829511543008426 -0.08712587456335402 0.0310146126957755 0.711 0.686 0.898 0.92
J-o-ztfr 1D3 True F99 59314.56842792852 0.2894715095495374 6.706671466314926 0.20272465259620426 -1.030455369041328 0.48398595493515106 -0.21981177089208404 0.14735541608924174 0.779 0.765 0.774 0.791
J-ztfg 1D3 True F99 59314.831157105786 0.43813104119651053 6.946330922221826 0.04569628218959929 0.18071511667928525 0.6624399345123718 -0.11757555266450773 0.07850064659609497 0.256 0.254 0.986 0.986
J-ztfg-ztfr 1D3 True F99 59314.79336855929 0.2927787994525065 6.957990307056377 0.04164355003221788 0.3059485355583318 0.5046468754770632 -0.05860485889549785 0.03456190446648234 0.254 0.244 1.0 1.0
J-ztfr 1D3 True F99 59314.907141767675 0.43972719920460174 6.803012447589287 0.1883269575001101 0.5855857778150778 0.8093432245126092 -0.17394573687467635 0.13703938994448808 0.283 0.28 0.985 0.986
o  True F99 59314.74245212563 0.688964874614364 6.9012387185418955 1.9975599849524859 -1.8869989787326906 0.7449732084044959 -0.8432805286757801 1.4396883666873512 0.704 0.699 0.736 0.741
o-ztfg  True F99 59314.89155140187 0.33346765418059954 8.006572872899742 0.03953789583397915 -0.8543717347144841 0.46716287993614725 -0.11852500598213647 0.04426909415889128 0.744 0.739 0.79 0.796
o-ztfg-ztfr  True F19 59314.673195407915 0.24856878817828781 7.12145995789973 0.039677500290836235 -0.6376146534781155 0.394988985779179 -0.024826513872568644 0.03406550464767115 3.718 2.602 0.0 0.0
o-ztfg-ztfr  True F99 59314.6718786712 0.23544487158665134 8.015678078911133 0.038724969494768266 -0.6264445908475237 0.37826317789990205 -0.08198187516665152 0.032932599461188775 0.733 0.708 0.863 0.889
o-ztfr  True F99 59314.68421980995 0.3161904276806339 6.686505967467215 0.984521919359899 -0.5584724370446148 0.61607321174051 -1.0709117438664664 0.7608822000336669 0.721 0.71 0.823 0.834
ztfg  True F99 59315.15976911963 0.4825207286623812 7.952636039378852 0.057348042343353424 0.5288823444494118 0.6830052076691214 -1.3360542826256296 0.8618451770132131 0.173 0.172 0.984 0.984
ztfg-ztfr  True F19 59314.85679406567 0.3124065462476688 7.175463010601128 0.04504481746337483 0.3395834386323737 0.528890337133164 0.013707893450782601 0.039663545429237404 5.107 3.416 0.0 0.0
ztfg-ztfr  True F99 59314.864292503175 0.3015335926801146 8.07009345390156 0.04404150096320866 0.35476370413047764 0.5102417692850262 -0.04345220702590981 0.03858736723950579 0.171 0.169 1.0 1.0
ztfr  True F99 59315.007926426544 0.7835635314676566 9.194689928879374 11.264967542919099 0.5830930956388378 0.8568134023004323 0.784037853405123 8.222239577499886 0.229 0.224 0.978 0.98