bps_used variant success reddening_law calibration DM e_DM st e_st Tmax e_Tmax dm15 e_dm15 EBVhost e_EBVhost rchi2_data rchi2_data_model fitprob_data fitprob_data_model
c-o  True O94 0 36.827747678433965 0.1351657258522266 0.9475622164461156 0.056860290401490314 59362.351564016986 0.7607089392315373 None None 0.18187862328248816 0.08544087920562654 0.869 0.863 0.618 0.625
c-o  True F19 6 36.86169694301529 0.12531187535167426 0.9475316918334269 0.056860100531997824 59362.35216291009 0.7606685612353844 None None 0.13788297138356032 0.08600219731041284 0.869 0.863 0.618 0.625
c-o-ztfg  True F19 6 36.75407497963353 0.11613758066964941 0.9142993067034862 0.05620934683003892 59361.80297349855 0.6434738790445276 None None 0.17692570401139282 0.07050767882617968 1.401 1.391 0.088 0.092
c-o-ztfg-ztfr  True O94 0 36.661245000076605 0.11411924680178631 0.8833574034126478 0.05188643284899711 59361.91584616896 0.5058519995074104 None None 0.2208129399519983 0.07145190686044244 1.143 1.134 0.265 0.276
c-o-ztfg-ztfr  True F19 6 36.723009185503976 0.10676717630728157 0.9073478218090949 0.04878061571257099 59361.88409325171 0.4895458147462077 None None 0.18794496494428317 0.06752868467419336 1.177 1.168 0.226 0.236
c-o-ztfr  True F19 6 36.82473424124176 0.10823125748413463 0.9580064602809445 0.04630335952339858 59362.11352792606 0.4884796951594653 None None 0.15577453843738573 0.07540234430663506 0.802 0.795 0.744 0.753
c-ztfg-ztfr  True F19 6 36.67679013617206 0.11323189138196876 0.8931602881576035 0.055883079597237796 59361.48083220343 0.5110310992203626 None None 0.17955611826134124 0.07078629592743133 1.458 1.429 0.1 0.111
J-asg-c-o-ztfg-ztfr 1D3 True F19 6 36.70503471026755 0.10658302674605082 0.8899163639907625 0.04962797367391192 59361.76439381228 0.4937838852428448 None None 0.1787598327028399 0.06805503212146308 1.317 1.307 0.102 0.108
J-c-o 1D3 True O94 0 36.82916002666226 0.13690238838200444 0.9626535087964263 0.058444624337074084 59362.012833472065 0.7920335646618138 None None 0.1764856442651374 0.08640586716237957 0.937 0.93 0.536 0.544
J-c-o 1D3 True F19 6 36.856345036982255 0.11650930530833868 0.9573225227830945 0.05221068404443149 59362.04364857645 0.693627424768314 None None 0.13227805460189043 0.0804014886631293 0.93 0.923 0.545 0.553
J-c-o-ztfg 1D3 True F19 6 36.754341742278484 0.11323098607985299 0.9183361970513115 0.05431892558123428 59361.5586209759 0.6286596184839881 None None 0.17151739949073633 0.06943621373328757 1.281 1.271 0.153 0.161
J-c-o-ztfg-ztfr 1D3 True O94 0 36.67154024143404 0.107664846363326 0.8883585502100109 0.046146553401166954 59361.74935894737 0.46512270398575656 None None 0.21429325333230995 0.0678392131616563 1.01 1.002 0.451 0.464
J-c-o-ztfg-ztfr 1D3 True O94 1 36.651208474117276 0.10888954531348957 0.8886998429557466 0.04615075015589174 59361.75730343368 0.465240800905757 None None 0.2077028003186391 0.06750966195762718 1.012 1.004 0.448 0.461
J-c-o-ztfg-ztfr 1D3 True O94 2 36.67007853748995 0.10793314787655033 0.8882881185156487 0.04588398129591791 59361.75644825995 0.46341936590738975 None None 0.21804773387556964 0.06804786673514457 1.003 0.995 0.463 0.476
J-c-o-ztfg-ztfr 1D3 True O94 3 36.63834833956926 0.1082915815946108 0.8896101697612754 0.04644173691713895 59361.76568063973 0.4671086906671942 None None 0.20103432153706097 0.06751907480425304 1.031 1.022 0.419 0.432
J-c-o-ztfg-ztfr 1D3 True O94 4 36.633076910085755 0.10836234554593109 0.8888270266273891 0.04631668359252094 59361.76565005443 0.46603257889000443 None None 0.20252342989136443 0.06751225525886081 1.023 1.015 0.43 0.443
J-c-o-ztfg-ztfr 1D3 True O94 5 36.64328480633414 0.10827929689882898 0.885851625144447 0.045912083358939995 59361.77083168347 0.4626986643342506 None None 0.2032159206892339 0.0678971621862633 1.011 1.003 0.45 0.462
J-c-o-ztfg-ztfr 1D3 True F19 6 36.70688492275387 0.10668300587202233 0.9034209972830333 0.04845952254697477 59361.7688455037 0.48724045792289367 None None 0.19128937969457419 0.06738298525574596 1.17 1.16 0.231 0.242
J-c-o-ztfg-ztfr 1D3 True F99 6 36.7661298518449 0.10539801722986315 0.9037494307589516 0.052742087671751314 59361.735531809485 0.5235179160367065 None None 0.16526266889450056 0.0677314040490162 1.185 1.176 0.214 0.225
J-c-o-ztfg-ztfr 1D3 True O94 6 36.709010888161885 0.11058145262806085 0.9043874917002889 0.05246893682786634 59361.766825059494 0.5207607636590144 None None 0.19175686973862804 0.0692120446909227 1.172 1.162 0.229 0.24
J-c-o-ztfg-ztfr 1D3 True O94 7 36.70808519314229 0.10356061292943712 0.9027375975867167 0.04734544865475709 59361.72898342249 0.4791568396126843 None None 0.17102737123580866 0.06683494030652114 1.072 1.063 0.357 0.37
J-c-o-ztfg-ztfr 1D3 True O94 8 36.78954619473642 0.10040736055212257 0.9042672972651877 0.04752870298240997 59361.715082929055 0.4811040588302675 None None 0.17646408703474023 0.06728450139081947 1.082 1.073 0.343 0.355
J-c-o-ztfg-ztfr 1D3 True O94 9 36.722899848156395 0.10305239832715968 0.9026293065618537 0.04742496324158891 59361.72773039235 0.47973372961218047 None None 0.17184688294637476 0.06695508699663237 1.077 1.068 0.35 0.362
J-c-o-ztfg-ztfr 1D3 True O94 10 36.83109101625143 0.11081602971352594 None None 59361.328948325885 0.4730396594616897 1.018394405955808 0.06772494314525487 0.23092241474414363 0.06629111405158274 0.847 0.823 0.721 0.757
J-c-o-ztfg-ztfr 1D3 True O94 11 36.8365430110058 0.11070318036652477 None None 59361.31331680528 0.4715097984207593 1.013568475242968 0.06825201318030984 0.22649111910916037 0.06622242599262532 0.846 0.824 0.722 0.755
J-c-o-ztfg-ztfr 1D3 True O94 12 36.84318647903579 0.11064300032012093 None None 59361.33176469901 0.47360830568201817 1.0188167217097834 0.06773394807741157 0.23168376096429763 0.06632824509616628 0.851 0.827 0.714 0.75
J-c-o-ztfg-ztfr 1D3 True O94 13 36.79018775866959 0.1120536852435503 None None 59361.32315049898 0.4765896377818603 1.0175415592180372 0.06816340060614953 0.20817543226509386 0.06612212329689146 0.882 0.859 0.665 0.701
J-c-o-ztfg-ztfr 1D3 True O94 14 36.80666919079889 0.11049125632519155 None None 59361.32373052253 0.4744353561690901 1.0179638571010214 0.06792850278400035 0.21689308003272267 0.06617819478875918 0.862 0.839 0.697 0.732
J-c-o-ztfg-ztfr 1D3 True O94 15 36.80440979254618 0.1118965541034502 None None 59361.32588359591 0.4762749395880302 1.0171124071551247 0.06816356552129432 0.21063046434969232 0.06619412422858353 0.881 0.858 0.667 0.703
J-c-o-ztfr 1D3 True F19 6 36.820267938559965 0.10837254909612545 0.9603533549883118 0.046755081937562615 59362.044883819646 0.4918799900372541 None None 0.15303799725654904 0.07528017226818154 0.823 0.816 0.721 0.73
J-c-ztfg-ztfr 1D3 True F19 6 36.600177079638684 0.11055786611044718 0.8619738331006292 0.050224774042632196 59361.515731807136 0.4688053069361901 None None 0.2002318844477395 0.06920046242660417 1.251 1.228 0.21 0.228
J-o-ztfg-ztfr 1D3 True F19 6 36.707577888026535 0.10545052128506557 0.91176706591665 0.045474409010416085 59361.797669604945 0.4569281981622351 None None 0.20981173882728987 0.06564025455117346 0.757 0.751 0.812 0.819
J-o-ztfr 1D3 True O94 0 36.474702623010046 0.23134694414845924 0.9687995509831989 0.05228563817413106 59362.136045020845 0.520400464451345 None None 0.4615286271883439 0.16988046392788864 0.726 0.721 0.803 0.809
J-ztfg-ztfr 1D3 True O94 0 36.52356012201149 0.11569815846964475 0.8577902590038903 0.0455767749488969 59361.7377810996 0.4169912472973213 None None 0.27444206466724386 0.06844622165080347 0.372 0.369 0.967 0.968
J-ztfg-ztfr 1D3 True F19 6 36.59256437821964 0.1076846869862152 0.8571627532179776 0.043537819935626255 59361.74039349836 0.40604634007172585 None None 0.23063388141909694 0.06479000828405175 0.373 0.37 0.967 0.968
o-ztfg-ztfr  True F19 6 36.725146432119736 0.103873446579446 0.9051239572439264 0.04570300108088124 59361.86876286183 0.45824043434885925 None None 0.19201966091197664 0.0659239769545111 0.776 0.77 0.784 0.791
ztfg-ztfr  True O94 0 36.54411916948626 0.11241512603279194 0.8444118201251435 0.04528573257038759 59361.78530033717 0.4152606248746443 None None 0.2505497743785646 0.06988271535861769 0.371 0.369 0.959 0.96
ztfg-ztfr  True F19 6 36.608673345956596 0.10495633920722955 0.8444420417932579 0.04311789421394514 59361.78566771289 0.4036896457250211 None None 0.21153228309209843 0.06526010336871535 0.371 0.369 0.959 0.96