bps_used variant success reddening_law t0 e_t0 x0_mag e_x0_mag x1 e_x1 c e_c rchi2_data rchi2_data_model fitprob_data fitprob_data_model
c  True F99 59361.38939207501 0.9931124208014016 8.537059320381342 0.7932083532103013 -1.1885546886574165 0.9875795774135477 0.28219291452230866 1.1209857803538068 0.618 0.614 0.686 0.689
c-o  True F19 59361.73746267321 0.4049629289982572 7.391997738541939 0.11885733964904997 -0.8569749840085442 0.4376486392385612 0.06454963187084199 0.08255126224200568 1.143 0.912 0.288 0.583
c-o  True F99 59361.714332737465 0.3759200228736456 8.392003558351796 0.11195836490661545 -0.8995146072092687 0.4106815181592613 0.03405684333271041 0.07773152768533723 0.761 0.751 0.784 0.796
c-o-ztfg  True F19 59361.716789299906 0.2994666351004985 7.469824612485803 0.04739795711137059 -0.8068027938966676 0.3194939628314631 0.12158847378008292 0.03994062279223029 1.193 0.944 0.212 0.556
c-o-ztfg  True F99 59361.719250647744 0.2812136225389843 8.475925279973417 0.04605899483832811 -0.8255862986738144 0.30209526171950773 0.09452691933774357 0.03831366124737003 0.645 0.629 0.936 0.946
c-o-ztfg-ztfr  True F19 59361.796185460036 0.2552788317318365 7.381586281797283 0.045792760597841584 -0.809689974874722 0.29893658573695114 0.10540668307862061 0.03634278162838864 0.6 0.506 0.977 0.996
c-o-ztfg-ztfr  True F99 59361.79608729302 0.2397483157369337 7.380236484255068 0.04446209159646529 -0.8259588999443556 0.28107260930664235 0.10068757380299614 0.03500165468782878 0.6 0.585 0.977 0.982
c-o-ztfr  True F19 59361.83163565175 0.3143663952177372 7.400645498369791 0.10993976926530441 -0.8578354608507172 0.38450559307843407 0.07420647947548 0.07757957044691301 1.073 0.851 0.357 0.704
c-o-ztfr  True F99 59361.81517272929 0.2929808029765319 8.40282791692136 0.10326826249087989 -0.8885943292023467 0.35870143071754973 0.04485142551258036 0.0728985689587359 0.669 0.659 0.919 0.926
c-ztfg  True F99 59361.416973717496 0.4012739252436647 8.508147356335366 0.05891391348321855 -1.1287499460930976 0.4399289565250917 0.2358339463676165 0.1209705290645755 0.298 0.296 0.992 0.993
c-ztfg-ztfr  True F19 59361.79307341059 0.29177825364209636 7.482150906904684 0.050529839635184814 -0.8124251216501144 0.3569096140443059 0.14531668789563887 0.04682823490543827 1.211 0.948 0.229 0.527
c-ztfg-ztfr  True F99 59361.797043968545 0.27606407425183527 8.489649076463678 0.0491792930177645 -0.815267751572913 0.3377363038358495 0.11900332788066278 0.045052045523759895 0.407 0.396 0.992 0.994
c-ztfr  True F99 59361.841833081424 0.388056966360392 8.41803314072675 0.14094498212874482 -0.8835160933209019 0.5208125371224668 0.06188056388880018 0.10562730647724601 0.486 0.481 0.934 0.937
J 1D3 False F99 59354.240377 10.07401902296173 7.8672027587890625 83.21088162743364 0.0 180.71435959971615 0.0 28.65624447095296 None None None None
J-c 1D3 True F99 59361.452466450355 0.669058813352477 7.373519854750145 0.17395446514136312 -1.1326510896670174 0.7515337415479977 0.18886852060977732 0.1154780301494149 0.516 0.513 0.797 0.799
J-c-o 1D3 True F99 59361.687912976646 0.36193251555162054 7.342834784832759 0.10858468701738604 -0.8757313406503019 0.40032772857226756 0.08061644361107415 0.07376378195459879 0.862 0.836 0.657 0.693
J-c-o-ztfg 1D3 True F99 59361.658075257 0.27188282203939845 7.382183322542266 0.045935929754810076 -0.8688734447579298 0.29542744981294317 0.10927451544621869 0.03708751348592465 0.696 0.671 0.9 0.921
J-c-o-ztfg-ztfr 1D3 True F19 59361.75691056987 0.2503667447165477 7.388324248483496 0.04573221793945656 -0.8338383531481441 0.2954195181820498 0.1162478707883051 0.03570138270017448 0.639 0.535 0.963 0.993
J-c-o-ztfg-ztfr 1D3 True F99 59361.755304517195 0.2503568043767717 7.480868281793542 0.045767168775415944 -0.8351706411700279 0.29535215768078865 0.13870275688432765 0.03573774538493958 1.105 0.88 0.298 0.687
J-c-o-ztfg-ztfr 1D3 True O94 59361.755323409445 0.25031903802207317 7.480862102858319 0.04576049728725654 -0.8351856515671398 0.29531093700064415 0.13869040629393914 0.03572791373614856 1.147 0.909 0.242 0.635
J-c-o-ztfr 1D3 True F99 59361.81224981329 0.2861335894834046 7.357061286145991 0.10048044736908274 -0.8487306502902645 0.3529549065919953 0.08973552449269637 0.06993934627961255 0.75 0.729 0.844 0.868
J-c-ztfg 1D3 True F99 59361.47947801091 0.33499037026031553 7.401262298175417 0.052999806114959615 -1.058898014425353 0.36641810111619016 0.20696806132890533 0.061625912193030465 0.283 0.28 0.996 0.996
J-c-ztfg-ztfr 1D3 True F99 59361.75332849691 0.2684289023551097 7.3988711264851865 0.04885406237874863 -0.8523765815332798 0.33101266164478965 0.1373808002290124 0.04283391506697698 0.461 0.442 0.985 0.989
J-c-ztfr 1D3 True F99 59361.89098919794 0.3698124538143837 7.408318302899783 0.12904904572408954 -0.7559311235503567 0.5084058217729222 0.14126753760161537 0.09304878918774676 0.619 0.593 0.852 0.873
J-o 1D3 True F99 59361.7918794595 0.46812215194028317 7.740567633200458 0.23696868159303547 -0.9771525353628838 0.49586629966575474 0.3335106289735613 0.148291439897338 0.95 0.937 0.506 0.522
J-o-ztfg 1D3 True F99 59361.54171722383 0.3221177242926754 7.387602739620039 0.0481119473433442 -1.01894466596673 0.3571889301523627 0.10997929365230347 0.03801347420457696 0.756 0.736 0.79 0.813
J-o-ztfg-ztfr 1D3 True F99 59361.70070042128 0.2649886021852113 7.395289869202207 0.04625642998958351 -0.9896612908347109 0.333203885236058 0.11731647326459002 0.03528354716139435 0.68 0.661 0.91 0.925
J-o-ztfr 1D3 True F99 59361.856838479114 0.32700058326183473 7.609975635444349 0.19553388961381638 -0.9905370572674999 0.43400743781188145 0.26322704853781287 0.1317211771015011 0.812 0.783 0.72 0.757
J-ztfg 1D3 True F99 59361.411157796065 0.45993259566955513 7.397685359155872 0.05963169832251024 -1.0870020386919617 0.5093266208628656 0.19439604734460347 0.07785844632584213 0.152 0.15 0.979 0.98
J-ztfg-ztfr 1D3 True F99 59361.69141543428 0.32080423797073865 7.398822926042227 0.051384150200827226 -1.036580972976352 0.4449718785733881 0.13560329093755433 0.044183488970077005 0.453 0.436 0.95 0.958
J-ztfr 1D3 True F99 59361.98445751933 0.47533038092216606 7.643757614002279 0.20565561985737343 -1.2097437922274887 0.9624496385933194 0.3126054550383505 0.1361244711536934 0.505 0.496 0.773 0.78
o  True F99 59361.792213483706 0.47004587314319307 8.756616878517004 2.256430267961921 -0.9562351768956991 0.7488828888850487 0.27778891788506443 1.500148585301378 1.018 1.003 0.431 0.446
o-ztfg  True F99 59361.61594144153 0.3334323449630683 8.481431865923618 0.04813758993642829 -0.971555090952879 0.36549044255628965 0.09569211052490015 0.039195035204568004 0.696 0.686 0.849 0.858
o-ztfg-ztfr  True F19 59361.744010125 0.2911634964852654 7.479791661636867 0.04763671403261464 -0.9427473117528694 0.3645577536254734 0.13163260042449998 0.037230724614802084 1.183 0.915 0.225 0.6
o-ztfg-ztfr  True F99 59361.74901239462 0.2729082950382849 8.487626838666532 0.04631507172429318 -0.9546738052609414 0.3392086080140282 0.10586901912991403 0.035899367578300756 0.631 0.62 0.941 0.948
o-ztfr  True F99 59361.90084243457 0.3326191070747993 8.284642400143538 0.48081957336279235 -0.8791214294939174 0.4576917214851638 -0.037956941988879576 0.34119024345980153 0.782 0.77 0.753 0.767
ztfg  True F99 59362.825387676596 1.33490807521769 9.392271067834752 1.7090872438401181 0.38138350771764046 1.676720140194493 -4.370365796830146 2.0877562917483563 0.147 0.145 0.964 0.965
ztfg-ztfr  True F19 59361.724850997685 0.35136693232887783 7.48044292961188 0.053326651372534464 -1.010201965639361 0.4841239527829496 0.14284828744219824 0.04837378295787468 1.41 1.061 0.153 0.389
ztfg-ztfr  True F99 59361.73963510877 0.3330566512565447 8.489832040167226 0.05183806908860307 -0.9971832177585892 0.4548296603627804 0.11772856953486462 0.04635707583618005 0.363 0.358 0.976 0.978
ztfr  True F99 59362.418723272276 0.8837711912383607 14.366279760980413 11.5399756218851 -1.2106423701528795 0.8812933208874604 4.190095014303916 7.547014740410211 0.61 0.598 0.655 0.664