bps_used variant success reddening_law t0 e_t0 x0_mag e_x0_mag x1 e_x1 c e_c rchi2_data rchi2_data_model fitprob_data fitprob_data_model
c  True F99 59375.32064498531 0.6075592119574245 12.741017071416088 7.837793256709453 -2.190339873374093 0.9790178625388328 3.9577092737665707 6.478080025675062 1.675 1.624 0.196 0.203
c-o  True F19 59376.645581055986 0.39181435475057097 8.135245179143201 0.09500962349243054 -0.6153415805465228 0.41278319021551196 0.6249810505963191 0.07044361389768355 1.222 1.03 0.224 0.42
c-o  True F99 59376.65478484861 0.3492008221802199 9.15602477483026 0.08829570996290952 -0.6358476397680375 0.37986052428542527 0.5999654814060944 0.06511878163864492 0.95 0.941 0.521 0.533
c-o-ztfr  True F19 59376.59859186905 0.22924318267104865 8.070429612075163 0.09105944624408331 -0.5553184025714979 0.2862591646172412 0.6204554247021778 0.06541648179806625 0.627 0.537 0.965 0.991
c-o-ztfr  True F99 59376.59457592455 0.2017111040789863 8.066953541225248 0.08489676992758749 -0.5558669593014598 0.2617358029549754 0.614177956772506 0.06092013983183373 0.626 0.612 0.965 0.971
c-ztfr  True F99 59376.49194647136 0.23418967723476566 9.216693999619896 0.1009208252785229 -0.5136075872407682 0.34281580078247087 0.6540857287323865 0.07833141328463604 0.382 0.376 0.993 0.993
J 1D3 False F99 59374.60546281311 3.11953653918869 6.714777945490492 98.89797387973712 -19.093966999299607 50.82217547396068 -0.09665442908277842 33.532253873066146 None None None None
J-c 1D3 True F99 59376.02831061132 0.23188025951772798 8.065540568018084 0.07215151597638376 -1.1222088542670599 0.9693931207795083 0.6021275277801288 0.03719362846414825 1.841 1.773 0.118 0.131
J-c-o 1D3 True F99 59376.27309002541 0.19495851728131844 8.063553823132972 0.05968820825079481 -0.7694860755721273 0.3591448609875432 0.6039166887480321 0.035385603366106556 1.14 1.113 0.291 0.32
J-c-o-ztfr 1D3 True F19 59376.553572382516 0.21184558716078 8.045803662431698 0.061208501067877286 -0.5584302795875505 0.2838315635528178 0.6010188670377957 0.03955207467135904 0.814 0.539 0.795 0.993
J-c-o-ztfr 1D3 True F99 59376.39236698528 0.15389985943224482 8.052643564769287 0.05520335605673765 -0.6177464188752588 0.25485570855260514 0.6018788828786404 0.03498238973192576 0.784 0.755 0.837 0.873
J-c-ztfr 1D3 True F99 59376.30287761918 0.16632076535655904 8.063078562100738 0.05647964914974518 -0.558827629878019 0.3363800106610921 0.6070126292414262 0.03578476154166545 0.701 0.639 0.844 0.899
J-o 1D3 True F99 59376.30968858229 0.20669119444699535 8.019973130033202 0.11309077579872412 -0.7693425533438807 0.38398279067034735 0.5838422043748106 0.05699590226389949 1.284 1.259 0.186 0.204
J-o-ztfr 1D3 True F99 59376.4180202447 0.15868064195283932 8.00811779386573 0.08021200891730011 -0.616708640740335 0.2630251034019515 0.5779068179799064 0.04723112856219779 0.78 0.759 0.825 0.85
J-ztfr 1D3 True F99 59376.33003000225 0.17189386413766874 8.0172898672789 0.08296056728492562 -0.5484518019916056 0.35667982877367466 0.5836544848031712 0.047333861618996845 0.648 0.626 0.856 0.875
o  True F99 59376.83710843368 0.40617955374151804 7.0290569761370705 1.8695068702648523 -0.22817330242821005 0.5678853638566514 -0.7860472366786901 1.286383503402793 0.848 0.843 0.624 0.63
o-ztfr  True F99 59376.66481537007 0.20718761948270675 8.873851245015118 0.3183187387371177 -0.5078157474705524 0.2762583085526151 0.41988033152636606 0.21430086918782518 0.57 0.564 0.977 0.979
ztfr  True F99 59376.636815358725 0.29037577601758363 10.785408952978806 4.031688796708585 -0.6071766705289873 0.4872279801806704 1.7335398148984034 2.72367345257002 0.26 0.255 0.997 0.998