bps_used variant success reddening_law t0 e_t0 x0_mag e_x0_mag x1 e_x1 c e_c rchi2_data rchi2_data_model fitprob_data fitprob_data_model
c  True F99 59121.43415022348 2.62557126706979 11.373343753431534 7.149594955594266 0.7927930539990407 2.6495937617100176 2.5693607953512476 7.32797182778703 0.43 0.428 0.651 0.652
c-o  True F19 59122.76167436987 0.6427515388672446 8.215205542014697 0.20145732031747876 0.6451048916781557 0.9220369798489655 0.09641557702012074 0.14429581315417667 0.586 0.552 0.905 0.927
c-o  True F99 59122.76322577192 0.6270755596560076 9.237430056267947 0.19565969334857375 0.6475028678388348 0.9052856899380051 0.07348264498058094 0.1398447412312875 0.496 0.495 0.956 0.957
c-o-ztfg  True F19 59123.165148016604 0.2672748311468575 8.099157464431837 0.03806345030872911 0.7075672596051328 0.3956261610292044 0.0008242521559487668 0.04680597378577065 0.715 0.558 0.89 0.983
c-o-ztfg  True F99 59123.16536839593 0.26105419090843035 9.124845518581838 0.03754546783225909 0.713136472179845 0.38778346365428684 -0.019037860630952086 0.04591827282400035 0.337 0.334 1.0 1.0
c-o-ztfg-ztfr  True F19 59123.20318346072 0.20593856259748888 8.025500991555246 0.034951079481013766 0.7655192704955214 0.32234476344227125 -0.04508495414364197 0.02970114902738226 0.337 0.316 1.0 1.0
c-o-ztfg-ztfr  True F99 59123.202639628915 0.1993517232849664 8.027419500113778 0.03439880325545785 0.7709240210832673 0.3140213283298092 -0.04762876968217222 0.029128199215906897 0.337 0.332 1.0 1.0
c-o-ztfr  True F19 59123.175447394315 0.29421364698186064 8.212936457700966 0.17510891345067087 0.7858924962550868 0.4750791807684721 0.06147654273415788 0.13613832024552808 0.578 0.493 0.984 0.997
c-o-ztfr  True F99 59123.17751024367 0.2827495069877333 9.237617799626573 0.17081375824781755 0.790342398820885 0.4602489791608277 0.04033967109813508 0.13299492616189898 0.374 0.369 1.0 1.0
c-ztfg  True F99 59123.22764605533 0.28281129953739903 9.129331458829078 0.04022685618985889 0.8637739614667639 0.46264804751997973 -0.15877583965491227 0.2144665568999171 0.232 0.23 1.0 1.0
c-ztfg-ztfr  True F19 59123.199376537865 0.21472322303472102 8.100601664291158 0.03572890620900251 0.7722477158187462 0.33974159311005825 -0.036744724132171974 0.031509312919235366 0.731 0.531 0.901 0.995
c-ztfg-ztfr  True F99 59123.199392645496 0.20785267728068102 9.126284337946664 0.03513082404406109 0.7773403995251427 0.33070981703062613 -0.05699594170458691 0.03081857564657811 0.277 0.274 1.0 1.0
c-ztfr  True F99 59123.17738971353 0.3065736574969237 9.194323282532316 0.17969124652187318 0.7855770593439046 0.5263352199829873 -0.0014992302471326944 0.14012108567904275 0.307 0.304 1.0 1.0
J 1D3 True F99 59122.168774958394 1.6768072585519864 8.703681566375732 103.76278886064647 -9.043998257750538 52.683597707723905 -0.0830079105622864 38.681388971753975 -1 -1 -1 -1
J 2D False F99 59122.25640330339 1.2714735529337304 8.32625541633568 53.0991017945649 -13.260964481550003 51.61467013937592 -0.1722495199694419 20.111966633881497 None None None None
J-c 1D3 True F99 59122.12324273698 0.4337027284017149 8.266727336112176 0.2964235582528916 1.3762399610458262 1.8694866972034148 0.004018161379210832 0.10707439591237031 0.356 0.354 0.879 0.88
J-c 2D True F99 59122.119130515246 0.44400059833829264 8.259905325063562 0.2957202741465172 1.370435089921084 1.8663023263675607 -0.009516386168510416 0.10932626013237029 0.375 0.373 0.866 0.868
J-c-o 1D3 True F99 59122.37714916166 0.336611909150893 7.961759821775532 0.13649578651522695 0.11946408894243155 0.7149705782362563 -0.06574773980950092 0.07090502604739883 0.612 0.588 0.907 0.924
J-c-o 2D True F99 59122.38304662207 0.33890207327694033 7.954498324265569 0.13793606348467985 0.1147325069489961 0.7153015942011136 -0.07250343283345939 0.07337785418360804 0.632 0.607 0.893 0.911
J-c-o-ztfg 1D3 True F99 59122.85278702449 0.22483123955693765 8.026047909936715 0.03647951911303725 0.709846504977122 0.36586612549565617 -0.05006026973497037 0.033593214642036864 0.526 0.507 0.993 0.995
J-c-o-ztfg 2D True F99 59122.887092413206 0.22755549797921204 8.021305529290949 0.03662407761719959 0.6471660765645026 0.3699142276347277 -0.05427999796727297 0.034733717373076206 0.512 0.491 0.994 0.996
J-c-o-ztfg-ztfr 1D3 True F99 59122.9873125999 0.18256723685574197 8.019684640214471 0.03328334236343845 0.6529169252155478 0.3041635488152757 -0.05921402810168946 0.026013351129886186 0.431 0.419 1.0 1.0
J-c-o-ztfg-ztfr 2D True F19 59123.07853135436 0.19607489438242587 8.019252101600877 0.03406527637393633 0.7182749033378903 0.31590325300858946 -0.056764743286753606 0.026846830128420904 0.448 0.372 1.0 1.0
J-c-o-ztfg-ztfr 2D True F99 59123.07779692713 0.19606437936731758 8.09573163459049 0.034102001405174664 0.7160527146084829 0.31588934439481026 -0.038176829382612805 0.026907948464288407 0.738 0.558 0.936 0.998
J-c-o-ztfg-ztfr 2D True O94 59123.0777383528 0.19604572944294288 8.095728864128722 0.03409733762784874 0.7160295098270301 0.31586964059314965 -0.03818195703199585 0.026901146701194385 0.765 0.576 0.911 0.997
J-c-o-ztfr 1D3 True F99 59122.82138483256 0.23387445328657905 7.993824226440781 0.09517066022536816 0.5184349078861167 0.4209695689776432 -0.07518062011913748 0.06633010424220968 0.516 0.504 0.996 0.997
J-c-o-ztfr 2D True F99 59122.826557080705 0.23477297883394593 7.9821544873000025 0.09808821550325497 0.5143663056414403 0.4212843232865064 -0.08480121885366032 0.06919062772295155 0.523 0.51 0.995 0.997
J-c-ztfg 1D3 True F99 59122.85225799992 0.24237493926299086 8.034409626053968 0.03838234581705133 0.7644220019201773 0.39805864284842074 -0.08780640016408384 0.04612187072471202 0.479 0.474 0.983 0.984
J-c-ztfg 2D True F99 59122.861935427376 0.24480422401096133 8.034661602852289 0.038375862847688146 0.7789504074090473 0.3994635951281395 -0.10006442541779872 0.05012540387961118 0.478 0.473 0.983 0.984
J-c-ztfg-ztfr 1D3 True F99 59122.97069013798 0.18937620756244086 8.019951764109711 0.0340408485155267 0.6528131602773004 0.3202838572943926 -0.068300580419868 0.027110546886077887 0.391 0.381 1.0 1.0
J-c-ztfg-ztfr 2D True F99 59122.97097773648 0.18963443323269746 8.019108018776707 0.03405666234578568 0.6565523680150782 0.32053085699634826 -0.07044893417733948 0.027441439634760114 0.399 0.387 1.0 1.0
J-c-ztfr 1D3 True F99 59122.77041587549 0.24889743153127764 7.993605810444835 0.10060639037165262 0.490954797065724 0.4698587938954881 -0.08489720903895515 0.06901958330581996 0.487 0.48 0.988 0.989
J-c-ztfr 2D True F99 59122.77568942537 0.24981795214837496 7.978988861314981 0.10382528187603976 0.4809491169897442 0.47013056212479126 -0.09695953063395651 0.07224213450104196 0.495 0.486 0.987 0.988
J-o 1D3 True F99 59122.23055683016 0.38774008720643877 7.752629624596847 0.18069972639578835 -0.08158919900633688 0.8541591667112008 -0.1732081423937839 0.0986621116810432 0.516 0.515 0.926 0.927
J-o 2D True F99 59122.2284463299 0.3954225470273428 7.722916085622851 0.18780740908892457 -0.07761859244994544 0.8580867561346578 -0.19553721331779084 0.10596888160418895 0.522 0.52 0.922 0.923
J-o-ztfg 1D3 True F99 59122.85348293999 0.23586649082552993 8.022661989654875 0.03692104120978044 0.7134903779151638 0.39121037953161464 -0.049535065086917046 0.03358293213708605 0.555 0.531 0.98 0.986
J-o-ztfg 2D True F99 59122.85764168309 0.2367044018381458 8.022457846352749 0.0369299127362748 0.7187219255815599 0.3918036330535285 -0.05238146570768416 0.03464680093422272 0.567 0.542 0.976 0.984
J-o-ztfg-ztfr 1D3 True F99 59122.982018192844 0.1869461481901383 8.019168303069891 0.033366862360271816 0.6886292350978317 0.3155707617306864 -0.060505341531955206 0.026052725672691134 0.459 0.446 1.0 1.0
J-o-ztfg-ztfr 2D True F99 59122.98271540477 0.1871588420623893 8.018438163320054 0.03339011287397664 0.692312402234404 0.31584003909144254 -0.06217095850114423 0.02633069241122842 0.466 0.452 1.0 1.0
J-o-ztfr 1D3 True F99 59122.84088309246 0.24440682877393521 7.948048332578113 0.11333177965555574 0.5022367509098862 0.4521962678519978 -0.10719627062760169 0.08262008914506275 0.53 0.518 0.991 0.993
J-o-ztfr 2D True F99 59122.849279377304 0.24663356808205386 7.9240183585218436 0.12107742544167917 0.5117677286650382 0.4535665405458896 -0.12687805551439535 0.08975409569074749 0.533 0.52 0.99 0.992
J-ztfg 1D3 True F99 59122.86042713449 0.25723385855147884 8.030189621117387 0.03914012016454176 0.7402124695562624 0.432942930446833 -0.08608209763484015 0.04700026668510684 0.528 0.522 0.941 0.944
J-ztfg 2D True F99 59122.87344986593 0.2602339653225637 8.03022050581735 0.03912111573070606 0.7457842918391722 0.433116869895499 -0.09854909968363265 0.051345958148657195 0.529 0.523 0.941 0.944
J-ztfg-ztfr 1D3 True F99 59122.96388332627 0.19435073096278643 8.01989439112976 0.03417711487160743 0.6906172529463663 0.3341816027715608 -0.0691615477207526 0.02713450505929074 0.426 0.415 0.999 1.0
J-ztfg-ztfr 2D True F99 59122.96399513633 0.194642801227271 8.019053326807391 0.03419116291737754 0.6947823173643727 0.33445478087930053 -0.07133761454824324 0.02746491775580162 0.434 0.421 0.999 0.999
J-ztfr 1D3 True F99 59122.788744678044 0.26069458496025605 7.946710401919664 0.11818356417370818 0.45591544220174474 0.5137719741758188 -0.11694568847503925 0.08525052236938917 0.505 0.5 0.97 0.972
J-ztfr 2D True F99 59122.79706306745 0.2632610293032179 7.91831418490764 0.12676762627026406 0.46345002211375924 0.5148960659556354 -0.1403585984147033 0.09333717572912871 0.504 0.499 0.97 0.972
o  True F99 59123.02012828924 0.8573062862955396 10.623880623562055 2.917618880002789 0.16904378353448762 1.0225901373123791 1.0678219679632246 1.984261928799054 0.557 0.555 0.865 0.866
o-ztfg  True F99 59123.160980601795 0.27563495759277223 9.125361412376886 0.03787861507361198 0.7725985700240137 0.4075309354845349 -0.01611328082935272 0.0458772373249503 0.367 0.365 0.999 0.999
o-ztfg-ztfr  True F19 59123.20804382317 0.2116385306056733 8.101023458428594 0.03504841894593177 0.7967565953804135 0.3338476052058531 -0.02840196271453297 0.029775977745781883 0.713 0.561 0.942 0.996
o-ztfg-ztfr  True F99 59123.20848163785 0.20457415600991474 9.126715955155081 0.034471805921286576 0.801959953878414 0.3249345987265756 -0.048792425928402466 0.02919126107106429 0.358 0.352 1.0 1.0
o-ztfr  True F99 59123.17393341371 0.29234703970210735 9.580140732802647 0.47413035178313334 0.6805535629062042 0.48170153285279643 0.3172199529388131 0.37795953394879606 0.399 0.397 0.999 0.999
ztfg  True F99 59123.309813992695 0.5058315575480732 9.137344414485407 0.09117896469453893 0.9094040657478866 0.5615709758734667 -0.34340556519986143 1.1526936468908897 0.289 0.286 0.995 0.995
ztfg-ztfr  True F19 59123.20529958386 0.22137992775650214 8.100270439715581 0.03585263077736612 0.806354560756139 0.35368880949433906 -0.03756765225582169 0.03154191937884086 0.79 0.574 0.815 0.982
ztfg-ztfr  True F99 59123.20549850594 0.2139332218265687 9.125874398393323 0.035244096166077384 0.8103217148132527 0.3439287479661586 -0.0578628056434091 0.030858833006289516 0.299 0.296 1.0 1.0
ztfr  True F99 59123.16375435888 0.3420088538992161 8.100164467369005 2.4689797136517426 0.879775022573276 0.591653672096297 -0.9157207942074026 2.1004572879988883 0.36 0.355 0.995 0.995