bps_used variant success reddening_law t0 e_t0 x0_mag e_x0_mag x1 e_x1 c e_c rchi2_data rchi2_data_model fitprob_data fitprob_data_model
c  True F99 59525.50307231594 3.7487688953346434 12.712543141960722 17.149216644449155 3.16744319591842 4.4581284791478835 5.319855903246577 13.458117830672482 -1 -1 -1 -1
c-o  True F19 59523.53365980243 0.2570387836247147 5.921275428516017 0.0520632138477799 0.7419762426571901 0.27396689533114 -0.013737642304916567 0.04305168031450211 23.969 5.08 0.0 0.0
c-o  True F99 59523.45202959296 0.19798616434475658 6.796319576144484 0.04274773399909109 0.6359974470058989 0.22311413913763983 -0.07279820314347465 0.036294849542612306 1.58 1.426 0.048 0.098
c-o-ztfg  True F19 59523.69019136981 0.15660220881574383 5.882803257456566 0.026896718584139556 0.5535089773316513 0.18636113563986412 -0.0361978135892586 0.026915639308768304 23.223 6.179 0.0 0.0
c-o-ztfg  True F99 59523.648455186834 0.12901156642764405 6.759384872996543 0.024769899963556618 0.4871535157701234 0.1546184858170794 -0.09377644713533725 0.024673866601773547 1.596 1.416 0.019 0.062
c-o-ztfg-ztfr  True F19 59523.570462673 0.13849473355233605 5.656802474718109 0.02623540492306466 0.4355826314341579 0.17083947870945138 -0.07887081242095771 0.02308370570399085 1.577 0.759 0.011 0.868
c-o-ztfg-ztfr  True F99 59523.519236542146 0.11196133065219277 5.66043137502604 0.024031901990387895 0.34786290980069323 0.13628452624344012 -0.08340801409186244 0.021270711541237 1.56 1.337 0.012 0.073
c-o-ztfr  True F19 59523.33779157815 0.19055194517426247 5.935059150602827 0.05062777504127524 0.5250887551963209 0.22475669125942815 0.01026919610494016 0.0392609905239114 20.782 4.995 0.0 0.0
c-o-ztfr  True F99 59523.285440429 0.1416483787909638 6.807009363671206 0.04165792621741243 0.42771689624843884 0.1721031266112658 -0.05252810434013411 0.033022793015867524 1.505 1.266 0.037 0.151
c-ztfg  True F99 59523.72775033245 0.17278176753569224 6.748676377731018 0.043389270514777055 0.4084584761213092 0.20997560391537773 -0.10056820892038679 0.0737129649047821 1.756 1.43 0.063 0.16
c-ztfg-ztfr  True F19 59523.555694393835 0.16071233275039773 5.881158858947673 0.028849041119056718 0.2545822845668572 0.21455707924901937 -0.015415261643645737 0.02911179787688262 31.981 9.6 0.0 0.0
c-ztfg-ztfr  True F99 59523.51816504568 0.13390005691670703 6.755928576268612 0.026488715980803015 0.18541679058642244 0.16958730411274453 -0.0761417586359433 0.02709474809500995 1.485 1.219 0.075 0.226
c-ztfr  True F99 59523.01602072378 0.2003637318274806 6.8506800618947015 0.05231215846032803 0.21119415891091464 0.2739516650011998 -0.0036295647907170344 0.04534399855266775 0.918 0.802 0.508 0.615
J 1D3 False F99 59519.196633604064 4.176157643419407 -0.3430829355987584 50.40293719671226 -29.90071572748571 12.4578102786277 -2.2585949233120965 17.014872556124942 None None None None
J-c 1D3 True F99 59522.17904181176 0.4513272883283535 5.7201621314372595 0.042809196368124657 -1.0029264740359072 0.9257911100923416 -0.033906600155585276 0.03741126997978221 1.036 0.797 0.375 0.495
J-c-o 1D3 True F99 59523.24325276276 0.17147987597664832 5.717509588561667 0.03648466691738237 0.48046065652423137 0.20765726713756275 -0.05309957623113059 0.028512393677852167 1.664 1.534 0.022 0.046
J-c-o-ztfg 1D3 True F99 59523.53462623036 0.12496590066105953 5.668635361370789 0.023023452073132177 0.4077643009046904 0.15127996202962982 -0.08022501053363676 0.02117048803111751 1.834 1.617 0.002 0.012
J-c-o-ztfg-ztfr 1D3 True F19 59523.51229545736 0.13610910962907385 5.661672361347451 0.024981670525211778 0.41108077462855386 0.16975684223035595 -0.07289330153659979 0.021011603335359726 1.698 0.803 0.002 0.825
J-c-o-ztfg-ztfr 1D3 True F99 59523.50995795945 0.13609516991376805 5.890791173414642 0.025048842285961482 0.4081461837775671 0.16966328990247334 -0.016297692949969477 0.021070816325050073 17.589 5.074 0.0 0.0
J-c-o-ztfg-ztfr 1D3 True O94 59523.50959388435 0.1359644692533147 5.8907946028349745 0.02502489866495024 0.407945699707178 0.16950360342125992 -0.016302518373088857 0.021038050017422948 19.17 5.438 0.0 0.0
J-c-o-ztfr 1D3 True F99 59523.17550198059 0.13265413375500967 5.717450056452046 0.03593316525516925 0.3651633275116437 0.16786300194835901 -0.043542618857497266 0.027102307490333825 1.547 1.317 0.022 0.102
J-c-ztfg 1D3 True F99 59523.53480287404 0.16038372740947224 5.666084837672053 0.025540230415483037 0.2490778129283483 0.20195595101985203 -0.06455358352335049 0.03139352146654903 2.28 1.927 0.004 0.019
J-c-ztfg-ztfr 1D3 True F99 59523.400136709606 0.12881118515513867 5.662221581296808 0.0239711930066106 0.11287605868964332 0.16610579893583952 -0.06699535814619052 0.022449714110536135 1.702 1.435 0.017 0.077
J-c-ztfr 1D3 True F99 59522.8931334261 0.1731981539098169 5.738273573723983 0.03932041891254526 0.13916751883727754 0.26706806381970216 -0.016939839599531298 0.030814960672345078 1.08 0.901 0.371 0.551
J-o 1D3 True F99 59523.26616145599 0.1787143489008442 5.7626692243137985 0.10051249519580914 0.4445387799597902 0.21426344521014154 -0.026597887747157337 0.06009961068712796 1.778 1.676 0.015 0.027
J-o-ztfg 1D3 True F99 59523.566441510695 0.12701340904226033 5.658309591035245 0.02655983589520221 0.3337009305781209 0.15274374564957827 -0.08366901454439565 0.0216179210919411 1.796 1.612 0.004 0.016
J-o-ztfg-ztfr 1D3 True F99 59523.45974218971 0.11135193288702781 5.653008562297794 0.026244974831678362 0.23142561833382894 0.13597878570696667 -0.08157954140659751 0.02017475007437445 1.635 1.434 0.006 0.034
J-o-ztfr 1D3 True F99 59523.18717821556 0.14157700639057344 5.6868212092452985 0.08438948538102191 0.3425840165384501 0.1762700877052444 -0.06251121659200673 0.055078293371389433 1.602 1.381 0.018 0.077
J-ztfg 1D3 True F99 59523.58931110814 0.16587064007313995 5.644035327687437 0.027350289863622736 0.038868420600265505 0.20339394974119557 -0.05939015325985786 0.03175943722956865 1.662 1.613 0.075 0.088
J-ztfg-ztfr 1D3 True F99 59523.459838622075 0.13359941915827692 5.639080947015022 0.02697849242194978 -0.04001032054700565 0.16994231799759038 -0.07632721854949234 0.022809615313912266 1.305 1.226 0.158 0.216
J-ztfr 1D3 True F99 59522.79173438013 0.2500501651718007 5.677232776076247 0.08373339225052343 0.26212041937125957 0.39900618129998794 -0.05516664381096312 0.05418389418899645 0.985 0.935 0.454 0.499
o  True F99 59523.46566708446 0.22126548661201328 6.538381807720754 0.8834871653990248 0.6303106285065415 0.27752143156264036 -0.2409407205913342 0.5841522361352118 1.694 1.559 0.036 0.066
o-ztfg  True F99 59523.69049189318 0.13345413092472636 6.751257126609269 0.028101797212025246 0.4064793762847735 0.15725440066689816 -0.09658294427898208 0.025057653269709466 1.491 1.366 0.046 0.094
o-ztfg-ztfr  True F19 59523.580894509476 0.14505716880450406 5.872739887247283 0.029154404880649184 0.3748796572462082 0.17548706755002177 -0.02943311503941705 0.02383043743529107 16.655 4.818 0.0 0.0
o-ztfg-ztfr  True F99 59523.54904105609 0.11456861149906206 6.7464609938526205 0.027680666239259764 0.273611879482826 0.13825432101834415 -0.0901970147305986 0.022357659119098185 1.456 1.29 0.034 0.108
o-ztfr  True F99 59523.258019872585 0.15655128057062073 6.413514464562239 0.32049046482041593 0.439715539265836 0.1901164691238975 -0.3219031703905017 0.22257408092694211 1.366 1.271 0.098 0.157
ztfg  True F99 59523.133935489626 0.5414798350967838 7.828541887957389 1.4180074667350435 -0.5880409441364729 0.5326804549900277 2.1619570235193835 2.330348322155723 0.465 0.438 0.86 0.879
ztfg-ztfr  True F19 59523.591065209395 0.17136525800191682 5.864653235289351 0.031041559790047312 0.11950721421186354 0.22593032395561682 -0.021508926002640316 0.029208571653907257 23.736 7.85 0.0 0.0
ztfg-ztfr  True F99 59523.594304035636 0.1396953154818977 6.734173612505813 0.029161348448749097 0.012699054303744253 0.17357137652402432 -0.08547385106982837 0.02726321939216141 0.932 0.87 0.535 0.611
ztfr  True F99 59522.88242997139 0.2864942163909088 0.7112558062374377 3.349473752772859 0.7875256807539861 0.46280407322987005 -4.732682801577969 2.7446527860988543 0.419 0.383 0.867 0.89