bps_used variant success reddening_law t0 e_t0 x0_mag e_x0_mag x1 e_x1 c e_c rchi2_data rchi2_data_model fitprob_data fitprob_data_model
c  False F99 59483.0733017141 40.0503321552949 7.519868533850037 11.84601613126661 0.0 65.47344044974042 0.0 6.584932333346408 None None None None
c-o  True F19 59479.22652244715 1.3170745782514115 10.402448920314441 1.142325514361588 5.882829761042704 2.3332623016036274 1.2666721426600966 0.7715346368510565 2.149 0.768 0.002 0.763
c-o  True F99 59478.922585105145 1.3495999715366864 9.683933343352841 0.3228969920546567 6.688228967326434 2.531139087730272 0.0018785417420319548 0.2210439537506082 0.924 0.914 0.556 0.569
c-o-ztfg  True F19 59475.31407353157 0.45520206090930126 8.3660574565135 0.06843146435719158 -1.289696631922059 0.7862289118213224 0.040667261857818576 0.05978227883675488 1.308 1.255 0.117 0.156
c-o-ztfg  True F99 59475.30948901621 0.44852734658137416 9.410939268163897 0.06763213137760536 -1.278294045861859 0.7734568381065176 0.026458412302830112 0.05894516747811215 1.242 1.238 0.167 0.17
c-o-ztfg-ztfr  True F19 59475.11388188619 0.3577484450025949 8.293930997026077 0.06474547634718603 -1.6591794958386938 0.6633763421890174 0.011961182265663896 0.052025835924163995 1.082 1.033 0.334 0.412
c-o-ztfg-ztfr  True F99 59475.10266326014 0.3505287865731887 8.296334549443573 0.06396988683428047 -1.6526168877320866 0.6493269960205378 0.010518078585030705 0.0513098828537432 1.082 1.077 0.334 0.341
c-o-ztfr  True F19 59474.581850289236 0.6003802126369576 8.421784660754515 0.36190149429017815 -2.077597476766583 1.042723608711031 0.0914200509513705 0.26692210866149124 1.338 1.269 0.096 0.141
c-o-ztfr  True F99 59474.550164984044 0.5833121699705809 9.49667647767783 0.35207585759183235 -2.0342928652912056 1.0157336502696124 0.09850773905585436 0.2594165959605479 1.298 1.291 0.121 0.125
c-ztfg  True F99 59475.09139150496 0.35831090396895965 9.381879769241708 0.0813594393048771 -3.2697617018011327 0.9316882776773113 0.6879418587781191 0.4016173006272879 0.568 0.558 0.805 0.813
c-ztfg-ztfr  True F19 59475.01363195097 0.3352674958131622 8.289229490539238 0.06300259826463721 -2.6150463797616883 0.6538519736373157 -0.006624018801932618 0.05917945960885473 0.778 0.724 0.721 0.782
c-ztfg-ztfr  True F99 59475.00453527755 0.32515651751407054 8.23152503462849 0.06205412323168119 -2.63247112967663 0.6365739824540827 -0.02531147505605818 0.05772832980843733 0.652 0.646 0.852 0.858
c-ztfr  True F99 59474.45351969265 0.5572513091680839 8.714811189230154 0.2882316859754218 -4.672692526160807 0.8354532542897569 -0.47731884642274336 0.23208753976714702 0.418 0.273 0.926 0.982
J 1D3 True F99 59475.86881612663 1.8907998049092034 6.721155271373093 80.80318589021655 -9.555310433113839 111.20590483961738 -0.6383952355412335 30.0209923854774 -1 -1 -1 -1
J-c 1D3 True F99 59475.62535185171 0.7257857163780806 7.514414467054824 0.3368440670273456 -3.847499035801939 0.7373202974174545 -0.05488015186004327 0.12278452733108755 0.677 0.48 0.566 0.696
J-c-o 1D3 True F99 59475.97865715217 0.8527792197363788 8.94035104511553 0.22073214923634943 1.2446438347824436 1.9033141122747266 0.41566819358564144 0.09828106084766722 1.47 1.465 0.058 0.059
J-c-o-ztfg 1D3 True F99 59475.164038110706 0.3842933313380895 8.374038369925886 0.06845166687930733 -1.3150866517096607 0.73171238510084 0.15125997537012417 0.04374522748872227 1.517 1.418 0.027 0.054
J-c-o-ztfg-ztfr 1D3 True F19 59475.00043593242 0.33358633294094797 8.387535058168165 0.06654163422908792 -1.516001954524075 0.6691779384645858 0.12948675950610194 0.045431207581567976 1.453 1.275 0.028 0.106
J-c-o-ztfg-ztfr 1D3 True F99 59474.99772713933 0.3336011547638494 8.44619290104584 0.06667277811029519 -1.5161044773976724 0.6692880928497043 0.14447599658894783 0.04556111281187169 1.52 1.33 0.016 0.072
J-c-o-ztfg-ztfr 1D3 True O94 59474.99766604358 0.33359002666263227 8.446221917714727 0.06667034391643052 -1.5160160198253319 0.6692714654241569 0.14449506935343212 0.04555715858770454 1.522 1.332 0.015 0.071
J-c-o-ztfr 1D3 True F99 59474.92653239111 0.5374180379445879 8.754052027881137 0.13114826201257135 -1.0180056912435558 1.0209922857543245 0.34978507745612375 0.07520844828860479 1.268 1.262 0.133 0.138
J-c-ztfg 1D3 True F99 59475.25156419416 0.3502210017090738 8.237823299442162 0.06485287280092143 -2.5522211745662977 0.672377223970468 0.1944307439973711 0.041815274443135785 0.639 0.633 0.797 0.802
J-c-ztfg-ztfr 1D3 True F99 59474.972854817504 0.31263023087302494 8.326228374963224 0.06472627714211435 -2.4397046645719156 0.6606332111164616 0.12472138863014237 0.04617943294671635 1.522 1.282 0.063 0.178
J-c-ztfr 1D3 True F99 59474.403476546795 0.575171869402286 8.605058183249506 0.1321206013321735 -3.077134051510701 1.0684164406718006 0.301760303535062 0.07689748050765417 1.279 1.234 0.229 0.257
J-o 1D3 True F99 59476.173642690555 0.6644802395061994 9.066497774110898 0.1930602939464058 3.0549293574329184 1.7937544335280136 0.45126583776961837 0.09343270574679524 0.946 0.941 0.532 0.539
J-o-ztfg 1D3 True F99 59475.31059270316 0.4518858725589408 8.459984510753731 0.07731504855694242 0.2483898814270316 0.9974417079780181 0.17099753701321796 0.044443962135689234 1.29 1.186 0.132 0.222
J-o-ztfg-ztfr 1D3 True F99 59475.0760565022 0.36835985627748347 8.456922016521045 0.07103199612901054 -0.3141590855128269 0.8553441532020689 0.14700311646464584 0.04534606586834111 1.306 1.187 0.095 0.197
J-o-ztfr 1D3 True F99 59475.27211372933 0.5316919880807559 8.861607495652198 0.13103593568885985 0.2959178097728949 1.2048079828930898 0.3892519851569532 0.07673207605666608 0.997 0.994 0.471 0.475
J-ztfg 1D3 True F99 59475.4677214409 0.3976462109341316 8.300330455581168 0.08290010624166108 -1.5844371362324545 1.1084770955991732 0.20635127857336208 0.043924576805139254 0.08 0.08 0.999 0.999
J-ztfg-ztfr 1D3 True F99 59475.10889662282 0.34165748314625966 8.374744368645029 0.07629375397133392 -1.6903317828329416 0.9926884317450557 0.13930439431728142 0.04783433619433861 1.435 1.155 0.115 0.296
J-ztfr 1D3 True F99 59475.085025768814 0.49652693479808196 8.699281311097312 0.1416470461016852 -4.1700736209961935 2.0263747147355193 0.37540374734780096 0.07621954320771132 0.383 0.372 0.93 0.936
o  True F99 59475.78416147917 1.7334566899371084 2.9133403748337066 5.549073859942018 3.920769290995377 2.5832796578257096 -5.752227678312771 5.333774355420252 0.886 0.88 0.602 0.609
o-ztfg  True F99 59475.525920781 0.560595060513712 9.494978570092506 0.0783154178794091 0.218961319463917 1.052139733380905 0.04724125501279057 0.059847152288429746 0.978 0.976 0.496 0.499
o-ztfg-ztfr  True F19 59475.20102487905 0.40863045528968056 8.412137317927968 0.07116336406212531 -0.610564199858915 0.8579490419037271 0.04437793795000958 0.052948491310761125 0.991 0.959 0.484 0.539
o-ztfg-ztfr  True F99 59475.19355659331 0.40354373452544084 9.457258579449423 0.07035403455428592 -0.5939793174311143 0.8455203063554254 0.029360702602996728 0.052335322716011504 0.918 0.915 0.609 0.615
o-ztfr  True F99 59474.88138787381 0.6786236938359146 9.8280636074456 0.6604805577369621 0.011619535582038366 1.2691084494702147 0.29734612437416663 0.5047985565055892 1.075 1.073 0.358 0.361
ztfg  True F99 59475.3355353551 0.9294888486883056 9.402530067132265 0.24854577711787074 -1.7217894673583118 1.7262861954751125 0.26779606457742056 2.703564451166105 0.082 0.081 0.988 0.988
ztfg-ztfr  True F19 59475.191583855565 0.3611699629397278 8.318217327593429 0.07344872333532673 -2.17387194669133 0.9325337401244524 -0.00038390139862597367 0.06115774464014855 0.505 0.457 0.923 0.948
ztfg-ztfr  True F99 59475.181955187014 0.35183294352598615 9.360740481923672 0.07251557176134939 -2.195101139520294 0.9142817129523177 -0.018281948522381637 0.05987532701853482 0.343 0.339 0.985 0.986
ztfr  True F99 59474.92384968253 1.123125322307466 11.51265333969274 8.170093395787216 -4.420675323622152 2.3591790070503653 1.6841194118622052 6.056202296199293 0.334 0.325 0.893 0.898