bps_used variant success reddening_law t0 e_t0 x0_mag e_x0_mag x1 e_x1 c e_c rchi2_data rchi2_data_model fitprob_data fitprob_data_model
c  True F99 59141.896673702584 0.1991124619419281 9.177029320931126 7.2449818173480525 -1.6663386575722638 1.090617391937469 4.581741014309528 5.424325051699183 -1 -1 -1 -1
c-o  True F19 59143.301004609035 0.12998215225185372 2.867802242502565 0.048589987047610556 0.22533235140526137 0.13737227569231014 -0.017337989753686906 0.03983530237686558 297.414 2.509 0.0 0.001
c-o  True F99 59143.47289445481 0.036049938380021275 3.9002164564948485 0.03864897557440026 0.1259298030842108 0.0435131311744962 -0.008481297780984432 0.03343488255057461 103.223 18.224 0.0 0.0
c-o-ztfg  True F19 59143.38570596992 0.08139395123683218 2.872665384757726 0.025568885907408544 0.3578477563759893 0.09041248538813661 -0.017530313192355707 0.02502779116994276 141.716 2.058 0.0 0.0
c-o-ztfg  True F99 59143.52337204573 0.030834291948212404 3.8833361865799834 0.02213502491802524 0.15276956402123562 0.03657715539233627 -0.019564086004522255 0.022735960627543714 47.097 9.588 0.0 0.0
c-o-ztfg-ztfr  True F19 59143.33761308266 0.07211729478166279 2.777563800040496 0.024423066308372342 0.314241792054744 0.08093573766205472 -0.03762767055074992 0.021311064544605775 40.353 0.982 0.0 0.512
c-o-ztfg-ztfr  True F99 59143.503782314336 0.028444710701317964 3.8803408055696798 0.021148439792749368 0.12754910233649064 0.03409354216117107 -0.026047996959417397 0.01926557968908697 32.834 8.392 0.0 0.0
c-o-ztfr  True F19 59143.23765371949 0.09886839313566377 2.877829528638306 0.04719220462666698 0.1816211792532127 0.10865442383847759 -0.006295523682156425 0.03618043566777052 141.317 1.918 0.0 0.001
c-o-ztfr  True F99 59143.45408038957 0.03240327000611101 3.9062956892978415 0.03708824952515798 0.09418850291091604 0.039514959541771776 -0.00776789420481684 0.029655332473225132 51.965 11.673 0.0 0.0
c-ztfg  True F99 59143.51571967934 0.057703077553326126 3.8933159665234314 0.03913225371732352 0.28624076002596266 0.07594991234836525 -0.010721683073944638 0.05501296900126723 19.183 4.545 0.0 0.0
c-ztfg-ztfr  True F19 59143.31087058899 0.08478332864152648 2.8822739137179263 0.027305009861336976 0.40114644486158324 0.10198728287039949 -0.00822058110943312 0.02726610678302031 57.39 2.002 0.0 0.0
c-ztfg-ztfr  True F99 59143.493032290324 0.04302316577911386 3.8657566313522564 0.02383041618846397 0.1661642009664187 0.05813488967524218 -0.041525715720654624 0.02443792282121068 15.485 5.142 0.0 0.0
c-ztfr  True F99 59143.34525691968 0.05962577060512614 3.8615002304457295 0.043006140334999 0.12325623379435995 0.08367885770995193 -0.04620890160410116 0.03874399720437498 23.889 7.113 0.0 0.0
J-c-o 0D True F19 59143.25091717132 0.11387939451112991 2.9193910795914535 0.03695189113269348 0.20650508844328852 0.13145757860237953 0.029661250512557608 0.026172721344080524 1129.642 1.587 0.0 0.01
J-c-o 0D True F99 59143.13237500335 0.020367060112110376 2.852436040403716 0.029738390735395234 -0.0009821351442889092 0.036917071991251944 0.038999454567243005 0.022792801308579486 326.251 38.566 0.0 0.0
J-c-o-ztfg-ztfr 0D True F19 59143.32334765398 0.0692342996123229 2.7977223472250943 0.022285310616138258 0.31667616289056866 0.08055789272369435 -0.01570104950182831 0.017764555277489692 642.628 1.041 0.0 0.379
J-c-o-ztfg-ztfr 0D True F99 59143.191633777256 0.019255052506336915 2.798733165557408 0.019300651554663616 0.006904601090693809 0.03167036056924827 0.0009776622948064167 0.016528492737363315 364.175 23.442 0.0 0.0
J-o-ztfr 0D True F19 59143.242655665425 0.09807265462821876 3.014028673802119 0.06921375141743345 0.12876586837527548 0.11037229030466394 0.08294051799928404 0.04135497567147075 415.425 1.223 0.0 0.126
J-o-ztfr 0D True F99 59143.13874061581 0.019871725763834867 3.062400534842671 0.05865922718431053 -0.09591717219923013 0.03558414986978604 0.1498775811374748 0.03534911291062703 336.417 28.677 0.0 0.0
J-ztfg-ztfr 0D True F19 59143.31778320811 0.08538504858229268 2.9027561046506185 0.026314345056124268 0.38168742765450026 0.10750749231967008 0.01915810826733719 0.020373766849249204 835.289 1.512 0.0 0.006
J-ztfg-ztfr 0D True F99 59143.09884512706 0.021898913516638963 2.783708442234913 0.023955212200705966 0.006598861724258675 0.058526726971450414 -0.0035902217059695374 0.019066509764394477 407.425 25.669 0.0 0.0
o  True F99 59143.39077539373 0.0432429564445338 5.276298789378816 0.18513342068168234 -0.24186629454575023 0.05942416103079345 0.8122864341859355 0.10850371972119752 76.124 16.124 0.0 0.0
o-ztfg  True F99 59143.556427627285 0.032528862126453936 3.8939231636513627 0.024443326738004274 0.13695816445358056 0.03769812366467154 -0.012484088983434588 0.022986517567586136 41.946 9.569 0.0 0.0
o-ztfg-ztfr  True F19 59143.35552160203 0.07587001447343611 2.870681094769436 0.027108409665404103 0.29147347289196945 0.08360463839060057 -0.014930996157930601 0.021886326758154537 70.036 1.717 0.0 0.001
o-ztfg-ztfr  True F99 59143.52884867086 0.02982872814790632 3.893337812160236 0.02423212736933204 0.11075753740793388 0.03504673347860762 -0.0177291281347726 0.02004735168994342 28.234 8.288 0.0 0.0
o-ztfr  True F99 59143.43174126215 0.035204492682973966 4.77233467767362 0.12486660775947901 -0.12314941171156484 0.046777017680031466 0.5463800395091628 0.07970198043198376 84.408 9.871 0.0 0.0
ztfg  True F99 59143.405331602924 0.18227073741902045 4.2267103055672015 0.23417073827204987 -0.21778102547807343 0.2093042557857132 0.6885702055624141 0.4330483176133605 4.992 3.398 0.0 0.0
ztfg-ztfr  True F19 59143.33572479576 0.09111296615305386 2.8801828028902055 0.029358065953107707 0.3702647525296969 0.10818317355362705 -0.00852311844320675 0.027389687217378497 17.902 1.784 0.0 0.003
ztfg-ztfr  True F99 59143.55726373025 0.04835231383160857 3.865791806092539 0.026613602417632137 0.08671397363058314 0.06410814052776179 -0.03809733197789382 0.02483091431473549 7.341 4.636 0.0 0.0
ztfr  False F99 59144.22527757756 0.08682233359452364 24.87961656403192 6.0750265310497165 -0.20777089976382224 0.09984113405676895 12.335311229571783 3.319912628763075 None None None None