bps_used variant success reddening_law t0 e_t0 x0_mag e_x0_mag x1 e_x1 c e_c rchi2_data rchi2_data_model fitprob_data fitprob_data_model
c  True F99 59305.78165613141 1.7071512718163477 9.04369754595083 0.6529801529834115 2.1106353650778242 1.7719946889403912 0.13479432699631225 1.0957996638862386 1.961 1.931 0.081 0.086
c-o  True F19 59304.203672871794 0.6775759868953759 7.795860620212445 0.11532751075041237 1.2738321471447969 0.7431157781626414 -0.017766908881816285 0.08808852421504057 0.965 0.865 0.512 0.657
c-o  True F99 59304.21023499523 0.6532804003394054 8.83575756137821 0.11288609218312395 1.2721852133006308 0.730237114503753 -0.032603787677429795 0.08564198548859424 0.81 0.801 0.734 0.746
c-o-ztfg  True F19 59304.124696543455 0.28277142965815877 7.84541643431126 0.040380841627328745 1.2398715659607875 0.3608476336207293 0.027226133228654307 0.04072488565779239 0.823 0.716 0.785 0.916
c-o-ztfg  True F99 59304.127948786205 0.27351719439994865 8.883048169313916 0.039783798116364295 1.2304708573515524 0.35137209684114606 0.010525388948126168 0.039564225579337614 0.598 0.587 0.982 0.985
c-o-ztfg-ztfr  True F19 59304.08928868946 0.22400046968338108 7.777406525073304 0.0354257006041286 1.2168073268056632 0.2665422967203159 -0.0017543339988216641 0.03135367188470266 0.568 0.517 0.998 1.0
c-o-ztfg-ztfr  True F99 59304.096078287694 0.21414066497419168 7.777678621141023 0.03486383527301122 1.2043451444515867 0.25799108256598335 -0.0037600585827400595 0.030632283999404947 0.568 0.556 0.998 0.999
c-o-ztfr  True F19 59304.06508711069 0.3247840766313758 7.77269792873059 0.07831750930394295 1.2067867590968138 0.3475354369866794 -0.041636783717296386 0.06384465544696225 0.809 0.711 0.825 0.934
c-o-ztfr  True F99 59304.07913981176 0.30568718859522676 8.812537759742007 0.07596133996337194 1.193839535117002 0.3356365655039259 -0.0565627372148884 0.06178217376330283 0.663 0.654 0.965 0.97
c-ztfg  True F99 59304.06190956783 0.3330846559653578 8.916083123379778 0.047337500190664995 1.3243383035404825 0.41074516572209857 0.11054634784977839 0.09608522040216443 0.689 0.679 0.855 0.865
c-ztfg-ztfr  True F19 59304.12491879987 0.24042775476640527 7.846210204480982 0.036151531450317693 1.2958101969444558 0.2853686395630876 0.01436120965985517 0.035478322200894495 0.885 0.76 0.69 0.879
c-ztfg-ztfr  True F99 59304.134033362774 0.22916437939027665 8.883469612074231 0.035540854274742316 1.2816452245564056 0.2756036403606567 -0.0030182809603688577 0.03458416029817212 0.635 0.619 0.973 0.979
c-ztfr  True F99 59304.1705742324 0.34759790780650457 8.820129266844589 0.07846886408657851 1.3437613024098742 0.375033996816096 -0.06207122755598264 0.06880607126430692 0.833 0.819 0.717 0.736
J 1D3 True F99 59302.81507387495 1.2197053785606164 8.214994450617976 83.16723843873768 -9.02308690465823 17.820837188207243 -0.04035937086298472 30.101832447548546 -1 -1 -1 -1
J-c 1D3 True F99 59302.206337792435 0.5590264762125443 7.699668744190102 0.12439370391150116 2.165176595760301 1.5231550722528124 -0.01919083586994682 0.06045185345419868 1.643 1.616 0.107 0.114
J-c-o 1D3 True F99 59303.12834849348 0.36442249603176086 7.636677221893812 0.07930402006216765 0.34192117468905137 0.5397602855620196 -0.05225467006189387 0.05296464969111638 1.093 1.042 0.334 0.404
J-c-o-ztfg 1D3 True F99 59303.675790128225 0.23215807860754736 7.756773691548104 0.03664406504361659 0.9076232464828307 0.32560977307955546 0.011944123708146105 0.030791447992020708 0.85 0.828 0.751 0.788
J-c-o-ztfg-ztfr 1D3 True F19 59303.93788048293 0.213190182850664 7.769938661301858 0.03404469471746995 1.1303197316794695 0.2624974275596356 -0.002173902974336667 0.02811652765803953 0.765 0.589 0.925 0.997
J-c-o-ztfg-ztfr 1D3 True F99 59303.93775946053 0.21326812582188354 7.833115639039493 0.03408232500589671 1.1294995702324881 0.26250712784085356 0.013403465663457981 0.028161758042838117 0.936 0.712 0.627 0.965
J-c-o-ztfg-ztfr 1D3 True O94 59303.93770663147 0.21324747683835502 7.833112554670073 0.03407902696712572 1.1294251270275253 0.2624900480256983 0.013403506012156757 0.0281562295606792 0.951 0.722 0.593 0.959
J-c-o-ztfr 1D3 True F99 59303.64050123426 0.25286374716944915 7.7151878876296625 0.06352481982175967 0.8924647710803604 0.31403076512359746 -0.031149518966697983 0.0475556951193348 0.914 0.882 0.648 0.71
J-c-ztfg 1D3 True F99 59303.55750149818 0.2506636041902576 7.766256290664845 0.03881002102938902 1.0103804321967742 0.3716279155079734 0.05135698637089423 0.038459354550752764 1.109 1.078 0.321 0.358
J-c-ztfg-ztfr 1D3 True F99 59303.784798386056 0.20627999610156067 7.771577613310903 0.03388671445273739 1.076785893696623 0.26560416727385894 0.007764335008907193 0.029224196302838703 0.899 0.87 0.671 0.726
J-c-ztfr 1D3 True F99 59303.58550353075 0.27776985596554266 7.722474672453095 0.06449768081019064 0.9976136705435572 0.35084663196825117 -0.02498147182293504 0.04947293310417784 1.235 1.182 0.172 0.224
J-o 1D3 True F99 59302.71495880221 0.36162609339807444 7.831506694241469 0.147227814527429 -0.33158698302829215 0.5865021815825971 0.06602248362561944 0.08412292068341347 0.512 0.51 0.959 0.96
J-o-ztfg 1D3 True F99 59303.5205161479 0.24332627528000664 7.762526327755086 0.03911127700640024 0.7454633113678044 0.3359294410322512 0.008548029818398403 0.031408707048089755 0.632 0.617 0.958 0.965
J-o-ztfg-ztfr 1D3 True F99 59303.69794859679 0.20035818447518042 7.777682342389454 0.0358733434500709 0.9310989529773765 0.2541652853962281 0.007327102904637541 0.0277937695834582 0.612 0.598 0.992 0.994
J-o-ztfr 1D3 True F99 59303.47831455732 0.25204739692425854 7.849811817695414 0.10769377218147896 0.7500001106021837 0.3220251500076476 0.06198869100339472 0.0733222831475071 0.703 0.695 0.927 0.933
J-ztfg 1D3 True F99 59303.45159966759 0.258861626137262 7.768005839025138 0.04171099029837973 0.8631683480323747 0.385026714933647 0.03686419598850333 0.040976686968352084 0.845 0.835 0.635 0.646
J-ztfg-ztfr 1D3 True F99 59303.68202457522 0.21188635802338943 7.782732259879339 0.03662856322508567 0.9985075020951495 0.2724493477156979 0.011474260249818425 0.029818667215129303 0.717 0.698 0.905 0.922
J-ztfr 1D3 True F99 59303.41021475862 0.2754423397346106 7.861252084500334 0.10960941142543251 0.8795117620785406 0.36645609883274416 0.06821875819993453 0.07323859438137607 0.963 0.95 0.509 0.527
o  True F99 59303.39705539924 0.6415105814908293 11.493698387350314 2.716646099695316 -0.3427658190314973 0.8814552833672306 1.7508276064889816 1.6814425140382223 0.411 0.409 0.98 0.981
o-ztfg  True F99 59303.95556054666 0.28765272824560534 8.88064168507497 0.04150873229396319 1.0628798682178053 0.3631378968231132 0.0010541979923238808 0.04038401136130252 0.356 0.353 1.0 1.0
o-ztfg-ztfr  True F19 59303.98629097271 0.23048877627130437 7.847152089752255 0.037866732514912654 1.13350481114059 0.272431272889003 0.016586181828783398 0.03202792135589761 0.601 0.502 0.992 0.999
o-ztfg-ztfr  True F99 59303.99579646576 0.2206368879131994 8.884873870879378 0.03731096907508793 1.121677842931407 0.26381480648994304 -0.00014397851670385788 0.03133616297790641 0.414 0.41 1.0 1.0
o-ztfr  True F99 59303.98398853438 0.30830835159893977 8.90504287477868 0.4712657125799033 1.052223767085087 0.3449062291559324 0.01817597637116807 0.3562476985692319 0.499 0.494 0.996 0.997
ztfg  True F99 59303.62739337354 0.834911549039589 9.227800958877769 1.18659313167056 0.7064408016532693 1.1780887427172342 1.4431408829894241 3.407578317989473 0.258 0.256 0.996 0.997
ztfg-ztfr  True F19 59304.0178500504 0.2476959254637105 7.852790188406114 0.03860608871589262 1.2176018129012613 0.2929329306304656 0.015804122116790508 0.035944661009256536 0.675 0.55 0.931 0.987
ztfg-ztfr  True F99 59304.029172874514 0.23663597693411748 8.890295904562414 0.03802022290384086 1.2034851285467023 0.2830625550405333 -0.0013414750711464112 0.035088957991888305 0.417 0.411 0.999 0.999
ztfr  True F99 59304.16931543369 0.38560527603291517 6.199590071567755 3.5611483905944596 1.5014052406920573 0.5403705020658539 -2.1961453861532387 3.015785766401624 0.582 0.571 0.922 0.929