bps_used variant success reddening_law calibration DM e_DM st e_st Tmax e_Tmax dm15 e_dm15 EBVhost e_EBVhost rchi2_data rchi2_data_model fitprob_data fitprob_data_model
c-o  True O94 0 37.23266154633851 0.12538068669980798 0.913075414717753 0.05332968819418379 58669.369972332366 0.5336972740840893 None None 0.07741929556756683 0.08463977475263432 0.362 0.36 0.985 0.985
c-o  True F19 6 37.24686045663872 0.11669452477958593 0.9130978550643737 0.05333235430505046 58669.37022453092 0.5337027313815491 None None 0.034849853792584096 0.08427846170111726 0.362 0.36 0.985 0.985
c-o-ztfg  True F19 6 37.41141310025285 0.0966849760940204 0.9427851876997231 0.03898726269235531 58669.76106925236 0.415819914262182 None None -0.06486193705567374 0.0664894696516854 0.473 0.47 0.982 0.983
c-o-ztfg-ztfr  True O94 0 37.2676179915685 0.09528784861677767 0.9705106457647729 0.04049836736117205 58669.71486669002 0.4211023171556579 None None 0.06939081938374879 0.06456424016569126 0.531 0.527 0.985 0.986
c-o-ztfg-ztfr  True F19 6 37.3063840928607 0.08840105227881935 0.9708778114329373 0.03789541755429667 58669.67244343063 0.40102414119605706 None None 0.001901939932361155 0.06347821860524101 0.47 0.467 0.995 0.995
c-o-ztfr  True F19 6 37.188833975532724 0.10282243300645512 0.9821003705064686 0.04553523889030443 58669.516906688106 0.4669089031613116 None None 0.10726283474239173 0.07532171822846914 0.485 0.482 0.979 0.98
c-ztfg-ztfr  True F19 6 37.229162518817596 0.09131743817425285 0.9696304828157245 0.037448623891329975 58669.88421693322 0.3958274225776408 None None 0.03759815225672894 0.06400028305624052 0.374 0.371 0.996 0.996
J-c-o 1D3 True O94 0 37.220442600235785 0.08850656262331115 0.916104729025894 0.052328953434150366 58669.09703476994 0.47045029344718253 None None 0.07886322918462055 0.06622726702632525 0.354 0.349 0.991 0.992
J-c-o 1D3 True F19 6 37.24538704512975 0.08538789131815454 0.9171554490038544 0.04871119383057861 58669.122376633226 0.44809148323634584 None None 0.03090103173741707 0.06468188520604073 0.357 0.351 0.991 0.992
J-c-o-ztfg 1D3 True F19 6 37.26286818554687 0.08190995603253716 0.9462068734439666 0.03981641927907335 58669.478292672204 0.41891361021867574 None None 0.009394014783578743 0.062334184324047553 0.533 0.523 0.972 0.975
J-c-o-ztfg-ztfr 1D3 True O94 0 37.25104618234966 0.08597513070002978 0.974149383265876 0.03929368962646502 58669.66369250245 0.409088028395372 None None 0.07747031392957732 0.061762375970319354 0.583 0.574 0.973 0.976
J-c-o-ztfg-ztfr 1D3 True O94 1 37.26307802223549 0.08563968347382345 0.9742976427831269 0.0391302839715144 58669.65452413921 0.4080220942087941 None None 0.06955522095336492 0.061563766062158874 0.571 0.563 0.977 0.979
J-c-o-ztfg-ztfr 1D3 True O94 2 37.282577565861764 0.08565837539810982 0.975986855818362 0.03947811280612468 58669.69525522464 0.4103497972103914 None None 0.0693282644102795 0.061797103442357004 0.597 0.589 0.967 0.971
J-c-o-ztfg-ztfr 1D3 True O94 3 37.241036173762154 0.08520769675672711 0.974888555949342 0.03881927016300672 58669.60554042693 0.40629192162665034 None None 0.06320129228249408 0.061558840813511026 0.543 0.535 0.985 0.987
J-c-o-ztfg-ztfr 1D3 True O94 4 37.24625311486498 0.08520508570299726 0.9749388419033217 0.03887485859271404 58669.62741383611 0.4065619949792276 None None 0.06192522593505856 0.06155223332266279 0.55 0.542 0.983 0.985
J-c-o-ztfg-ztfr 1D3 True O94 5 37.282604203857744 0.08503584220048041 0.9758048660346059 0.03899697579611687 58669.66115768555 0.40741208483579466 None None 0.057411365119479474 0.061575879470480224 0.563 0.556 0.979 0.982
J-c-o-ztfg-ztfr 1D3 True F19 6 37.261590448251766 0.0819487133832629 0.9710625428080225 0.0376271479693371 58669.57303827684 0.4026769349733494 None None 0.024295418830134377 0.061904704911330696 0.512 0.504 0.991 0.992
J-c-o-ztfg-ztfr 1D3 True F99 6 37.261620404466356 0.083063862751402 0.965856906631575 0.03829230222176443 58669.58359330103 0.41375880656723185 None None 0.02120201610901822 0.06257903976377069 0.517 0.508 0.99 0.991
J-c-o-ztfg-ztfr 1D3 True O94 6 37.25989795170331 0.08289368795579548 0.9701170385981437 0.03885440023074866 58669.57364175781 0.4143887098969986 None None 0.024598372625259084 0.0624555574635446 0.512 0.504 0.991 0.992
J-c-o-ztfg-ztfr 1D3 True O94 7 37.23323530147689 0.08219385645796523 0.9664434286373967 0.037557108434194846 58669.60238452834 0.40297297388295444 None None 0.024242139616408587 0.06210572931657768 0.53 0.521 0.988 0.989
J-c-o-ztfg-ztfr 1D3 True O94 8 37.23628785856255 0.08197860215383819 0.9625278590809583 0.03730722643851312 58669.60662684555 0.4028480495762888 None None 0.025856170951934793 0.0625459317182392 0.539 0.529 0.986 0.988
J-c-o-ztfg-ztfr 1D3 True O94 9 37.23276599159916 0.08213991396371047 0.9651197541641092 0.037475126043880765 58669.599491235036 0.40293095151421393 None None 0.025468502126169888 0.06219713528558367 0.532 0.522 0.987 0.989
J-c-o-ztfg-ztfr 1D3 True O94 10 37.27534689855965 0.0897243907925743 None None 58669.65177219487 0.40495123588329995 1.0261734696913138 0.063247926936382 0.10662647793119946 0.06155271165424533 0.606 0.583 0.963 0.973
J-c-o-ztfg-ztfr 1D3 True O94 11 37.286936287791555 0.08945402681042391 None None 58669.65348882526 0.40447352276385196 1.0254476025091364 0.06324107818825049 0.10255484486251246 0.06149830390674689 0.601 0.578 0.966 0.975
J-c-o-ztfg-ztfr 1D3 True O94 12 37.303797683118695 0.08909908866402244 None None 58669.646021323926 0.4035734381643511 1.0252433795084452 0.06311927010962667 0.10355995323443154 0.061461084221223115 0.59 0.567 0.97 0.978
J-c-o-ztfg-ztfr 1D3 True O94 13 37.2515233626455 0.08850376543400204 None None 58669.59573519953 0.40159392100888985 1.0300466564759736 0.06278608631900066 0.08362522185202313 0.06131046165704044 0.565 0.54 0.979 0.985
J-c-o-ztfg-ztfr 1D3 True O94 14 37.2592172789837 0.08857270131344555 None None 58669.62278736388 0.4019690403687381 1.026578633821298 0.0629960826629719 0.08766960860652039 0.0614397862706966 0.571 0.548 0.977 0.984
J-c-o-ztfg-ztfr 1D3 True O94 15 37.290524990204034 0.08790554662878394 None None 58669.60358775297 0.4001244319792022 1.0292427492506087 0.06263109900005834 0.08168897323118582 0.06122288259399523 0.551 0.528 0.983 0.988
J-c-o-ztfr 1D3 True F19 6 37.26828298766747 0.08547288739727249 0.9975163408034641 0.04595138883585001 58669.497930832986 0.44726578260702143 None None 0.06476385529334294 0.06617891037805866 0.49 0.483 0.983 0.984
J-c-ztfg-ztfr 1D3 True F19 6 37.246105085671175 0.08185608227384614 0.9820773173354178 0.037984983662181046 58669.731244585855 0.40382660668693215 None None 0.036566656711497475 0.061921951687618666 0.454 0.445 0.988 0.99
J-o-ztfg-ztfr 1D3 True F19 6 37.282443928432556 0.08234997131276485 0.9748413336530236 0.038839049471545165 58669.4524835779 0.4299486850551349 None None 0.009757594651693187 0.061723863361322115 0.461 0.455 0.992 0.993
J-ztfg-ztfr 1D3 True O94 0 37.26967519215748 0.08688644062265002 1.001588635270807 0.040873860646723936 58669.49973628515 0.43051373864460174 None None 0.07916535722486803 0.06109075968871225 0.325 0.319 0.995 0.995
J-ztfg-ztfr 1D3 True F19 6 37.28184788618 0.0812697813846817 0.9965001584778187 0.037561934562841494 58669.52487945103 0.4115473108066816 None None 0.023034008892231048 0.061287973524375414 0.308 0.301 0.996 0.997
o-ztfg-ztfr  True F19 6 37.31316316310809 0.08980280421072115 0.980610290194727 0.040828698254901194 58669.482949461955 0.4424429635714587 None None -0.003456893142217596 0.06316529443334272 0.461 0.458 0.989 0.989
ztfg-ztfr  True O94 0 37.19946473796977 0.09411795208622792 0.9782938728266161 0.03860360187616424 58669.74259143316 0.41753845366636716 None None 0.10082791420447319 0.06281930651387498 0.272 0.27 0.996 0.997
ztfg-ztfr  True F19 6 37.247870557028826 0.08832554165420775 0.9782891828488497 0.03763471081837333 58669.74273140947 0.40864037516736257 None None 0.02961507185685717 0.0626110593640936 0.272 0.27 0.996 0.997