bps_used variant success reddening_law t0 e_t0 x0_mag e_x0_mag x1 e_x1 c e_c rchi2_data rchi2_data_model fitprob_data fitprob_data_model
c  True F99 59022.46063993807 0.7953336353686161 30.947813332047165 41.62914351548636 -1.3189158256848912 0.7459687511056414 19.91916330666547 30.986099827331685 0.026 0.026 0.872 0.872
c-o  True F19 59024.91173411432 0.3148654873088528 6.626786836535128 0.12781345527726273 1.4556170454916524 0.6055604972935762 -0.11386293862527934 0.08373016528497423 1.175 0.736 0.298 0.705
c-o  True F99 59024.91184264433 0.31486255807111896 6.627086063112004 0.12780577177003627 1.4558690314270033 0.6055654449845038 -0.11503314049134672 0.08372523089896468 1.175 0.736 0.298 0.705
c-o-ztfg  True F19 59024.79899610003 0.2071465757807134 6.776428106388385 0.03887820956181291 1.549839691328882 0.3125371355559592 -0.02242555935541847 0.03299514025628081 1.356 0.861 0.137 0.634
c-o-ztfg  True F99 59024.83428463019 0.18423615289912515 6.739082419709886 0.03708668686623771 1.540688836720656 0.28505106322988577 -0.03264340903840662 0.03037087103770498 1.105 1.009 0.337 0.446
c-o-ztfg-ztfr  True F19 59024.79490662886 0.18313951519746977 6.738613247135671 0.037219316692549756 1.4386122784605786 0.27368711629884973 -0.008516725406773906 0.028774172308778947 1.081 0.639 0.346 0.94
c-o-ztfg-ztfr  True F99 59024.83042717361 0.16308788362922833 6.735191494924811 0.035117665006055156 1.433355983804619 0.24592392943691518 -0.012622730288133141 0.02687659507862781 1.083 0.902 0.344 0.623
c-o-ztfr  True F19 59024.826173793226 0.2482269814185234 6.64782343093815 0.10058615343889026 1.2898397664504166 0.419908457294335 -0.0902120002307931 0.06991038183355246 1.29 0.713 0.159 0.837
c-o-ztfr  True F99 59024.84608688274 0.2182764982325854 6.614498665033153 0.08293553395854676 1.3241831591811475 0.35443389025209515 -0.09987146056882015 0.058147292294119114 1.05 0.898 0.396 0.602
c-ztfg  True F99 59024.653835706034 0.21347939407307018 6.7630032143896255 0.045003046855758094 1.1210046272319523 0.3812248802396904 0.11493531913165914 0.10463781220573518 0.76 0.721 0.654 0.69
c-ztfg-ztfr  True F19 59024.732466484995 0.19999720177154676 6.7815335343392595 0.03938111336749408 1.3667144055482914 0.293236010129861 0.02794440963822417 0.03416768013115292 0.986 0.611 0.477 0.915
c-ztfg-ztfr  True F99 59024.77226959958 0.18029622326381742 6.742017327024056 0.03742296871894069 1.3356488872617538 0.267524467385248 0.01649282759108215 0.0320829567521898 0.72 0.66 0.817 0.876
c-ztfr  True F99 59024.717140219545 0.26689931606797096 6.619657668966479 0.10162343203919945 1.1066516695906483 0.4356217751131606 -0.07404732892393551 0.07466451814661995 0.649 0.615 0.814 0.844
J 1D3 True F99 59022.830595139334 7.180171431864775 15.251821788979981 10.907272622184385 130.49762494943553 5094.030216348523 2.41601088416102 13.932859856388143 -1 -1 -1 -1
J dehvils False F99 59016.78850421179 1.0 23.250677726654214 1.0 -49.082253685791244 1.0 5.992729867709745 1.0 None None None None
J-c 1D3 True F99 59023.554940156464 0.19309479676806213 6.512266453834346 0.09744222475008125 -0.43163040256221763 0.43658827517305154 -0.06918341791968588 0.04422596168113136 4.394 4.216 0.001 0.002
J-c dehvils True F99 59024.2176321976 0.29479484440300624 6.501420641645028 0.11696865019771488 0.16297545873584535 0.595776919743385 -0.11199827943840579 0.06605200445785915 2.63 2.611 0.032 0.034
J-c-o 1D3 True F19 59024.547037960074 0.27314999511765364 6.5655339900766485 0.09261923272868963 0.9554196739229628 0.4738581264581973 -0.14336143273219584 0.057632746748661264 9.956 1.253 0.0 0.228
J-c-o 1D3 True F99 59024.54749657119 0.2732953966597161 6.602133858378133 0.09270231724098393 0.9589058400950312 0.47424587164428134 -0.13385367489071626 0.05768627333661772 10.352 1.333 0.0 0.178
J-c-o dehvils True F19 59024.7926289359 0.30311530410751125 6.588805011473748 0.11061839195877463 1.247142714341249 0.5579847673720535 -0.13719472385314474 0.06977974903815629 1.991 1.067 0.015 0.382
J-c-o dehvils True F99 59024.792280433845 0.3032278487605264 6.624896332312064 0.1106989099565771 1.2487397094002146 0.5582383739285844 -0.1280407546876365 0.06983629555803979 2.223 1.146 0.005 0.311
J-c-o-ztfg 1D3 True F99 59024.149062382334 0.1464113337096965 6.7090261268874185 0.033538932452001076 0.8581279925096705 0.23892647708750125 -0.01942035953025245 0.02447632174681028 3.255 2.775 0.0 0.0
J-c-o-ztfg dehvils True F99 59024.729655327 0.1797641634489826 6.733070115263711 0.036213571194806254 1.4334174924165781 0.2786892522187211 -0.0324015624805558 0.027897490075480737 1.493 1.405 0.064 0.098
J-c-o-ztfg-ztfr 1D3 True F19 59024.656748054906 0.17555504905124336 6.711000777015831 0.03444057674303605 1.2910610565371612 0.26300867252629956 -0.03313384662656681 0.02557468670197209 3.426 0.874 0.0 0.677
J-c-o-ztfg-ztfr 1D3 True F99 59024.65663615793 0.17557268124432165 6.746339345333011 0.034459042443937035 1.290719150043505 0.26302424158320703 -0.02443953895417934 0.025591439056777437 3.709 0.972 0.0 0.514
J-c-o-ztfg-ztfr 1D3 True O94 59024.65661083363 0.17555562743597214 6.746331514783376 0.03445565963621394 1.2906649748318628 0.2629963688437355 -0.02444284088143151 0.025587328522939636 3.743 0.983 0.0 0.495
J-c-o-ztfg-ztfr dehvils True F99 59024.75356118817 0.16024269539241084 6.727332632652995 0.03413145539345755 1.348511982653414 0.241484683261541 -0.017138302994927357 0.025322727428509304 1.33 1.168 0.095 0.23
J-c-o-ztfr 1D3 True F99 59024.02123677968 0.165233590011481 6.646260387494841 0.059372749624048766 0.46843683247201473 0.26212761482436325 -0.049104415616479394 0.039462140786592444 2.723 2.264 0.0 0.0
J-c-o-ztfr dehvils True F99 59024.70158116627 0.2146886490615152 6.624815110364787 0.07341764351349497 1.1792180025541041 0.34093469531732595 -0.08690030623936758 0.049942739299071115 1.402 1.264 0.084 0.166
J-c-ztfg 1D3 True F99 59023.996861603846 0.1537632330161705 6.696453297567876 0.03497753079243531 0.6634187226027679 0.26220361532715875 0.011958689571469588 0.029960258009767017 3.304 3.162 0.0 0.0
J-c-ztfg dehvils True F99 59024.600047680855 0.2016867703404394 6.728649127273217 0.038434377854654644 1.2720683452865664 0.31939087544021777 -0.006666942641210415 0.043846390195552386 1.663 1.575 0.068 0.091
J-c-ztfg-ztfr 1D3 True F99 59024.14388380349 0.1428163415922365 6.69862985043235 0.03224745078794582 0.6948386194481726 0.21884710601288715 -0.0006000163676516772 0.02495402013315923 2.301 2.132 0.0 0.001
J-c-ztfg-ztfr dehvils True F99 59024.68830736755 0.17569007417861282 6.727325864621035 0.03564838160519475 1.2442706475264234 0.26068601419362364 0.0023171616778029755 0.028760874341934944 1.138 1.072 0.29 0.367
J-c-ztfr 1D3 True F99 59023.81006834874 0.1798826354796574 6.619519887516695 0.06137761521312447 0.1763422671608737 0.2845202720936375 -0.04814513538141863 0.040819012983405754 2.531 2.266 0.001 0.003
J-c-ztfr dehvils True F99 59024.53058305682 0.25481143411503854 6.6058406677344434 0.08080384035673062 0.887025451256404 0.39681172573416507 -0.07904891053894797 0.056263969017637 1.21 1.178 0.25 0.277
J-o 1D3 True F99 59023.64158578483 0.2273640227945924 6.740773192368702 0.10520117592476651 0.03575739351680403 0.4226492776114593 -0.0006853163489219395 0.061898527452809465 3.868 3.726 0.0 0.0
J-o dehvils True F99 59024.77707197676 0.35789040374280334 6.773412253407471 0.15930236897309386 1.3940863300908781 0.5513683419839681 -0.010019667890570834 0.1010671399056813 2.537 2.467 0.007 0.008
J-o-ztfg 1D3 True F99 59024.090116708016 0.16128879579847508 6.714261477642178 0.03463335715426062 0.7437332737341398 0.2679532026443421 -0.019717514837289923 0.025066601143652004 3.61 3.106 0.0 0.0
J-o-ztfg dehvils True F99 59024.78599825957 0.20483287567811645 6.745836054715448 0.03721289519933657 1.3200955471721962 0.3102817034945614 -0.025875445890831836 0.02857575438417539 1.589 1.542 0.058 0.071
J-o-ztfg-ztfr 1D3 True F99 59024.21295262403 0.14462835064793328 6.714455003049678 0.03293434811773082 0.726369304953648 0.22579329528936293 -0.009623423108775685 0.02388663186183902 2.675 2.317 0.0 0.0
J-o-ztfg-ztfr dehvils True F99 59024.79389822519 0.17533957748452766 6.7421327204122115 0.0354185304646644 1.293611307499929 0.26220941514132645 -0.007132648122487055 0.02623335768196661 1.386 1.225 0.081 0.188
J-o-ztfr 1D3 True F99 59023.91000009395 0.18346634376906493 6.7224440573885875 0.08105096896079626 0.25918741896000913 0.2918984671453055 0.0003520585811826629 0.05342969566996577 2.661 2.442 0.0 0.0
J-o-ztfr dehvils True F99 59024.76850754541 0.2579578051866939 6.643002023657874 0.1286501239783709 1.304260331418378 0.38849679172724505 -0.07644504986685592 0.08960093588447002 1.646 1.472 0.032 0.075
J-ztfg 1D3 True F99 59023.84691388566 0.18337397300309136 6.70193701688771 0.03670557322024142 0.7356517008304368 0.32661658644057917 -0.002191833132992227 0.0313426118938661 4.796 4.625 0.0 0.0
J-ztfg dehvils True F99 59024.63286909781 0.2527699725913694 6.733698063475545 0.03949149632431958 1.1604167626325785 0.37366908184372705 -0.023892846523145987 0.050073174819015624 2.198 2.165 0.031 0.034
J-ztfg-ztfr 1D3 True F99 59024.08154151175 0.15647266522545455 6.703556742547086 0.03341899839896727 0.5914654079486483 0.24278431557102959 -0.0007204763147034645 0.025688304213326928 2.601 2.449 0.0 0.0
J-ztfg-ztfr dehvils True F99 59024.73228354801 0.19765188793723615 6.739404061620552 0.03678425957483485 1.1812833632469975 0.28979025481499515 0.009900423390170603 0.029639579897240288 1.199 1.158 0.247 0.284
J-ztfr 1D3 True F99 59023.56680130324 0.21573366206243696 6.658466855449883 0.0828762628207541 -0.17178107048522157 0.3400323311385257 -0.027486075527578303 0.05405582291732311 2.58 2.491 0.003 0.004
J-ztfr dehvils True F99 59024.54308067274 0.3600525142744707 6.632076889294222 0.12686345620211306 0.9490370868415743 0.5155057938986479 -0.06250437469829567 0.08861432906183149 1.606 1.571 0.09 0.1
o  True F99 59024.91235971287 0.606772244637277 5.011503557048469 3.3863437336862536 2.016489527336262 0.6816813707316013 -1.2920731292248293 2.544693777021473 1.575 1.472 0.15 0.183
o-ztfg  True F99 59024.9279065173 0.2120213903859407 6.753223203947533 0.03810754418815386 1.4326415730465125 0.3172107080173986 -0.02530163029219426 0.03102475317509098 1.049 1.0 0.4 0.45
o-ztfg-ztfr  True F19 59024.855866925536 0.2037674293213568 6.784375028983922 0.038226485278925984 1.3705765405891954 0.30384166789118133 0.007767549794596117 0.029513549189947946 1.327 0.771 0.123 0.789
o-ztfg-ztfr  True F99 59024.88819782173 0.1792468255786168 6.751706421675315 0.03650360036349155 1.3894026307361238 0.2676539234917388 -0.0011674293313494529 0.02787119900309633 1.089 0.902 0.343 0.607
o-ztfr  True F99 59024.92711773129 0.26509199651990406 5.906242888215795 0.4741108833688032 1.753527364291255 0.4156217026025627 -0.6290007524138186 0.35497638037979873 0.839 0.79 0.648 0.707
ztfg  True F99 59024.5167897336 0.9565764681585789 6.656504345438666 0.1621535920976526 1.988107136626516 0.8527947964972766 -0.6817408003356865 1.974149613775853 0.831 0.815 0.476 0.485
ztfg-ztfr  True F19 59024.801698914394 0.23019211565954034 6.790016406943765 0.040366275593114426 1.3061976464170062 0.3351524272478782 0.03400413941062187 0.03494273145833148 0.944 0.611 0.518 0.878
ztfg-ztfr  True F99 59024.84501605473 0.2041745623977907 6.7563573551912555 0.03868433766665283 1.2898363569274518 0.29842060273718185 0.026170658503090437 0.03303368977457991 0.637 0.611 0.857 0.878
ztfr  True F99 59024.90586059099 0.4635229707265 8.13120696234289 5.8548817330573835 1.4843807949056282 0.5733323665594454 1.03755736892238 4.25440866738958 0.628 0.593 0.733 0.762