bps_used variant success reddening_law calibration Tmax e_Tmax DM e_DM st e_st EBVhost e_EBVhost rchi2_data rchi2_data_model fitprob_data fitprob_data_model
c-o  True O94 0 58680.968556429245 10.348398224673911 38.04313465279882 0.33649543121161013 1.224714423262445 0.700724883377932 0.030125715252786574 0.31273992712493776 1.098 1.097 0.358 0.359
c-o  True F19 6 58675.72399749539 13.258425166419759 38.1613231837233 0.3636566970667801 1.4300885135122974 0.6584386111223142 0.020119404592756497 0.22747925868509586 1.765 1.756 0.048 0.049
c-o-ztfg  True F19 6 58677.094109421145 0.436302111493656 37.937282141425946 0.14944014800984506 1.1142524149772737 0.08720790713671764 -0.08185391406642377 0.07164108972414256 0.422 0.422 0.986 0.987
c-o-ztfg-ztfr  True O94 0 58677.16268258007 0.43979542200728344 37.51534998773952 0.12101910775887899 0.9117866790321761 0.07568801491112076 0.030946719230713814 0.07838101256230348 0.765 0.761 0.791 0.796
c-o-ztfg-ztfr  True F19 6 58677.16370417193 0.41851321373586786 37.56587322723556 0.11277528900909972 0.9243846693709951 0.06739738258473474 -0.03194894930447455 0.07097426637134356 0.699 0.696 0.864 0.867
c-o-ztfr  True F19 6 58676.976626198644 0.5867083911832068 37.958721679698 0.178702893035881 0.7893945153941466 0.09225203917150013 -0.44550183566451235 0.1749833261766303 0.437 0.436 0.981 0.981
c-ztfg-ztfr  True F19 6 58677.462335907934 0.41739193961707693 37.58921300837774 0.0993841548004598 1.188824161354366 0.052690166454829254 0.10331266548281096 0.07136425371182172 0.337 0.332 0.971 0.973
J-c-o 1D3 True F19 6 58676.56786409141 0.595083511573884 37.461429277638224 0.11886649930235092 0.8159518788959823 0.10745273392630027 -0.00786661948123733 0.09112129834224397 0.839 0.826 0.641 0.657
J-c-o-ztfg 1D3 True F19 6 58676.76284260386 0.41705671487809937 37.581508702730304 0.09425382169855559 0.9190120321951658 0.06241616047796487 -0.033507659334326874 0.06545733022766177 0.781 0.759 0.759 0.787
J-c-o-ztfg-ztfr 1D3 True F19 6 58676.82885605977 0.4171862728446982 37.558339909365976 0.0956243418639318 0.9142407820144446 0.06315489161160003 -0.036728450701145575 0.06583330556206798 0.799 0.78 0.764 0.789
J-c-o-ztfr 1D3 True F19 6 58676.64375273968 0.4851283462101666 37.47274490048033 0.10502324690685966 0.8322387617296447 0.08076082501180691 -0.035357844337891214 0.073987201011736 0.693 0.681 0.852 0.863
J-c-ztfg-ztfr 1D3 True F19 6 58676.921402578766 0.436637478046755 37.60518913794568 0.08924890986547374 1.0019500901731677 0.05987635187711089 -0.011047793007164469 0.06477078391588555 0.88 0.842 0.574 0.615
J-o-ztfg-ztfr 1D3 True F19 6 58676.85292925293 0.39188113660271995 37.52550983689659 0.0888388091039651 0.9160160110361979 0.053336512307372276 0.003590459965780086 0.0637602921642982 0.602 0.59 0.944 0.951
J-ztfg-ztfr 1D3 True F19 6 58676.90624563617 0.38375759106549945 37.54930380496667 0.08404173117611119 0.9702573277978008 0.046728752202667985 0.019907454611544917 0.06232555786822339 0.419 0.392 0.949 0.96
o-ztfg-ztfr  True F19 6 58677.055476143745 0.4092539137845331 37.630569575091144 0.1070178463958226 0.9576202585397603 0.06293914669055917 -0.02733643117018308 0.06845286052908466 0.539 0.536 0.964 0.965
ztfg-ztfr  True O94 0 58677.03141112645 0.3656842425703294 37.55267542716751 0.0937931319217093 1.0935090227656181 0.054511171307036255 0.11124781249364173 0.06233345750424784 0.108 0.107 0.999 0.999
ztfg-ztfr  True F19 6 58677.031790308516 0.3607091699321469 37.60381574925896 0.08713851618667172 1.0936043745958293 0.050587919434216186 0.06523008852650519 0.06265219497454329 0.108 0.107 0.999 0.999