bps_used variant success reddening_law calibration DM e_DM st e_st Tmax e_Tmax dm15 e_dm15 EBVhost e_EBVhost rchi2_data rchi2_data_model fitprob_data fitprob_data_model
c-o  True O94 0 35.58308994160843 0.8063694700560373 0.3161211281678166 0.10883379167965844 58876.44087378735 1.7498953342766312 None None 0.3611927130352673 0.3187937909158068 2.617 2.577 0.049 0.052
c-o  True F19 6 36.01019009790279 0.6451982968391875 0.3161389233386321 0.10885559003515625 58876.441064986095 1.7501612200439216 None None 0.6347873949358421 0.4106580050447243 2.618 2.578 0.049 0.052
c-o-ztfg  True F19 6 36.308562305512176 0.2666999925200195 0.3900715933069693 0.06421084722279807 58877.75464087499 0.5997673170087738 None None 0.4208481113576383 0.11290372307884666 2.698 2.647 0.001 0.001
c-o-ztfg-ztfr  True O94 0 36.13433990107334 0.15502560945039864 0.43576477295164223 0.04458089087814989 58878.09775124741 0.5341631789643839 None None 0.19593710979222034 0.08491556355983472 2.045 1.97 0.001 0.001
c-o-ztfg-ztfr  True F19 6 36.36359699621341 0.1658543617506093 0.4505764430673136 0.04348365605919937 58878.24751842637 0.5057011813455456 None None 0.41792749565973836 0.08022409073352806 1.739 1.67 0.009 0.015
c-o-ztfr  True F19 6 36.458257873507016 0.19595771397960046 0.4464675240165405 0.04574616649492446 58878.14516571871 0.5800488831186645 None None 0.3265829246422521 0.13000539143675838 1.295 1.23 0.164 0.213
c-ztfg-ztfr  True F19 6 36.378773796534965 0.17785525091557336 0.5006511518294845 0.05123522629502882 58878.952291321286 0.5675258546381331 None None 0.43844756564780424 0.08471854278627519 1.874 1.82 0.009 0.012
J-c-o 1D3 True O94 0 36.70214589105834 0.11013662226309506 0.47608711628922923 0.05242741345166115 58879.092216368226 0.6690845765460398 None None -0.07825445168986954 0.11236737618351457 2.47 2.186 0.006 0.016
J-c-o 1D3 True F19 6 36.332255110187816 0.13786614552223544 0.37267596321925 0.04260840023868844 58877.692231307476 0.6257159854949652 None None 0.4151160565534026 0.07274060858186951 2.183 1.859 0.033 0.072
J-c-o-ztfg 1D3 True F19 6 36.3788915387288 0.1526609696258134 0.3987821141529982 0.0452098571722043 58877.89508419581 0.576413783436231 None None 0.3957417454848952 0.06672597133746624 2.589 2.498 0.0 0.001
J-c-o-ztfg-ztfr 1D3 True O94 0 36.61584748879733 0.10223306005947444 0.5211354351414252 0.044191363344838065 58879.27186194439 0.48501139663765974 None None 0.07793703435867559 0.09119262402963076 2.925 2.611 0.0 0.0
J-c-o-ztfg-ztfr 1D3 True O94 1 36.59632772849668 0.10324124899617232 0.5113851505021841 0.045439826868797 58879.18443207296 0.5013730178764011 None None 0.06479442635637389 0.08978120696660444 2.966 2.678 0.0 0.0
J-c-o-ztfg-ztfr 1D3 True O94 2 36.3313044805007 0.11282171368837506 0.4517040838316625 0.04607069098722604 58878.51814586456 0.5682061269391294 None None 0.11029904148848635 0.08825410714328423 3.255 3.024 0.0 0.0
J-c-o-ztfg-ztfr 1D3 True O94 3 36.61946061925102 0.10306881097624414 0.5234600719286887 0.04443369867008667 58879.29217385815 0.4841128826211472 None None 0.07944852865233772 0.08620705910159653 2.853 2.541 0.0 0.0
J-c-o-ztfg-ztfr 1D3 True O94 4 36.60697824173123 0.10331362774201293 0.5139569276346887 0.04505528186744014 58879.20694222509 0.4957731717377091 None None 0.07246572223489037 0.08722287529421564 2.893 2.603 0.0 0.0
J-c-o-ztfg-ztfr 1D3 True O94 5 36.240610307210595 0.11572032835015031 0.4302253234761087 0.046046378822371795 58878.11177641183 0.5870205872676756 None None 0.09303011808520155 0.08658091255680746 3.606 3.33 0.0 0.0
J-c-o-ztfg-ztfr 1D3 True F19 6 36.46651431485762 0.1307275026696178 0.4629639285366286 0.04095733633775672 58878.60362614664 0.49179725383983114 None None 0.35812959200852545 0.06461566347882355 2.069 1.868 0.0 0.002
J-c-o-ztfg-ztfr 1D3 True O94 6 36.40999998717295 0.13735913059522992 0.45241411473472914 0.041791475095343075 58878.477081437195 0.5112179047863357 None None 0.3945809832355293 0.06618742571168823 2.039 1.847 0.001 0.003
J-c-o-ztfg-ztfr 1D3 True O94 7 36.659201391894605 0.11374613276935996 0.4937974203332724 0.03912456702754129 58879.02792572592 0.44677304841540855 None None 0.2604034436748245 0.06508558871617186 1.843 1.664 0.003 0.012
J-c-o-ztfg-ztfr 1D3 True O94 8 36.70319176120125 0.12907139423950761 0.46574965826286774 0.03749363618253559 58878.587041182094 0.4497533949623754 None None 0.389975597639642 0.06621346860489066 1.82 1.585 0.003 0.02
J-c-o-ztfg-ztfr 1D3 True O94 9 36.68237126232649 0.11269887035090181 0.49972511937562 0.0389540571465547 58879.08878294761 0.44334005220817585 None None 0.2549045151969386 0.06568161382692687 1.873 1.681 0.002 0.01
J-c-o-ztfg-ztfr 1D3 True O94 10 36.610041582730325 0.1175952646624967 None None 58878.687331207315 0.38999496112725796 1.8698850868902295 0.06099743979815272 -0.1830416585060054 0.0630552684522072 1.344 0.968 0.087 0.52
J-c-o-ztfg-ztfr 1D3 True O94 11 36.580227325521605 0.11662192701685367 None None 58878.68748933192 0.388542350771614 1.8677425931235498 0.060932909525270994 -0.1694178429311501 0.06283958622215288 1.244 0.932 0.155 0.581
J-c-o-ztfg-ztfr 1D3 True O94 12 35.601899284095126 0.1929450436488749 None None 58879.58059924617 0.5178953602224671 1.9503082529307532 0.06320569410914219 0.21648731590526216 0.08992550616210213 13.217 5.357 0.0 0.0
J-c-o-ztfg-ztfr 1D3 True O94 13 36.652445105801455 0.11426864344179674 None None 58878.666519571634 0.39195816814887985 1.8695569075484002 0.06103611245626393 -0.10644347717242414 0.06277362392187108 1.349 1.007 0.084 0.457
J-c-o-ztfg-ztfr 1D3 True O94 14 35.88536778682285 0.18100339182603467 None None 58879.44782116687 0.5081148806765384 1.9676103761093438 0.06278501306154487 0.27353314846477894 0.09134073235220634 12.724 4.859 0.0 0.0
J-c-o-ztfg-ztfr 1D3 True O94 15 35.57246444888678 0.20633874537947125 None None 58879.616598928405 0.5178057919218322 1.9390406402435605 0.06359854648333498 0.2544627277896039 0.08880802101727539 13.254 5.449 0.0 0.0
J-c-o-ztfr 1D3 True F19 6 36.47009790671461 0.11782144515862973 0.43878179233510844 0.03942020115789115 58878.31336879597 0.4992096459199286 None None 0.3026421677679828 0.06637871657174062 1.716 1.374 0.016 0.105
J-c-ztfg-ztfr 1D3 True F19 6 36.47137215598427 0.13270465493643313 0.4847491706927681 0.04428339478377617 58879.00694443789 0.5032046081119992 None None 0.3633339319709396 0.06414440927799846 1.716 1.603 0.018 0.034
J-o-ztfg-ztfr 1D3 True F19 6 36.476297962043574 0.12595134789900944 0.44937815074395726 0.03864175246124371 58878.45695996163 0.47398323450164337 None None 0.3271460788204583 0.063607637964184 1.614 1.292 0.021 0.138
J-ztfg-ztfr 1D3 True O94 0 36.6935440539957 0.09860034874169078 0.5272239106802129 0.0429977029815566 58879.45929263994 0.4670808659830702 None None -0.012621455649479196 0.08876626370053589 1.848 1.408 0.012 0.106
J-ztfg-ztfr 1D3 True F19 6 36.478757153861096 0.1260044368233879 0.46430005247154454 0.038182613670360084 58878.80185309458 0.4479072732343987 None None 0.3297949791068183 0.06250708683878099 1.078 0.842 0.365 0.663
o-ztfg-ztfr  True F19 6 36.41666204199338 0.15132971991607075 0.4578835906527763 0.04100624339168584 58878.35430222626 0.47961560174360385 None None 0.37894961322818005 0.07476938698346737 1.168 1.104 0.256 0.327
ztfg-ztfr  True O94 0 36.43684903813683 0.10919228761044035 0.4893671480173942 0.03613718272114428 58878.596663929864 0.4096190519725953 None None 0.07140370242799586 0.06869834993250314 0.404 0.386 0.988 0.991
ztfg-ztfr  True F19 6 36.40836080568855 0.14096914626010373 0.48925379185328377 0.036137144059600584 58878.59542830041 0.4096502969033018 None None 0.4044621915078651 0.06646858970904776 0.404 0.386 0.988 0.991