bps_used variant success reddening_law t0 e_t0 x0_mag e_x0_mag x1 e_x1 c e_c rchi2_data rchi2_data_model fitprob_data fitprob_data_model
c  True F99 58878.980048080644 1.2596397826477401 9.467294456738248 2.0686466934248786 -2.817216345430945 1.2741888986379666 0.8925774480378867 2.4205907153146042 -1 -1 -1 -1
c-o  True F19 58880.363479008505 0.49554930648190193 7.510667953747585 0.1381517735109138 -2.4294021093749043 0.5364110930967887 -0.19431498639027803 0.10177555359597248 2.636 2.235 0.001 0.006
c-o  True F99 58880.38802043411 0.44659009531032434 8.510944712965195 0.125870230473159 -2.42832067125385 0.48852336668456964 -0.22979681323357437 0.09296934439601102 2.432 2.396 0.003 0.003
c-o-ztfg  True F19 58879.0675514554 0.2778388770565603 7.9095929812171 0.05385565580954724 -3.53551977580586 0.385510505493601 0.07683409932594033 0.0554910417716762 3.014 2.442 0.0 0.0
c-o-ztfg  True F99 58879.08336166442 0.2504581371256375 8.908160419852331 0.05136954493335526 -3.608619486169628 0.34756076073103914 0.02946817746997564 0.05100862303369455 2.731 2.644 0.0 0.0
c-o-ztfg-ztfr  True F19 58879.63488516154 0.2288465199451206 7.81143846634775 0.05245336887633739 -3.4575693823639084 0.3469816925401712 0.1355217962157652 0.04234352700654617 2.811 2.032 0.0 0.0
c-o-ztfg-ztfr  True F99 58879.706517176965 0.2035616283477248 7.79729841016088 0.050009967187434834 -3.4855885272834426 0.3098264339108226 0.11310072513139026 0.03992910993227182 2.791 2.618 0.0 0.0
c-o-ztfr  True F19 58880.743788513304 0.3113962864444316 7.446111904466297 0.12296832269998609 -2.475763099267546 0.429168916779518 -0.1583238772249553 0.08867469545209541 2.234 1.705 0.0 0.011
c-o-ztfr  True F99 58880.7433232062 0.27607658069002045 8.45154444921695 0.11100848079018803 -2.457402474299169 0.38397875688138355 -0.1916731456519221 0.08029034691317154 1.903 1.816 0.003 0.005
c-ztfg  True F99 58878.68389390485 0.27455615337659667 9.113740451203846 0.09298688917591051 -3.8094060666842813 0.3861985502474889 0.5157177451659867 0.18179824646055315 1.209 1.191 0.294 0.304
c-ztfg-ztfr  True F19 58879.48614500563 0.2512480344424928 7.944211639007655 0.05633010497971187 -3.4232709255490645 0.3930071975593304 0.21733630775230822 0.04810957909063467 2.837 2.185 0.0 0.001
c-ztfg-ztfr  True F99 58879.58768698857 0.2254817090393009 7.846265079171079 0.054257407096904624 -3.4242085891879253 0.35383204706389765 0.18178987953857775 0.04597710784409219 2.42 2.326 0.0 0.0
c-ztfr  True F99 58880.87145163201 0.31326330958162335 8.598445734773886 0.13646594654880187 -1.984399520880534 0.4640581393971331 -0.06314255003003345 0.10131488789324125 1.131 1.107 0.321 0.343
J 1D3 False F99 58878.40459194321 -1 770.3773415418739 0.20949362574630068 -23.70795996966872 -1 253.69078963223325 0.060467519975129565 None None None None
J-c 1D3 True F99 58881.58411438745 0.13536729377597606 7.6990369604161994 0.14024500866395578 -1.018691906445314 0.6954851073787789 0.18563110093537297 0.05366557591844577 7.486 7.04 0.0 0.0
J-c-o 1D3 True F99 58881.51815555473 0.1383931968279587 7.960530970439129 0.10800374750632577 -1.1305880672505753 0.4812078264618346 0.23780008196244729 0.05250398023624847 9.341 5.512 0.0 0.0
J-c-o-ztfg 1D3 True F99 58881.122242739206 0.1222416344722721 7.93967745040229 0.054406614570791816 -2.1726486421574673 0.34978598538495004 0.23679379636698222 0.032278777903377846 9.89 7.033 0.0 0.0
J-c-o-ztfg-ztfr 1D3 True F19 58879.965180124374 0.21295432684757098 7.8590273008662255 0.04754936104339572 -3.1819746262841173 0.3444699425613348 0.19077445577836571 0.032899488328057266 12.197 2.386 0.0 0.0
J-c-o-ztfg-ztfr 1D3 True F99 58879.96647329343 0.212962801356575 7.950734557333018 0.047650138853544084 -3.1787419742253737 0.3446414423952719 0.2143961312649726 0.03297106416838238 13.072 2.612 0.0 0.0
J-c-o-ztfg-ztfr 1D3 True O94 58879.96712751808 0.21287971646119216 7.950751806098198 0.04764080203116216 -3.178417914773094 0.34457041134733174 0.21440362348650355 0.03295903443074174 13.174 2.632 0.0 0.0
J-c-o-ztfr 1D3 True F99 58881.44382887661 0.12436010051773264 7.881170876592423 0.07720828954277954 -1.5006652364132758 0.3495061123013619 0.21204863483196693 0.045904108267226705 5.317 3.298 0.0 0.0
J-c-ztfg 1D3 True F99 58881.15658337178 0.11419731808260027 7.916988453823894 0.057276522238507106 -2.0282349306250937 0.40972193700645576 0.27449448476417593 0.03171420900298571 11.97 11.387 0.0 0.0
J-c-ztfg-ztfr 1D3 True F99 58881.142669842 0.110091475147022 7.926790341725075 0.049400003869425765 -2.0394673201728137 0.33321286129367017 0.2690083446886876 0.0310641932763226 5.408 5.1 0.0 0.0
J-c-ztfr 1D3 True F99 58881.51326348995 0.12577485548969772 7.8697548312136245 0.07734394693407036 -1.048402694021791 0.4136634867408166 0.22775275742195733 0.04438206915488581 3.339 2.489 0.0 0.0
J-o 1D3 True F99 58881.53131587249 0.12924165763349116 8.37993582091733 0.145546877468706 -2.5148259812872293 0.6549543972505415 0.43447104514006496 0.0650584467160631 4.271 4.098 0.0 0.0
J-o-ztfg 1D3 True F99 58881.16474147311 0.12477290805355905 7.955716899007222 0.05879315855383166 -2.8785425480122218 0.39290187165401697 0.24666750908526683 0.03357944153574386 10.356 6.805 0.0 0.0
J-o-ztfg-ztfr 1D3 True F99 58881.12362544458 0.11460085191796456 7.933503667126951 0.051110848385358336 -2.747717355489763 0.3272824850037747 0.25244669368257844 0.0320148589097916 5.497 4.358 0.0 0.0
J-o-ztfr 1D3 True F99 58881.457995295845 0.12246705065938304 8.000905938361603 0.08316723958127001 -2.154860737315315 0.4121579648761 0.2875039978951188 0.04811252593661646 3.418 2.915 0.0 0.0
J-ztfg 1D3 True F99 58880.966464665034 0.21120628089200588 7.885305153756423 0.060765393424749514 -3.249044997168879 0.487451360770862 0.26603974819384063 0.032037455581454474 16.743 14.481 0.0 0.0
J-ztfg-ztfr 1D3 True F99 58881.159051204246 0.11202133905889167 7.92911281528625 0.05191737474151975 -2.649856614436805 0.3764139950023489 0.27552646922927104 0.031910165827353024 5.259 4.949 0.0 0.0
J-ztfr 1D3 True F99 58881.53189575578 0.12389530770509857 7.953662799773408 0.08406658300534493 -1.6907400563003465 0.5336299118593721 0.2816546904720078 0.04722020434244369 2.265 2.163 0.004 0.007
o  True F99 58880.14688384235 0.5471743981503813 5.173182214350827 2.0459286411909763 -3.422402895267262 0.7231234799288424 -2.594222755682898 1.5906764398464395 2.515 2.351 0.007 0.012
o-ztfg  True F99 58879.260457868295 0.2618207681058556 8.906479119657744 0.05530823390705578 -4.182358253618434 0.39679867106057526 0.027426034934143438 0.05277935348450114 2.414 2.29 0.001 0.002
o-ztfg-ztfr  True F19 58879.713110340934 0.23914014111957102 7.898826122684203 0.05622594263215931 -4.084537187502429 0.4059189512244535 0.16519402941015757 0.044512361607120694 2.874 1.961 0.0 0.001
o-ztfg-ztfr  True F99 58879.78289173235 0.2063139399583037 8.900945480291554 0.05385167664910696 -4.030617338728378 0.350859165509245 0.12397037183340821 0.04194802825954065 2.548 2.349 0.0 0.0
o-ztfr  True F99 58880.50430291201 0.30914884968145134 6.556772475861308 0.943995574355487 -3.0059553296404937 0.5526132359285809 -1.5734191893970806 0.7199002177826801 1.543 1.502 0.043 0.054
ztfg  True F99 58879.57297104971 0.476481368861032 8.982471027501052 0.6709694441615666 -3.1727454507468513 0.7625135152359946 -3.005811987636931 2.2206339140567204 0.782 0.771 0.504 0.51
ztfg-ztfr  True F19 58879.53607436211 0.27612382555402565 7.927228111293303 0.059551066560461316 -4.200060616051128 0.482859215298653 0.2131386767311716 0.0498193140691604 2.567 1.798 0.0 0.02
ztfg-ztfr  True F99 58879.64937598033 0.2305986162984002 8.93447181586954 0.05768339177495682 -4.146045582913684 0.41530395445093965 0.18249450816392357 0.04762155313569519 2.058 1.969 0.005 0.008
ztfr  True F99 58880.76143681336 0.47889314419328105 6.944051527895541 3.384770242410401 -2.460106470575578 0.7470824066828992 -1.288164854733278 2.588190215782445 1.145 1.111 0.32 0.347