bps_used variant success reddening_law t0 e_t0 x0_mag e_x0_mag x1 e_x1 c e_c rchi2_data rchi2_data_model fitprob_data fitprob_data_model
c  True F99 58676.2243218901 1.099678645236421 7.380960728390798 0.31144531895739225 -0.7480188372094444 0.798011796812041 -1.9098571706286933 1.3824233222973423 0.127 0.124 0.986 0.987
c-o  True F19 58674.54809636696 0.33239016619043016 7.153993384121465 0.1380597603796428 -1.9859797542454656 0.34808803034956076 -0.06382615635814105 0.09971965328790983 0.672 0.472 0.899 0.991
c-o  True F99 58674.57388239287 0.29492212556526626 8.172499711531044 0.12314708988827432 -1.9544007380588782 0.3153350112868746 -0.08552558855771812 0.08903128887014514 0.431 0.422 0.996 0.996
c-o-ztfg  True F19 58674.37059910607 0.21142535763638198 7.223687364553603 0.041824202991735025 -2.0922778583927886 0.22945849545575972 -0.010405398749355118 0.03935368175646167 0.775 0.539 0.831 0.989
c-o-ztfg  True F99 58674.382854816955 0.19240893073852877 8.241012341407652 0.039932723848046005 -2.1146774516425553 0.20041582411386688 -0.030899941004556848 0.036900453634862114 0.404 0.392 0.999 1.0
c-o-ztfg-ztfr  True F19 58674.2450555868 0.1679322962288658 7.128797835754383 0.04032698292775357 -2.2668345030743327 0.19506240215021772 -0.04280801731316333 0.03359088283533376 0.486 0.335 0.999 1.0
c-o-ztfg-ztfr  True F99 58674.23742322355 0.14387662430538747 7.12257830847165 0.03817798616951735 -2.315086955710043 0.16170715494242344 -0.04911750282943374 0.03148126741516008 0.484 0.464 0.999 1.0
c-o-ztfr  True F19 58674.252243652314 0.2216288225284428 7.138691557332665 0.12163818144959687 -2.341982529970231 0.258318401433446 -0.072830660036772 0.08841374147360592 0.834 0.532 0.765 0.994
c-o-ztfr  True F99 58674.24326224178 0.17994343023542572 8.14313663559142 0.10492945522764925 -2.3824901112731967 0.2141104053412038 -0.10513004579561333 0.07641036835293001 0.535 0.511 0.994 0.996
c-ztfg  True F99 58674.350710497456 0.20497753285433157 8.27407667112595 0.05573640562702498 -2.1609793215660806 0.23089441513937273 0.06953884872330197 0.1288730345286623 0.291 0.284 0.995 0.996
c-ztfg-ztfr  True F19 58674.2252237369 0.175154488620043 7.2103081516212795 0.04147534742898466 -2.2490684904767058 0.20966162434925067 -0.025985566421696856 0.038823425160575464 1.055 0.689 0.385 0.889
c-ztfg-ztfr  True F99 58674.210181842995 0.1499769609447888 8.222259148571101 0.03908381553700642 -2.308992714379806 0.1714440611109389 -0.05418561705730468 0.03606033300313474 0.505 0.484 0.986 0.99
c-ztfr  True F99 58674.20791869228 0.19587870513309819 8.142252394011022 0.11593098388980186 -2.378441983682634 0.24046869291457923 -0.11328574916180617 0.0881076351033401 0.618 0.595 0.896 0.913
J 1D3 True F99 58673.36774741223 7.805578667835914 5.4159960095080795 65.48085901328031 -18.176552861637717 17.751027448704257 -0.4854172576212543 23.013415319460417 -1 -1 -1 -1
J-c 1D3 True F99 58674.43837702696 0.2992506553005909 7.16724610913886 0.11790154146968611 -1.7551536470499145 0.45848569669152067 -0.029084414349115524 0.05017692009273579 0.351 0.346 0.946 0.948
J-c-o 1D3 True F99 58674.50331112038 0.24746189812211317 7.1516703537746755 0.07619785127157176 -1.9075241279200812 0.3053236626757515 -0.022694448623719672 0.04360363884862094 0.44 0.411 0.997 0.998
J-c-o-ztfg 1D3 True F99 58674.36727226555 0.18089815211138383 7.138195526938297 0.03581114324730054 -2.1252251831809548 0.19622030115011613 -0.03451324253432657 0.02606489515909138 0.4 0.388 1.0 1.0
J-c-o-ztfg-ztfr 1D3 True F19 58674.247728410555 0.16599161164243478 7.138879278884159 0.03727381111996908 -2.261944114295523 0.19478304795085224 -0.031161150413156268 0.027988270148284262 0.516 0.325 0.999 1.0
J-c-o-ztfg-ztfr 1D3 True F99 58674.24715531246 0.16597075242496595 7.22024496842695 0.03733192317702168 -2.2621088857569065 0.19477478886319596 -0.010631440135137397 0.028034358582974758 0.868 0.528 0.741 0.998
J-c-o-ztfg-ztfr 1D3 True O94 58674.2471345632 0.16592772764780378 7.220245495178904 0.03732465948321492 -2.2621989397253426 0.19472843805800374 -0.010630684658050622 0.02802479688918152 0.905 0.546 0.67 0.997
J-c-o-ztfr 1D3 True F99 58674.21007053774 0.16705286317002757 7.107451773896356 0.06486095306910938 -2.356823675934491 0.21181035040378132 -0.055588977331129885 0.04176877862618042 0.547 0.511 0.994 0.997
J-c-ztfg 1D3 True F99 58674.34049850459 0.19376165206892657 7.141764899886582 0.037165112041465956 -2.1043093758758005 0.21507987325277234 -0.03165334687607453 0.029634132336426654 0.345 0.329 0.994 0.996
J-c-ztfg-ztfr 1D3 True F99 58674.21038445404 0.14514361098749587 7.128943558510347 0.034763438025261974 -2.3101556208996925 0.17045558559235643 -0.045051314533854504 0.02622349870761382 0.501 0.472 0.991 0.994
J-c-ztfr 1D3 True F99 58674.166392208455 0.1781660750474914 7.118592678317191 0.06833405841739912 -2.3455568202076713 0.23916990583084158 -0.05090181664222486 0.04268896362460744 0.636 0.586 0.902 0.936
J-o 1D3 True F99 58674.386229610674 0.3697692670832207 7.1248513799886 0.1059879822194758 -2.3103004428690834 0.47168008507985265 -0.04114713796845064 0.05768248730948783 0.498 0.485 0.972 0.976
J-o-ztfg 1D3 True F99 58674.35484121837 0.21985135322649782 7.1374447418737175 0.038103686172146246 -2.2662622161161905 0.22222554434750352 -0.035005066563053897 0.026565391171425902 0.399 0.389 0.999 0.999
J-o-ztfg-ztfr 1D3 True F99 58674.21534594022 0.15490614766634248 7.127086302243982 0.03605822321911341 -2.4555909684424817 0.17512406122030785 -0.042585912982765387 0.025669639541668062 0.453 0.433 0.999 1.0
J-o-ztfr 1D3 True F99 58674.18353557419 0.18934649674517887 7.183906038048062 0.07992615147462846 -2.6631576915028714 0.2569679755071851 0.0017989364314901755 0.049928769235646334 0.473 0.453 0.997 0.998
J-ztfg 1D3 True F99 58674.31097741444 0.24405480922678843 7.1383315086040895 0.03979968509321543 -2.265520978034015 0.2470196615158512 -0.035331705623595604 0.030009761780725702 0.301 0.296 0.966 0.968
J-ztfg-ztfr 1D3 True F99 58674.2124579197 0.16296484660298582 7.138864158778549 0.03675557641182948 -2.4609954557661995 0.1884052704768045 -0.029932369053916705 0.02689583585515085 0.551 0.448 0.955 0.988
J-ztfr 1D3 True F99 58674.101922298316 0.20209478991287277 7.1312054817820805 0.08417035195936276 -2.8076380355430075 0.31014513838853985 -0.03454734726126176 0.05087507899062167 0.48 0.459 0.937 0.947
o  True F99 58673.679975182196 0.8245630827728351 2.4360043229144015 4.296004698070937 -2.499038334520171 0.6626012132355709 -4.490832789706159 3.6645103318423815 0.389 0.38 0.992 0.993
o-ztfg  True F99 58674.37926643856 0.24161864120013055 8.23957073861191 0.04230921956244086 -2.2527888524430457 0.22853277149160048 -0.0331054830879105 0.03753711374982933 0.405 0.395 0.997 0.998
o-ztfg-ztfr  True F19 58674.212698944255 0.19107454890283487 7.206361965230729 0.04227944742860102 -2.4177219527362475 0.21871007977956547 -0.023538401428740932 0.0345097363500943 0.887 0.562 0.676 0.989
o-ztfg-ztfr  True F99 58674.21413930878 0.16087008523029653 8.222913447074204 0.04038131890794048 -2.4558311169714955 0.17604924420615053 -0.04717606353131421 0.032551857167280304 0.459 0.441 0.999 0.999
o-ztfr  True F99 58674.13643240717 0.20005759992029995 8.16648648866218 0.4545092075229899 -2.6835626495273117 0.25669220501202666 -0.08126880073968792 0.3227305208854978 0.482 0.46 0.995 0.997
ztfg  True F99 58673.86509342954 0.4040800234265109 9.218057366398988 1.845457764757366 -2.694150536318036 0.43024034174704456 2.339061061609717 3.3346492725724204 0.093 0.09 0.993 0.994
ztfg-ztfr  True F19 58674.187005727654 0.20193483120260078 7.204957848101147 0.04315288815326321 -2.421292093873639 0.2399169886633003 -0.027620196471934602 0.03958378188304809 1.181 0.736 0.263 0.784
ztfg-ztfr  True F99 58674.18059271682 0.16949757129340406 8.219952172079214 0.04098480143711525 -2.468379117939774 0.18825697847845718 -0.05417651883137657 0.03689757315569899 0.46 0.443 0.977 0.982
ztfr  True F99 58673.908684031994 0.3093155075929396 5.182905209720259 3.273216161376916 -2.728071132931422 0.3113152369721147 -2.3774494724882054 2.619640103757005 0.428 0.409 0.934 0.943