bps_used variant success reddening_law t0 e_t0 x0_mag e_x0_mag x1 e_x1 c e_c rchi2_data rchi2_data_model fitprob_data fitprob_data_model
c  True F99 59141.45077385693 5.649119572272311 7.933405259960545 4.271861026872331 1.7598652223496318 7.551111937946361 0.016970706836154682 7.822366299548058 -1 -1 -1 -1
c-o  True F19 59140.94912909003 0.6475705264385054 7.999357482767422 0.07931946412365164 -0.6288240652001607 1.09816552349422 0.04660412463906346 0.07710559164549959 1.034 0.937 0.416 0.539
c-o  True F99 59140.951174108886 0.6304220121254037 7.882118948122307 0.07662375863082656 -0.6229394875865821 1.071770891824696 0.012648399041176268 0.07474087427957721 0.562 0.561 0.94 0.94
c-o-ztfg  True F19 59141.828409945476 0.34832517597679585 7.954044565795458 0.03478796921687599 0.0901461309689534 0.4315991308769274 -0.0008942440943015481 0.04198958784542916 1.279 1.041 0.125 0.401
c-o-ztfg  True F99 59141.82677170082 0.3420872778124893 7.838014955407344 0.0339982170965969 0.0858526205375096 0.42401260810615016 -0.033188624483838684 0.04085620151054479 0.491 0.486 0.995 0.995
c-o-ztfg-ztfr  True F19 59141.51628378808 0.25493533528894263 7.825236972207415 0.033028752031937454 -0.24230536445625167 0.3236200288680124 -0.036260478857402106 0.03150667542406701 0.492 0.465 0.999 1.0
c-o-ztfg-ztfr  True F99 59141.50011286777 0.24579210725515355 7.828452756496915 0.03229066530817733 -0.2580918752905985 0.3125222181404703 -0.040568424528949716 0.030765338671827794 0.492 0.486 0.999 0.999
c-o-ztfr  True F19 59141.08171941016 0.327781036289599 7.998668936939463 0.07797177935952555 -0.47401799083526197 0.45210460144951087 0.03972864392385518 0.06687929420513393 1.085 0.888 0.333 0.663
c-o-ztfr  True F99 59141.0775507779 0.31199896255731097 7.881472212162832 0.07536006558856953 -0.4751630395426767 0.43022807227303866 0.005804518105511203 0.06479109061792379 0.472 0.469 0.997 0.998
c-ztfg  True F99 59142.039944603384 0.3701680724745988 7.819567996929527 0.03951162358288357 0.09028512928953882 0.4495977886771333 -0.12124266245407384 0.12251032594888706 0.287 0.283 0.995 0.996
c-ztfg-ztfr  True F19 59141.6086224875 0.2781818185933527 7.940396122666893 0.033705742492481545 -0.25205555320513207 0.34317224176440614 -0.016484109930687017 0.03510156568378055 1.651 1.224 0.013 0.182
c-ztfg-ztfr  True F99 59141.59305693592 0.268336093889074 7.824201687018995 0.03288783783360051 -0.27068552651423705 0.3311969430188386 -0.04892303227085457 0.0341745056109414 0.44 0.432 0.997 0.998
c-ztfr  True F99 59141.07696656643 0.3987340170997359 7.8779163666772085 0.07860390170199805 -0.43582678162364985 0.5148449895561031 -0.000258313862240829 0.07154230660322179 0.4 0.396 0.983 0.984
J 1D3 True F99 59139.75581133521 5.556657163467652 8.676547952805063 65.8838872883565 33.31075736144652 91.80286757155444 -0.015692543508403725 24.480028653290745 -1 -1 -1 -1
J-c 1D3 True F99 59140.288189909304 0.47399880574626774 7.886141750900954 0.10027995506934148 1.7248596939763483 4.507221547972414 -0.0739385123527097 0.0450677860952417 1.097 1.088 0.334 0.337
J-c-o 1D3 True F99 59140.53998062594 0.32974665607773435 7.8234964874509885 0.05820960347061716 -0.7928380124753394 0.8384289648420347 -0.053080358584597545 0.04011451202521362 0.704 0.666 0.847 0.883
J-c-o-ztfg 1D3 True F99 59141.196098153225 0.23715319285028208 7.824430703634999 0.031351086960339516 -0.2911847807948532 0.38262948820901205 -0.05494848531565606 0.027799249340569744 0.759 0.741 0.858 0.878
J-c-o-ztfg-ztfr 1D3 True F19 59141.245432731 0.21739497195803692 7.817013440816751 0.030753180655517878 -0.3298092793167118 0.3137786654286362 -0.0481591409217815 0.025588540170873864 0.655 0.564 0.978 0.996
J-c-o-ztfg-ztfr 1D3 True F99 59141.24301530068 0.21755351931102898 7.937607482444733 0.030837598208324483 -0.3328496409021085 0.3137924545142884 -0.01780122871043082 0.02567801892429005 1.318 1.034 0.057 0.406
J-c-o-ztfg-ztfr 1D3 True O94 59141.24288162238 0.2175155443805891 7.937601198594526 0.030830475719042398 -0.33289850333983545 0.31375407018806506 -0.01780617221278379 0.025666498811911465 1.382 1.079 0.032 0.32
J-c-o-ztfr 1D3 True F99 59140.781620004636 0.25180375185973725 7.826791852778827 0.05274279625572224 -0.41586931834179164 0.4241112740456586 -0.04947446713625037 0.03933883654397956 0.605 0.574 0.977 0.986
J-c-ztfg 1D3 True F99 59141.22347339436 0.2576609832388124 7.826374379303163 0.03233116657912018 -0.2821229797858857 0.41969579210122276 -0.07024371018024822 0.03347500483945668 0.97 0.96 0.489 0.501
J-c-ztfg-ztfr 1D3 True F99 59141.19072839964 0.21517122091621607 7.820822121750217 0.030507682346674964 -0.3550767244884496 0.32193700027222616 -0.05637736884078207 0.02625307387915716 0.697 0.677 0.906 0.923
J-c-ztfr 1D3 True F99 59140.669257381 0.30605414705960754 7.832150763578886 0.05362596738683385 -0.22183776680450362 0.5146451016262353 -0.0550210280271661 0.0402331730702293 0.63 0.585 0.887 0.92
J-o 1D3 True F99 59140.51962683855 0.34522083945580684 7.696918959327437 0.13242908697351527 -1.0419977334340098 0.8414904403805524 -0.1135776148175099 0.07079864443211423 0.708 0.704 0.823 0.826
J-o-ztfg 1D3 True F99 59141.21168304066 0.2394279008865003 7.811339479822828 0.03514253763121509 -0.34757538256390874 0.38222682330563684 -0.057054797967984 0.027782567262184397 0.801 0.78 0.792 0.82
J-o-ztfg-ztfr 1D3 True F99 59141.185625861406 0.2026524510109769 7.808629283651692 0.032995323577264965 -0.4054118722771157 0.30141030852042056 -0.05648165067728372 0.025516524809006895 0.66 0.643 0.972 0.979
J-o-ztfr 1D3 True F99 59140.775797729664 0.26055771073169826 7.743628996326403 0.08820841973148394 -0.49856547027007686 0.4241917721513245 -0.09953778283267295 0.059384083506020424 0.587 0.583 0.978 0.98
J-ztfg 1D3 True F99 59141.24534865605 0.26207504463640136 7.8159176760686115 0.036885861536829954 -0.3372302711028381 0.42093359142274683 -0.0690861289975108 0.033264179901939736 1.134 1.126 0.321 0.328
J-ztfg-ztfr 1D3 True F99 59141.2060910963 0.21797179058410943 7.807116146122589 0.033663122946453204 -0.40190414112065365 0.3229854903579997 -0.06076226195175907 0.026674009487701426 0.731 0.71 0.861 0.882
J-ztfr 1D3 True F99 59140.6630196169 0.32302850184143383 7.763114099598601 0.09053315490052648 -0.31066531274873954 0.5227435084777079 -0.09586055063745719 0.05962915363229758 0.639 0.631 0.855 0.861
o  True F99 59141.0814368813 0.7507234097790139 8.712652916228281 3.528606537076012 -0.8119123958603052 1.2648120896858304 0.5970341018931866 2.419541096467911 0.644 0.643 0.859 0.86
o-ztfg  True F99 59141.893751515076 0.3524842345838581 7.825200843279323 0.03719542599049048 0.028861126069257326 0.4223823293496554 -0.03241933664830407 0.04044916227215206 0.485 0.484 0.994 0.994
o-ztfg-ztfr  True F19 59141.54958041823 0.2601781310245686 7.932495275737885 0.036107826678361404 -0.2857370098645827 0.3235363875929158 -0.013248111402868442 0.03213816036660329 1.196 0.949 0.163 0.576
o-ztfg-ztfr  True F99 59141.533602934476 0.25056593969065744 7.816313253421727 0.03536380947230057 -0.3001183124567344 0.31222353059073793 -0.045907451658278184 0.03140647289745591 0.495 0.491 0.999 0.999
o-ztfr  True F99 59141.124416892475 0.3322021183415204 7.955497309201553 0.47084839638592757 -0.5105534470217148 0.4371508581557901 0.06380193531728459 0.36215039662073634 0.505 0.502 0.993 0.993
ztfg  True F99 59143.9356226234 0.7999444694509985 9.484721938798316 0.728891659461312 1.554157576421757 0.8255742811666732 -3.982610699772627 0.6972203077255309 0.12 0.119 1.0 1.0
ztfg-ztfr  True F19 59141.66229490063 0.2857737932136789 7.9281573512875765 0.03664639281748251 -0.3088623644152361 0.34374994433522904 -0.020775008558123646 0.03534442804186455 1.544 1.135 0.033 0.283
ztfg-ztfr  True F99 59141.64576860195 0.27563866961144684 7.811804962155557 0.03586424112180656 -0.3265904462356419 0.3314570400961469 -0.0534032072598785 0.03445401882584727 0.435 0.431 0.996 0.996
ztfr  True F99 59141.10575727772 0.4714196707944486 7.094257959512461 3.0782600225735672 -0.40173782973642974 0.6330126479403726 -0.6268530469752684 2.4997296497592947 0.466 0.462 0.944 0.946