bps_used variant success reddening_law t0 e_t0 x0_mag e_x0_mag x1 e_x1 c e_c rchi2_data rchi2_data_model fitprob_data fitprob_data_model
c  True F99 59306.40973468413 0.881789212773959 6.252353761513777 9.030642684853193 -2.598931347975692 11.62480345386109 -0.0362193802308146 11.200980704334278 -1 -1 -1 -1
c-o  True F19 59284.13288363933 0.272639678075666 4.227117853772681 0.0974337811180627 0.9659784520620653 0.23294589151096745 0.07403456162088519 0.06476541252426614 44.186 1.747 0.0 0.065
c-o  True F99 59284.10541838352 0.0919494134024306 5.202211716023933 0.05458028875041692 0.9546749617191329 0.08703866610293583 0.027501479901432015 0.041882815469477676 3.84 2.301 0.0 0.011
c-o-ztfg  True F19 59284.002299095766 0.11246612699535355 4.218495276857677 0.03384984930240183 0.7992580952885864 0.13878220330861016 0.07638486761088165 0.027920456650027094 19.708 1.743 0.0 0.01
c-o-ztfg  True F99 59284.054931499886 0.061047388071211676 5.234052555140952 0.026782248547415604 0.8602799647591384 0.0716446361004285 0.05498775318527174 0.02380519507728024 3.867 2.021 0.0 0.001
c-o-ztfg-ztfr  True F19 59283.9987247906 0.09086561470852439 4.134603077163492 0.031158969289665085 0.797213212700294 0.11373353844017915 0.06034383935163838 0.023705130360476303 3.374 0.653 0.0 0.962
c-o-ztfg-ztfr  True F99 59284.04027032436 0.047797789049920235 4.131867523516577 0.02539062577544055 0.8410670034624654 0.060876820929378406 0.05530135267666667 0.020728987341781056 3.171 1.704 0.0 0.003
c-o-ztfr  True F19 59284.04264990773 0.1351959957005557 4.200560587771513 0.0902858685481874 0.8891207708016268 0.1477061953891818 0.06272354656465887 0.06080822761344705 17.836 1.17 0.0 0.251
c-o-ztfr  True F99 59284.062878781304 0.05935749470838028 5.189487762548723 0.05268096846814552 0.9088540421703936 0.0689575603529166 0.022018390358183114 0.03873206341425298 2.598 1.67 0.0 0.017
c-ztfg  True F99 59283.924828512114 0.09067495921865544 5.254202367098829 0.040074318679841736 0.5372112698029379 0.13545202905617035 0.14880483707525444 0.054056911360746716 2.364 1.997 0.002 0.01
c-ztfg-ztfr  True F19 59283.96877941578 0.09705006247358482 4.213436692441557 0.03338621014922358 0.6993287095346705 0.13297339477297837 0.08795312167806005 0.02894703445590002 11.284 1.559 0.0 0.023
c-ztfg-ztfr  True F99 59283.9904772597 0.05679402398923373 5.219357902609188 0.028762861146268876 0.7024480297131195 0.08673321118630252 0.06404854558608233 0.025832930875356316 2.468 1.679 0.0 0.009
c-ztfr  True F99 59284.00088535141 0.08114721663399227 5.144751452242948 0.07146569177615908 0.7844342599997924 0.118663523284646 2.8915645904370787e-05 0.054688734800628316 2.25 1.821 0.004 0.026
J 1D3 False F99 59280.996149748506 1.7114131733390765 2.8793330139214994 102.51575676872478 -20.841393548912837 18.549470275913688 -0.6670134836429789 34.68264966386362 None None None None
J-c 1D3 True F99 59282.99637018758 0.09115556988116931 4.109379461754683 0.17542400391760973 1.7107647644893589 0.8863075712047874 -0.014192354260297378 0.060834369535898616 12.588 8.606 0.0 0.0
J-c-o 1D3 True F99 59283.81593135705 0.05497405014580929 4.011535162339932 0.03894592549779661 0.766079956055193 0.07317026900933464 -0.024112237684501627 0.02648838820072641 29.268 13.13 0.0 0.0
J-c-o 2D True F99 59283.8365736976 0.05561252884891544 4.007358881125414 0.03894790812001096 0.768827144937833 0.07334928023864315 -0.028575145093423668 0.02651545698067537 27.703 12.346 0.0 0.0
J-c-o-ztfg 1D3 True F99 59283.71572669658 0.05412140342929355 4.122257308841385 0.02375761127013168 0.9614853873607484 0.07471916287444444 0.03630273189631802 0.018418460388179066 22.783 5.356 0.0 0.0
J-c-o-ztfg-ztfr 1D3 True F99 59283.81014271677 0.043984056722808654 4.113369693152646 0.022766731296244694 0.8767450744656667 0.06202401440478433 0.03596495755983525 0.01704790261486113 16.252 4.22 0.0 0.0
J-c-o-ztfg-ztfr 2D True F19 59283.99496760774 0.09031517880686049 4.122954007996817 0.029470012291427063 0.8052651288417306 0.11391071040444371 0.04730193736775469 0.02107151411567414 16.574 0.684 0.0 0.95
J-c-o-ztfg-ztfr 2D True F99 59283.99436049818 0.09031544901006919 4.209399270238137 0.02948442511740115 0.804496975931656 0.11389038140980648 0.06869882098068869 0.021081412553864278 24.349 1.304 0.0 0.081
J-c-o-ztfg-ztfr 2D True O94 59283.99439669664 0.09025968826670307 4.209409419202354 0.02947021500487703 0.8046202572078776 0.113814000200238 0.06870204019484467 0.021067069224830783 25.494 1.363 0.0 0.051
J-c-o-ztfr 1D3 True F99 59283.72995348186 0.05194481473898769 4.033252188541473 0.0384157331239567 0.9571903583011334 0.07146174941896027 -0.02059179118059267 0.025970186878036483 11.626 5.341 0.0 0.0
J-c-ztfg 1D3 True F99 59283.51855143627 0.0631289219099614 4.097956576841569 0.02874088763294133 0.8009819578015195 0.12693971058323972 0.03656738295867776 0.02288387461951345 44.045 6.615 0.0 0.0
J-c-ztfg-ztfr 1D3 True F99 59283.702241709965 0.04916539770384049 4.087126808573562 0.02483227304563926 0.7250482910915237 0.0861564089908199 0.029637297156767356 0.018977157358776583 20.801 4.541 0.0 0.0
J-c-ztfr 1D3 True F99 59283.519010169955 0.05995631411428568 3.95227378823253 0.045320738968877484 0.7026936847873559 0.11736803080421375 -0.05907075311785845 0.029268233589526176 10.977 6.723 0.0 0.0
J-o 1D3 True F99 59283.450706330565 0.07798056295435006 3.9687187903040786 0.08004190036632723 1.2403421536060386 0.10457657496911243 -0.06098491261248359 0.044339109077436836 27.856 9.301 0.0 0.0
J-o-ztfg 1D3 True F99 59283.70178710179 0.054488919055626125 4.138762340627245 0.025063178248345797 0.9274597871204627 0.07661791990286468 0.0374515667745339 0.01859500028858427 21.715 5.491 0.0 0.0
J-o-ztfg-ztfr 1D3 True F99 59283.80189403953 0.04445171950901239 4.128704653386947 0.024225358997030984 0.8548138419981947 0.06313483869658208 0.04035548418552792 0.01734509430222231 16.119 4.104 0.0 0.0
J-o-ztfr 1D3 True F99 59283.72586015625 0.05292898718994124 4.029879068183147 0.06446762042403006 0.9561398968079029 0.07312567495417277 -0.021737026584607452 0.03927767898138703 12.445 5.801 0.0 0.0
J-o-ztfr 2D True F99 59283.74130442908 0.05328081789688092 4.016192789542179 0.06465340893523942 0.9563524360639416 0.07312779605280491 -0.030756104308038323 0.039440937664477614 11.782 5.443 0.0 0.0
J-ztfg 1D3 True F99 59283.481743804616 0.06445595307339592 4.103697032492158 0.02933528462261189 0.6878218688928521 0.13174746752771502 0.008511068024689754 0.024514276510511874 14.018 6.747 0.0 0.0
J-ztfg-ztfr 1D3 True F99 59283.671087370356 0.04997928107710897 4.103876859744011 0.02587192346479313 0.6737141455635207 0.08853206900157944 0.031992790640202676 0.019152759130167805 18.834 4.623 0.0 0.0
J-ztfg-ztfr 2D True F99 59283.68540080795 0.05036898971767556 4.1016238369736655 0.025870951422166884 0.675680238981974 0.0886184410118056 0.029095405201726432 0.01917416081617882 14.147 4.357 0.0 0.0
J-ztfr 1D3 True F99 59283.51223499156 0.061998939406166305 3.966773799720271 0.07074623197387303 0.6747126671439418 0.12024631103410126 -0.05093132720646503 0.04126970162901044 12.174 7.443 0.0 0.0
o  True F99 59284.13746337039 0.0989051261674984 5.482012362433718 0.3752883335505514 0.8588030724951656 0.14784866965841098 0.20153011963683076 0.232801519460402 4.0 1.942 0.0 0.059
o-ztfg  True F99 59284.04486724391 0.0616122109140506 5.243296244897636 0.02761056122897509 0.8393059334531736 0.07326792673256652 0.052794357293108454 0.02403362382363906 2.593 1.786 0.0 0.01
o-ztfg-ztfr  True F19 59283.99328737741 0.0912612792572922 4.224181349046601 0.03147444592858474 0.7917836373148976 0.11544097694837048 0.0824058566755532 0.023759028757790877 10.479 1.218 0.0 0.162
o-ztfg-ztfr  True F99 59284.031058604436 0.04833181450462834 5.244514543082259 0.026733415086626255 0.8254065989358643 0.061874627573140675 0.059645914042449955 0.021017618609302395 2.418 1.541 0.0 0.016
o-ztfr  True F99 59284.06671752222 0.05964371769624345 5.310567733897704 0.1876409582122378 0.8803172992170512 0.07916311241023305 0.10137050656732531 0.12373689840133373 2.988 1.477 0.0 0.066
ztfg  True F99 59284.45876584815 0.1843024926349886 4.825223104948489 0.09931936742029433 1.2952443920723336 0.2973134031219621 -1.0410876882832496 0.35497944274887083 1.474 1.242 0.118 0.241
ztfg-ztfr  True F19 59283.96205765613 0.09766031452043444 4.215929295000095 0.033522748113031256 0.6932733132684641 0.13522625805293548 0.08722129719568082 0.029045034326916408 6.776 1.357 0.0 0.095
ztfg-ztfr  True F99 59283.973110064384 0.05798278728259244 5.226541452824506 0.02933445120330806 0.6723807009246319 0.0888471615584483 0.061126740780851355 0.026027546671467162 1.723 1.419 0.009 0.067
ztfr  True F99 59284.030049296256 0.09815022825999832 5.9882219348850505 1.3424294456899486 0.7010704596956736 0.16201914811100013 0.5765057314148627 0.9081247545819515 1.874 1.473 0.032 0.126