bps_used variant success reddening_law t0 e_t0 x0_mag e_x0_mag x1 e_x1 c e_c rchi2_data rchi2_data_model fitprob_data fitprob_data_model
c  True F99 58992.57777842349 1.0157945491285345 17.51839878068578 17.329608655143385 -2.2199680361746186 0.6822084798491814 8.649053000769202 13.040966859609984 0.869 0.849 0.351 0.357
c-o  True F19 58992.78470671362 0.2996844270530216 7.721422344997166 0.09722216229882266 -2.039118623938462 0.3474575632504478 0.284720306516801 0.07270326635207347 2.625 2.112 0.0 0.001
c-o  True F99 58992.78474659806 0.29968124210684827 7.721680594043217 0.09722071347321243 -2.0390030398692254 0.3474621536299745 0.28305916273008525 0.0727046689169887 2.624 2.111 0.0 0.001
c-o-ztfg  True F19 58992.16566279689 0.22588707210914655 7.886345621980387 0.04541012197540956 -2.1377711660579735 0.28589054458519764 0.3748381272615842 0.04136786384523231 2.958 2.363 0.0 0.0
c-o-ztfg  True F99 58992.22884120028 0.20653950475468524 7.827195962654585 0.04294433174995832 -2.0564575366156186 0.2529688452857885 0.33987764473675636 0.0380352650121438 2.832 2.777 0.0 0.0
c-o-ztfg-ztfr  True F19 58992.369342807884 0.1969046688658499 7.838220381040833 0.044572086435961805 -2.0383747613958167 0.26497452696505136 0.3652747290197026 0.03583425241780281 2.455 1.932 0.0 0.0
c-o-ztfg-ztfr  True F99 58992.42428769158 0.17456646572657267 7.829974436688401 0.042113154076132135 -1.98881269524216 0.22802446509332777 0.34898979190796275 0.03341455891837402 2.44 2.384 0.0 0.0
c-o-ztfr  True F19 58992.815232904155 0.2391249761485093 7.770693899730594 0.09440858455247202 -1.9845673890415656 0.31316997724326895 0.2947793926149275 0.06889001840663853 2.236 1.772 0.0 0.003
c-o-ztfr  True F99 58992.78977788636 0.20505117554661345 7.705625904716959 0.08597413994134419 -1.9661578378025533 0.27250158336025776 0.26438327328851163 0.062435211813044685 2.13 2.091 0.0 0.0
c-ztfg  True F99 58991.64983196545 0.271996241846188 7.790736976010176 0.08151926673721038 -2.453132486413193 0.36494086491389804 0.27895739776911577 0.1421695874658024 2.116 2.075 0.038 0.043
c-ztfg-ztfr  True F19 58992.14866189327 0.2408789696511169 7.894980645698142 0.05085082301726004 -2.1257195075915325 0.37087201453638 0.38450183059175225 0.04478595284677943 2.276 1.769 0.002 0.026
c-ztfg-ztfr  True F99 58992.235662148945 0.22009639660178826 7.844167690208632 0.04769603325197324 -2.0435686918754477 0.31479965804093785 0.36509252734002084 0.04162250360511958 1.956 1.897 0.01 0.014
c-ztfr  True F99 58992.8406916316 0.3338133400909179 7.789076679263471 0.10603968070905398 -1.6202992169065609 0.5099919126366121 0.3219917723747324 0.08129042232000405 1.02 0.988 0.425 0.454
J 1D3 False F99 58989.243922844915 -1.0 23.682159250775744 -1.0 -49.88168713553366 -1.0 5.806257521217206 -1.0 None None None None
J dehvils True F99 58991.84355257316 0.009753505409468153 770.7914605596789 0.0064247483963894405 -7.861005058282391 0.19773548226285886 254.1443424360645 0.022667555649725075 22.163 16.723 0.0 0.0
J-c 1D3 True F99 58994.3020995643 0.27551680018860697 7.769311072670801 0.0794077821867841 0.021413952005314367 0.5947332886629907 0.26015677987580244 0.03840270486805248 13.474 13.443 0.0 0.0
J-c dehvils True F99 58994.224750546935 0.33920361518309267 7.77432652386487 0.07983609220570831 -0.031008615440954325 0.6427423160382756 0.26568494726965414 0.03868073492239595 12.49 12.449 0.0 0.0
J-c-o 1D3 True F19 58992.79661397128 0.3023318287063351 7.710178278925439 0.07104169357231993 -2.0576289662963325 0.3481917458231732 0.27621078171452923 0.04383146628301213 6.234 2.587 0.0 0.0
J-c-o 1D3 True F99 58992.79545738289 0.302226561368053 7.76274173532614 0.07110195953111846 -2.058469373119476 0.348026757119456 0.2900144935179271 0.043865041651262426 6.273 2.63 0.0 0.0
J-c-o dehvils True F19 58992.78922523279 0.29967618204156893 7.712811120646909 0.07107478691040856 -2.06231756454473 0.34733597213618717 0.27854301461983655 0.04380928735771459 5.654 2.509 0.0 0.0
J-c-o dehvils True F99 58992.78805269693 0.2995770619778209 7.7653858850362765 0.07113525369243423 -2.063160566548787 0.3471733265153935 0.29235495979403164 0.043842801812892934 5.702 2.551 0.0 0.0
J-c-o-ztfg 1D3 True F99 58992.72767700684 0.22473396837213858 7.824980883286864 0.03672413701493167 -1.758579567150639 0.2731098179725387 0.32502101815360385 0.025101079393356422 6.12 5.96 0.0 0.0
J-c-o-ztfg dehvils True F99 58992.5564689553 0.21801063681690563 7.823445359860063 0.03672636588648488 -1.8594749275908633 0.2670821702064267 0.32804487309457014 0.025267177683519573 5.646 5.507 0.0 0.0
J-c-o-ztfg-ztfr 1D3 True F19 58992.33833233494 0.19772025456107856 7.814475886369523 0.038441288339713074 -2.076510659431202 0.26538079188933833 0.34147194318450913 0.027832936609319237 5.464 2.245 0.0 0.0
J-c-o-ztfg-ztfr 1D3 True F99 58992.33894884922 0.1977211256537714 7.866028631429229 0.03846735440394529 -2.076017573820172 0.26533969968435017 0.354529603714436 0.027851412387362343 5.486 2.331 0.0 0.0
J-c-o-ztfg-ztfr dehvils True F99 58992.63765326991 0.1815021583209007 7.816315102063678 0.035240760244741175 -1.8564242407030682 0.23699960497332606 0.33133071688198457 0.024412483214370714 4.766 4.573 0.0 0.0
J-c-o-ztfr 1D3 True F99 58993.271297189436 0.22435288284342997 7.706541161096963 0.05589795743353461 -1.5935490396192014 0.2929849925908419 0.26059407320495087 0.03565078588386653 4.921 4.837 0.0 0.0
J-c-o-ztfr dehvils True F99 58993.087830334174 0.21653633614231835 7.7133425657262435 0.056271228933010176 -1.7424714514957895 0.2855903808143804 0.26796608642890096 0.0360069267471391 4.571 4.495 0.0 0.0
J-c-ztfg 1D3 True F99 58992.98748089956 0.4549765893200091 7.862941103615869 0.04514821843617521 -1.136462897058001 0.6033430319464392 0.32616155923388074 0.028342522404892576 11.353 11.147 0.0 0.0
J-c-ztfg dehvils True F99 58992.30057581678 0.3697386941743933 7.83563972385465 0.041593857533609536 -1.8978106451872172 0.4759142032880346 0.3317694704078886 0.02866702117395318 10.021 9.791 0.0 0.0
J-c-ztfg-ztfr 1D3 True F99 58992.86810227127 0.27965083886551756 7.839465833554579 0.0380508667419265 -1.4483031092449883 0.38771405728278063 0.33847767249076505 0.0258861220390213 7.726 7.116 0.0 0.0
J-c-ztfg-ztfr dehvils True F99 58992.569272461435 0.2508379186250406 7.8290492828339255 0.037474766094758534 -1.7707690886341179 0.3485245469964438 0.33827022261642137 0.0260265628472267 6.732 6.363 0.0 0.0
J-c-ztfr 1D3 True F99 58994.030706570054 0.29240158189540516 7.7417918090086495 0.05798813667304101 -0.31759791940360793 0.4745655067630561 0.2642357059234397 0.036052228258662715 7.293 7.164 0.0 0.0
J-c-ztfr dehvils True F99 58993.79492218516 0.3971692167381424 7.745105611382615 0.058357207646385655 -0.5914359601323108 0.5805233280192953 0.2711278339082816 0.03642508914728253 6.728 6.629 0.0 0.0
J-o 1D3 True F99 58993.78027483775 0.2546909366466627 7.6546231543293555 0.10796067447004466 -1.9319296983392327 0.3430267809913457 0.2347612196309175 0.05481755156950819 6.797 6.684 0.0 0.0
J-o dehvils True F99 58993.57594015436 0.2913425589516297 7.660946203135678 0.10857094085743214 -2.0076513893556256 0.34471493976426043 0.2417260402347453 0.05533268901170001 6.408 6.301 0.0 0.0
J-o-ztfg 1D3 True F99 58992.83238232171 0.2579863189913497 7.84046362757986 0.04127083233570019 -1.759206203264182 0.28812810301756103 0.32930998144035367 0.02588636666739089 6.931 6.746 0.0 0.0
J-o-ztfg dehvils True F99 58992.59799517828 0.24952248122576592 7.834176773794553 0.04115757326152352 -1.8755117139442499 0.27993199269306124 0.33144321226119483 0.026013347617185382 6.425 6.266 0.0 0.0
J-o-ztfg-ztfr 1D3 True F99 58992.80425273189 0.201117146837029 7.8262336654879325 0.03839335196695762 -1.8112063365288518 0.24980586492450718 0.33388402705001025 0.025276955723919733 5.742 5.439 0.0 0.0
J-o-ztfg-ztfr dehvils True F99 58992.66564422332 0.19651968996102653 7.823419847206264 0.038431397165501 -1.8833705991640826 0.24551831514554673 0.3348220482370644 0.02539570323048139 5.282 5.048 0.0 0.0
J-o-ztfr 1D3 True F99 58993.414255943004 0.23926084263184522 7.672011417956634 0.07714851919600407 -1.6725104815109646 0.3113129562164246 0.24082386543158746 0.04631533933553257 5.464 5.358 0.0 0.0
J-o-ztfr dehvils True F99 58993.189883566134 0.23444983293451016 7.689074544736387 0.07776300172994383 -1.832372531005062 0.3042235542845518 0.2556651486781295 0.0468468760339396 5.073 4.973 0.0 0.0
J-ztfg 1D3 True F99 58993.62569630707 0.5108226427489282 7.918090676380457 0.054068020859127174 -0.4301075373193029 0.7469173840777107 0.32419860404375217 0.028871852995319514 16.454 16.316 0.0 0.0
J-ztfg dehvils True F99 58992.092455187114 0.4433397158078903 7.8355741056910215 0.04951466782851179 -2.0795411615755417 0.5083471627226981 0.33461256034996184 0.028946359923790715 14.762 14.37 0.0 0.0
J-ztfg-ztfr 1D3 True F99 58992.97447295055 0.3279799480362994 7.8484758074310035 0.042115309838990075 -1.392219288946678 0.4423390846240207 0.33874568784822234 0.026638870299613062 9.805 8.862 0.0 0.0
J-ztfg-ztfr dehvils True F99 58992.56858106833 0.2792761996332197 7.834169824871261 0.04112308181226475 -1.8062743156210925 0.3726482715032915 0.340311799003112 0.026767583608505646 8.311 7.847 0.0 0.0
J-ztfr 1D3 True F99 58994.22432461569 0.2939509587021929 7.6932641426848924 0.07862703169872236 -0.10772525009806766 0.5993284902783356 0.23651410134628015 0.04634439718040102 9.32 9.278 0.0 0.0
J-ztfr dehvils True F99 58994.09894402042 0.3834849591435454 7.701548535316679 0.07910645001136048 -0.25937370350536265 0.6935178237333788 0.24408480939551613 0.046868169582761215 8.671 8.622 0.0 0.0
o  True F99 58992.53191217294 0.37837980041339286 0.3792758571735518 2.8195433014494005 -2.014298402754713 0.39680715446433373 -5.213939509699729 2.380870378219928 1.874 1.852 0.012 0.013
o-ztfg  True F99 58992.15610461308 0.23565217720689888 7.828191384482253 0.047155643084921595 -2.096402426167035 0.26189849616864036 0.33948926105963084 0.03889365833371968 3.29 3.226 0.0 0.0
o-ztfg-ztfr  True F19 58992.35105523808 0.21697875462523913 7.892296798061376 0.04868213212662459 -2.0795761001665523 0.2749318366703172 0.379771013097746 0.0374310637384988 2.854 2.248 0.0 0.0
o-ztfg-ztfr  True F99 58992.418879345685 0.1890375139835567 7.835573655625116 0.04633002424545905 -2.017244206666345 0.23473682506195936 0.3523353556433748 0.03517622233613626 2.722 2.66 0.0 0.0
o-ztfr  True F99 58992.84461294493 0.22887954412614717 7.0112531397591855 0.42744292444468046 -1.915403073417678 0.31435149994056427 -0.21130330182255347 0.29991338078857255 2.306 2.222 0.0 0.0
ztfg  True F99 58992.10031297339 0.429055294448643 7.765963182157023 0.6504180743741135 -1.8590341481378991 0.7282820844486497 -3.7375631607411273 1.6568378677503297 1.138 1.113 0.32 0.329
ztfg-ztfr  True F19 58992.02707779897 0.2616664247007085 7.888057495874571 0.05448323402143471 -2.2209772765846196 0.38957962073575086 0.38015939238465135 0.045802931082584514 2.938 2.196 0.0 0.01
ztfg-ztfr  True F99 58992.15486016733 0.23993171519197948 7.841124732186033 0.051658468557924754 -2.1130192957003566 0.32786991949967936 0.36265489349426183 0.04287442896449146 2.556 2.469 0.002 0.003
ztfr  True F99 58992.74232012751 0.42927791380422264 4.0535405087264325 3.232447952183359 -1.5912109246195043 0.6776238065709789 -2.4676588144879448 2.5323176253318067 1.271 1.232 0.267 0.286