bps_used variant success reddening_law t0 e_t0 x0_mag e_x0_mag x1 e_x1 c e_c rchi2_data rchi2_data_model fitprob_data fitprob_data_model
c  True F99 59103.4827071111 2.413063974362446 8.665833750456699 2.627675133495213 0.6317267921153947 2.249302595171059 1.536085332482074 2.80759598977549 1.038 1.036 0.386 0.387
c-o  True F19 59106.07560225618 0.4914743165785334 7.646885384004014 0.07027421935283674 0.004675928602113773 0.4255849270835253 0.0980082358871282 0.057366348204814774 1.682 1.35 0.009 0.089
c-o  True F99 59106.0801775235 0.46689706344298826 7.512884609500425 0.06725628340021686 -0.014328236476842745 0.40749267281878404 0.061143888753990405 0.05495820859800961 0.852 0.848 0.705 0.712
c-o-ztfg  True F19 59106.148764263125 0.3317413585446634 7.628533313353932 0.04093208658826512 0.3097884901937997 0.300982587719115 0.07505817214388127 0.035541504621360596 1.862 1.492 0.0 0.012
c-o-ztfg  True F99 59106.143893678855 0.3189175507499218 7.495925069153477 0.039788239344122324 0.2882024418602218 0.2900517083915008 0.03987606810711525 0.03452138429850427 0.905 0.899 0.668 0.68
c-o-ztfg-ztfr  True F19 59106.340625280645 0.24764059367385255 7.489128527810424 0.03662974242574236 0.04206751018171202 0.2128741452943157 0.042208503868902646 0.03013347099892974 0.805 0.754 0.883 0.939
c-o-ztfg-ztfr  True F99 59106.370832951 0.23445204215359822 7.491022702167289 0.035471571011249904 0.0053249065257519376 0.2012277347816419 0.038717580513026234 0.0292502091265337 0.813 0.806 0.87 0.88
c-o-ztfr  True F19 59106.41524254235 0.2898111360048647 7.6560350014904825 0.067405197467885 -0.18805374670296818 0.24549414274806233 0.10687335117763655 0.0534006710016184 1.645 1.224 0.003 0.133
c-o-ztfr  True F99 59106.43564418348 0.2679654349973208 7.522289217770533 0.06450716668190795 -0.20503444436571788 0.22784158811687064 0.06973473850599123 0.05112968531415908 0.7 0.695 0.947 0.95
c-ztfg  True F99 59106.17355172112 0.4054041411416988 7.517463379579602 0.06007148428645858 0.6609539756564923 0.4001393832450499 0.04031017826911575 0.10182859930580163 1.108 1.1 0.324 0.333
c-ztfg-ztfr  True F19 59106.3909631002 0.2821979361000081 7.627765761204591 0.038360239899267644 0.13653574742220032 0.24464169106378583 0.07007111606500423 0.03589712811856173 2.22 1.692 0.0 0.003
c-ztfg-ztfr  True F99 59106.409704511745 0.2658237887075273 7.495259975754152 0.037154525411055975 0.09949241846541647 0.23095129697145986 0.03468499709033257 0.03486949878928309 0.895 0.887 0.667 0.681
c-ztfr  True F99 59106.473942396275 0.32168613339151303 7.527656269385136 0.07025308537654254 -0.15772460447720701 0.2732069695448931 0.07184214407326076 0.06304925050310299 0.747 0.739 0.8 0.809
J 1D3 True F99 59108.450828364555 5.922412585663661 -21.490478218274827 117.35405820226278 139.8516425243169 884.2694534356904 -11.340535449318466 43.31401614566271 -1 -1 -1 -1
J-c 1D3 True F99 59108.63362387836 1.159487217736077 7.594051120343548 0.06675949187418023 1.3184170586832036 1.140222542342254 0.033938228530181885 0.03978866749035936 3.89 3.812 0.0 0.0
J-c-o 1D3 True F99 59106.59529835686 0.431161412312964 7.5272352979472785 0.05077091451982534 -0.08730508172814165 0.4210592491991596 0.06659011422934528 0.03568723330568061 1.436 1.424 0.048 0.052
J-c-o-ztfg 1D3 True F99 59106.418770274206 0.3359373554182648 7.515694218326001 0.03553870559684215 0.31147214495404696 0.29623388350474167 0.05501762548223745 0.026065129746144992 1.284 1.27 0.078 0.087
J-c-o-ztfg-ztfr 1D3 True F19 59106.447010026386 0.24835443524225995 7.500696665801737 0.033898325880266686 0.043295116503586056 0.21389726649811738 0.05198895797505307 0.025752692726887013 1.077 0.917 0.306 0.677
J-c-o-ztfg-ztfr 1D3 True F99 59106.45258518106 0.24836836453020794 7.635598734982811 0.03397126484001778 0.042149039735630674 0.21387460861928734 0.08577417238895477 0.025824248850436143 1.942 1.467 0.0 0.006
J-c-o-ztfg-ztfr 1D3 True O94 59106.4527107508 0.24830820856248637 7.635598876131242 0.0339606317507744 0.04201297262898908 0.213821863782445 0.08577255125017423 0.025809981998436936 2.032 1.52 0.0 0.003
J-c-o-ztfr 1D3 True F99 59106.597807205966 0.26669856336213826 7.523254332432246 0.04888874441224924 -0.18770651248125686 0.22787670958324824 0.06673966911222634 0.03542664313745048 1.057 1.047 0.362 0.381
J-c-ztfg 1D3 True F99 59106.57470250123 0.42430177493098387 7.547261836683137 0.040424349569475264 0.7698448194662701 0.40747748446322657 0.06514917080980123 0.03299413264799753 1.783 1.765 0.007 0.008
J-c-ztfg-ztfr 1D3 True F99 59106.5957471328 0.26808619181135 7.512234671142705 0.03347466257076992 0.11833715994577737 0.23063916667938458 0.048160618771788545 0.02646025459721746 1.306 1.287 0.08 0.092
J-c-ztfr 1D3 True F99 59106.72456034278 0.33769916488712576 7.52820354416093 0.04950090883015675 -0.10969223502480416 0.26964070925953415 0.06367285250497545 0.037486498748492816 1.454 1.437 0.063 0.069
J-o 1D3 True F99 59106.94000207666 0.4674140923825938 7.479972830713695 0.1083178764649395 -0.36405554520528727 0.46870368526938866 0.040961321555343023 0.06419640968702355 1.46 1.449 0.061 0.065
J-o-ztfg 1D3 True F99 59106.532335913194 0.33902849060342316 7.506506641281618 0.04115743153496582 0.23154777602929522 0.31459583151496817 0.05106474466126171 0.026921178400281784 1.301 1.29 0.083 0.09
J-o-ztfg-ztfr 1D3 True F99 59106.56587658996 0.23913337600221996 7.494181677346133 0.03706022878353442 -0.033310552363008575 0.20774826850608405 0.04413908773736298 0.025652662952029608 1.055 1.043 0.356 0.382
J-o-ztfr 1D3 True F99 59106.68654116418 0.28110022928476236 7.504351645587356 0.0846280881131558 -0.2553877339998647 0.23590368611570992 0.05429766446869188 0.055554971079626994 1.011 1.001 0.452 0.47
J-ztfg 1D3 True F99 59106.831679789466 0.5013516043615711 7.5526606470422575 0.052344035073042326 0.7850999306896447 0.474683912176822 0.06229694504045777 0.033011700290384874 2.043 2.024 0.005 0.005
J-ztfg-ztfr 1D3 True F99 59106.66613625233 0.28465217511622737 7.505204395392125 0.038921418322372656 0.06687938470659482 0.24155681672904947 0.04406972983394979 0.02719390630710534 1.315 1.297 0.093 0.104
J-ztfr 1D3 True F99 59106.8863744292 0.3726252703848236 7.512400873502631 0.08778706863581995 -0.17858747907127126 0.28630984845080143 0.05229445138238135 0.05602182182326817 1.503 1.486 0.078 0.084
o  True F99 59106.08320632707 0.5793890488335368 6.112242624420492 2.1662318862743644 0.0691948555578967 0.6958857723687537 -0.9277864434757044 1.594091475087365 0.724 0.721 0.832 0.836
o-ztfg  True F99 59106.211166838446 0.3380392227434303 7.4832703963848415 0.04574901432131352 0.19581029655687784 0.30801309391411 0.03534334142451461 0.03557445534239045 0.866 0.862 0.721 0.728
o-ztfg-ztfr  True F19 59106.3852991973 0.25753570158000816 7.6090196226877636 0.04176130477942921 -0.029883174726071465 0.2198735154959902 0.06780758848803037 0.031754496981756454 1.664 1.261 0.001 0.08
o-ztfg-ztfr  True F99 59106.40664083116 0.2418647623801935 7.477964523119481 0.04069996228479645 -0.05130414286973138 0.20678837471560035 0.032856102132297074 0.030959710367132794 0.758 0.753 0.921 0.926
o-ztfr  True F99 59106.493223880534 0.2843222790860789 7.435621834310408 0.35805547484933953 -0.2725706716335399 0.2343046557083685 0.008785300356257623 0.2570656982753357 0.593 0.588 0.983 0.985
ztfg  True F99 59105.895261313985 0.4602270140898133 10.545215554700667 2.211656943064876 0.018762523904233414 0.4539135277302383 5.796088887559224 3.190355778224458 0.71 0.706 0.786 0.791
ztfg-ztfr  True F19 59106.43504300855 0.2964388318236117 7.616806066898322 0.04366664310735139 0.06399004527476826 0.25590118802977285 0.06623816510937992 0.036554547724585065 2.051 1.532 0.0 0.023
ztfg-ztfr  True F99 59106.458081740726 0.27958692241800026 7.485357420203638 0.0425059277260062 0.036652979971695074 0.24120638956823034 0.031016127285004344 0.0355801203034644 0.823 0.817 0.761 0.769
ztfr  True F99 59106.49748825593 0.40198020896364356 4.129840443682776 6.52169534034769 -0.028898243267822983 0.38265240977638953 -2.615315736154641 5.390551039430588 0.45 0.443 0.964 0.967