bps_used variant success reddening_law t0 e_t0 x0_mag e_x0_mag x1 e_x1 c e_c rchi2_data rchi2_data_model fitprob_data fitprob_data_model
c  True F99 58681.81106269349 2.2594043548003775 71.38938783700583 96.81454517131647 -4.382967504471691 1.679307672208538 48.5775394490549 70.046081377496 0.28 0.279 0.597 0.597
c-o  True F19 58664.777446914195 0.9281460668201825 8.175856273445604 0.5872748567551827 -0.47476916498301636 0.8497339507215418 0.43391822883691683 0.381958912751365 0.959 0.871 0.486 0.576
c-o  True F99 58664.76161272776 0.8972749580213021 8.012232161187587 0.5742958778589289 -0.44681648666563456 0.8222947370213926 0.3905889064445917 0.37369782168643056 0.596 0.594 0.847 0.849
c-o-ztfg  True F19 58664.431323634606 0.3154534929678346 7.596142505343476 0.0448805029905282 -0.0775167243678065 0.3312984737213859 0.021626622487854734 0.052619972971464014 1.973 1.428 0.001 0.055
c-o-ztfg  True F99 58664.433282974336 0.30692580699263045 7.427647500667966 0.04412722379175976 -0.06265929284219504 0.3219410400226504 -0.023716776156632258 0.050909544434318256 0.478 0.474 0.995 0.995
c-o-ztfg-ztfr  True F19 58664.39799480858 0.23662509527262493 7.426992561510024 0.040427451070266164 -0.17744853591191176 0.2369187058459658 0.031470056447356315 0.03377755246832631 0.497 0.446 0.998 1.0
c-o-ztfg-ztfr  True F99 58664.40240249503 0.22402037464851354 7.429060288887676 0.03939322382834732 -0.17610136623164444 0.22373948929807064 0.025845506118599405 0.03272954326845787 0.497 0.484 0.998 0.999
c-o-ztfr  True F19 58664.400671071824 0.33210117756654 7.773518104217091 0.31861204343315186 -0.378006356712284 0.31120985492313397 0.20929430831100093 0.23090543984875314 2.062 1.326 0.001 0.119
c-o-ztfr  True F99 58664.40004861863 0.3060799916156631 7.592279883909744 0.3081894265006996 -0.36167621536099404 0.2875072453746382 0.15425781335819827 0.22345908853117435 0.643 0.614 0.921 0.941
c-ztfg  True F99 58664.53865817606 0.35517003490445703 7.373525190074428 0.05033120944122212 0.373434388837406 0.4279031639677297 -0.47097291871745994 0.3076073556974837 0.302 0.299 0.999 0.999
c-ztfg-ztfr  True F19 58664.333323187544 0.24699604385335588 7.6014804851561495 0.04102046386042377 -0.1707924372573683 0.24575490942950143 0.08569541661814055 0.036251234740584865 2.515 1.634 0.0 0.01
c-ztfg-ztfr  True F99 58664.34297783779 0.23273820801377015 7.431967008655198 0.04000695528609253 -0.17281410969605127 0.23134374189647122 0.03989844709549782 0.03507389583211037 0.434 0.428 0.999 0.999
c-ztfr  True F99 58664.34782529861 0.3250688425543204 8.254567480709428 0.6222669580536175 -0.34104856672733924 0.29964279964911733 0.6594342776942068 0.45669318516771257 0.436 0.431 0.974 0.975
J 1D3 False F99 58663.06811109689 -1.0 7.191399337235119 -1.0 79.81371487287635 -1.0 -0.16067045512613598 -1.0 None None None None
J-c 1D3 True F99 58667.11757441597 0.16776086591347006 7.641312891609053 0.6573710276908757 -2.4772080594592936 1.765327803973817 0.29560459269043654 0.22325920931142126 50.719 32.79 0.0 0.0
J-c-o 1D3 True F99 58663.975612244525 0.5964603054993033 7.136350831643871 0.14290404327501532 -1.4168098370434856 0.6136377166467284 -0.18863305937836367 0.06848923635845243 1.589 1.485 0.068 0.101
J-c-o 2D True F99 58665.21394946867 0.4485238805942535 7.551682250726398 0.14575192913325313 -0.5291489814941797 0.6981927068967251 0.0642759742793812 0.06491950127718003 0.781 0.734 0.701 0.752
J-c-o-ztfg 1D3 True F99 58666.10469483139 0.2644982629975196 7.605449687231193 0.04292946636474294 0.12098710577703164 0.33544870214828904 0.2229055860982736 0.02825574807911918 17.234 6.802 0.0 0.0
J-c-o-ztfg-ztfr 1D3 True F99 58664.18612846564 0.21130923059962584 7.359932451562177 0.03367355138337667 -0.18928359495398014 0.22434424086748364 -0.06072164089763285 0.022878425037113882 3.627 1.053 0.0 0.372
J-c-o-ztfg-ztfr 2D True F19 58664.423818219 0.23160271164936647 7.431378427217777 0.037125463875458495 -0.17498552658879848 0.23682834181192192 0.03632516427760772 0.026534307356962807 0.589 0.432 0.991 1.0
J-c-o-ztfg-ztfr 2D True F99 58664.42946458336 0.23161841699130306 7.604847900089553 0.03723092115919204 -0.17783770736995508 0.23675068680705272 0.08051307636126956 0.026623886655072662 2.119 1.316 0.0 0.066
J-c-o-ztfg-ztfr 2D True O94 58664.429527311164 0.2315508072429816 7.604850005447622 0.0372153955622302 -0.17783686379795924 0.23668784133391266 0.08052289501292874 0.026602916888183142 2.264 1.395 0.0 0.034
J-c-o-ztfr 1D3 True F99 58666.05196484802 0.25430755806355393 8.017965626794172 0.0785491302953282 0.18308636606419387 0.3020059092708745 0.42668916652048927 0.046477921331682485 8.334 6.93 0.0 0.0
J-c-ztfg 1D3 True F99 58666.13256486993 0.26210080257243623 7.574145787930215 0.04306735291008245 -0.08945302959552959 0.3575524063135086 0.26009006467995743 0.02853647442850964 10.137 8.271 0.0 0.0
J-c-ztfg-ztfr 1D3 True F99 58665.51092134016 0.285317391142008 7.596355150819332 0.041386834455131256 0.01925903539646651 0.23495603854307953 0.2016597102541968 0.02880839134516139 27.504 6.618 0.0 0.0
J-c-ztfr 1D3 True F99 58666.1725829184 0.2678167438281248 7.994398867402685 0.07975870384806463 0.12455980193240226 0.31993840321073985 0.42078956526644273 0.04635545283740912 12.593 10.003 0.0 0.0
J-o 1D3 True F99 58666.94366395009 0.17394447110130096 8.167360463291843 0.1469514804145009 0.46406550633359067 0.8753309733591301 0.4622432039343767 0.06534079071775815 22.805 16.33 0.0 0.0
J-o-ztfg 1D3 True F99 58666.141129066775 0.2694659588134911 7.61594542060005 0.043224978606539774 0.41636671270226777 0.35901370883697475 0.22833700621692252 0.028051353267159955 18.084 7.649 0.0 0.0
J-o-ztfg-ztfr 1D3 True F99 58665.51438487538 0.271175495427257 7.600701240146776 0.04109164039822301 0.1724556652440441 0.23534585631067376 0.1877246388270874 0.028422182270134953 29.841 6.049 0.0 0.0
J-o-ztfr 1D3 True F99 58664.3725725998 0.29049381936577906 7.051707618994188 0.07839542270125265 -0.30250963558775623 0.2963382604275026 -0.24464095140355824 0.04947216532845113 1.105 1.065 0.326 0.375
J-o-ztfr 2D True F99 58664.70485825029 0.29183328383504553 7.4211036987427335 0.08016507008780999 -0.17456820800697426 0.2996397016092809 0.020944201527862513 0.049667989531799746 0.734 0.702 0.827 0.861
J-ztfg 1D3 True F99 58666.15828931301 0.2705025869687096 7.589161152114672 0.043802676214266936 0.30908078331287275 0.39276822262469785 0.27028215110567116 0.02856517103482977 11.922 9.881 0.0 0.0
J-ztfg-ztfr 1D3 True F99 58664.16171630536 0.2229280064341372 7.3625303925716015 0.03416778661652846 -0.09101439517119818 0.23890325550634037 -0.060296096856654574 0.02337431310925608 4.954 1.234 0.0 0.164
J-ztfg-ztfr 2D True F99 58664.52101237896 0.23293850537213698 7.4394910761987445 0.036033622843327597 -0.052898044827145344 0.2384218792613479 0.037534332940827295 0.02495067727237657 0.496 0.467 0.994 0.997
J-ztfr 1D3 True F99 58666.207306876095 0.2726747187355232 7.979312937907071 0.08074745621919308 0.2260210745332249 0.3295755617294052 0.41043153688730594 0.04718024807557882 16.431 13.404 0.0 0.0
o  True F99 58664.217502704225 0.9969364102410966 10.770385691180081 2.6605311863218484 -1.4823866401047092 1.1855812574318085 2.109314590118733 1.553190217467116 0.655 0.65 0.711 0.714
o-ztfg  True F99 58664.48193430253 0.31001907035442355 7.437670195945106 0.04485566621355527 0.07658878015754683 0.33705555172593005 -0.010739725221633821 0.050999670533877176 0.405 0.402 0.997 0.998
o-ztfg-ztfr  True F19 58664.428180330615 0.23817259764883733 7.600800988178017 0.04046284149314631 -0.09689395233892423 0.24308181675782092 0.07370566865025112 0.03369932826747953 2.318 1.526 0.0 0.016
o-ztfg-ztfr  True F99 58664.430337593374 0.225573374564898 7.430989695387821 0.03948828970082484 -0.09945251934367352 0.22929636530837574 0.02765763217074593 0.03269707399739317 0.444 0.432 0.999 1.0
o-ztfr  True F99 58664.3872187216 0.3104214345080041 6.85717399614289 0.6579406767382499 -0.2246490505505092 0.3039224370530723 -0.3918543137098899 0.4938734313983977 0.549 0.543 0.956 0.959
ztfg  True F99 58664.35027064508 0.6496169244262456 7.476986033534714 0.44535735382505354 0.0969781447304037 0.9338099242563521 0.15990603429656575 1.9766587258487425 0.282 0.279 0.998 0.998
ztfg-ztfr  True F19 58664.36490896893 0.24846879114406223 7.604830570385715 0.041034122774118394 -0.08135557496692056 0.25248614929178814 0.08749543919122814 0.03613088124417467 2.694 1.729 0.0 0.007
ztfg-ztfr  True F99 58664.37242757921 0.23427065586741624 7.434777260377473 0.040007672778279574 -0.09094497498544836 0.23735255764669624 0.041391050833634216 0.03496909738442967 0.347 0.342 1.0 1.0
ztfr  True F99 58664.39553499795 0.3275094783924894 10.535908347083529 3.9932108556043655 -0.5145961768633096 0.40863845704123947 2.2907053661931207 2.779682529449867 0.454 0.446 0.931 0.935