bps_used variant success reddening_law calibration DM e_DM st e_st Tmax e_Tmax dm15 e_dm15 EBVhost e_EBVhost rchi2_data rchi2_data_model fitprob_data fitprob_data_model
c-o  True O94 0 37.59590398923614 0.26368853495333777 1.0870146145569395 0.1688481122430971 59304.074750456595 2.952858801596906 None None 0.05703914434597053 0.12948164919313093 0.511 0.507 0.929 0.931
c-o  True F19 6 37.61833707642123 0.2714919101327257 1.0870737827053156 0.16887689891228647 59304.07412013971 2.952770940697337 None None 0.023503911107989547 0.11130814212451397 0.511 0.507 0.929 0.931
c-o-ztfg  True F19 6 37.7120938256834 0.10269632908085864 1.2051297283983504 0.03993565531129184 59301.74225805858 0.44041500997464483 None None -0.013274255055287948 0.0682145038217668 0.371 0.367 0.999 0.999
c-o-ztfg-ztfr  True O94 0 37.62644683899099 0.11005517612491017 1.1112744129756345 0.05960722193814042 59301.79591555218 0.44324949578669076 None None 0.009480318700715416 0.06851618748268729 0.43 0.426 1.0 1.0
c-o-ztfg-ztfr  True F19 6 37.6559269163822 0.10482046263818591 1.1023055362931051 0.054271495332582805 59301.830646577764 0.4302690297719807 None None -0.03378656081109325 0.06455012451503202 0.441 0.436 0.999 1.0
c-o-ztfr  True F19 6 37.570114923673316 0.13939545862966324 1.0687435568735326 0.06842102524554337 59302.5056819768 1.0783456918783985 None None 0.00796431530529235 0.07997723124594652 0.517 0.513 0.98 0.981
c-ztfg-ztfr  True F19 6 37.64209035275962 0.09981948757568086 1.0563126883552116 0.047648512364880116 59302.01397649599 0.4257319152343516 None None -0.05071218191182957 0.06648861132668431 0.457 0.453 0.996 0.996
J-c-o 1D3 True O94 0 37.75161985204769 0.12475032238563237 1.1940088857281332 0.06299000084952963 59303.37266233118 0.7700638982597355 None None -0.014117162148940019 0.07863988634726969 0.478 0.474 0.964 0.965
J-c-o 1D3 True F19 6 37.63303050002512 0.09719704254404452 1.1437286279596803 0.06170529317891938 59302.858266617244 1.0306859183857124 None None 0.01994523054271876 0.06906246010745955 0.45 0.446 0.973 0.975
J-c-o-ztfg 1D3 True F19 6 37.5850143062342 0.08721405373014815 1.106358311006356 0.044297025623109096 59301.871447116035 0.41215856566040393 None None 0.0025048633723856557 0.06329787777338211 0.36 0.357 1.0 1.0
J-c-o-ztfg-ztfr 1D3 True O94 0 37.633159662635116 0.09080566094615719 1.0972025384414765 0.041951740492526715 59301.86349139294 0.4067682205655321 None None 0.007872470694472965 0.0630070969754271 0.399 0.396 1.0 1.0
J-c-o-ztfg-ztfr 1D3 True O94 1 37.65466083076997 0.09169639114119876 1.0982736614997028 0.04192717268318039 59301.85744281429 0.40630012732870946 None None 0.001296942238076123 0.0627991996885313 0.396 0.392 1.0 1.0
J-c-o-ztfg-ztfr 1D3 True O94 2 37.64376077517371 0.08953859490469927 1.0972310258692395 0.04178508488653853 59301.843838014014 0.407794852002285 None None 0.007546250979279594 0.06289921238892561 0.403 0.399 1.0 1.0
J-c-o-ztfg-ztfr 1D3 True O94 3 37.64337419997201 0.09213660925422226 1.098863440587603 0.042000761323182305 59301.85406885291 0.40605462595204694 None None -0.005285608139081778 0.0626536465092599 0.395 0.391 1.0 1.0
J-c-o-ztfg-ztfr 1D3 True O94 4 37.644790852237925 0.09221408959794868 1.098747621225936 0.04196105707517751 59301.85015492243 0.4061177243986457 None None -0.005576031954079951 0.06268550042365363 0.395 0.392 1.0 1.0
J-c-o-ztfg-ztfr 1D3 True O94 5 37.661705058420175 0.09020190838384053 1.0990219269357566 0.041432737420978624 59301.8474379635 0.4063744471971209 None None -0.006392307288925934 0.06264342288215427 0.396 0.393 1.0 1.0
J-c-o-ztfg-ztfr 1D3 True F19 6 37.60331779879948 0.08666503457003726 1.0856142668041429 0.041000657410703044 59301.94114574816 0.40797858126529535 None None -0.01519002840456128 0.06285125199038276 0.428 0.423 1.0 1.0
J-c-o-ztfg-ztfr 1D3 True F99 6 37.615943819257716 0.08860506062584038 1.0839799409763222 0.04222660229898094 59301.95097079639 0.4187920389901147 None None -0.02196651054357983 0.06332953995273481 0.425 0.421 1.0 1.0
J-c-o-ztfg-ztfr 1D3 True O94 6 37.60604508706784 0.08842851674524595 1.0852379968435693 0.04257729141803038 59301.941726111414 0.418982956072494 None None -0.016809067541049754 0.06347278216712232 0.428 0.423 1.0 1.0
J-c-o-ztfg-ztfr 1D3 True O94 7 37.60577241265809 0.0880071965648153 1.093118913169317 0.041389380025543994 59301.89159876484 0.4067929493385341 None None -0.01684473804684719 0.0627589023398758 0.401 0.397 1.0 1.0
J-c-o-ztfg-ztfr 1D3 True O94 8 37.59928499896001 0.08712335590082938 1.0913463984517866 0.041217772994414634 59301.903690164145 0.40710154560218054 None None -0.01975196589024667 0.06325690004464199 0.404 0.399 1.0 1.0
J-c-o-ztfg-ztfr 1D3 True O94 9 37.60510471240346 0.08784915133425279 1.092821100931715 0.04143318467945707 59301.88979314489 0.4069955167703568 None None -0.01713492261528149 0.06282874122933434 0.403 0.399 1.0 1.0
J-c-o-ztfg-ztfr 1D3 True O94 10 37.668594390393 0.09449596313589805 None None 59301.43831551786 0.39964292057918976 0.7892453030425125 0.06362639099760614 -0.028890955136995595 0.06392477117774001 0.438 0.423 1.0 1.0
J-c-o-ztfg-ztfr 1D3 True O94 11 37.67318425546645 0.09510435395913942 None None 59301.44210005316 0.40070499690209466 0.7900597088451244 0.06363917974525882 -0.030041515193436303 0.06385751988459872 0.446 0.431 1.0 1.0
J-c-o-ztfg-ztfr 1D3 True O94 12 37.6401434019912 0.09382739252824815 None None 59301.46071778939 0.4027601612704264 0.7932543472438214 0.06373037386959891 -0.02540873278071008 0.06389332807443394 0.459 0.443 0.999 1.0
J-c-o-ztfg-ztfr 1D3 True O94 13 37.68451310451136 0.09572765692679484 None None 59301.46731241939 0.4049435477725867 0.7943678594550387 0.06422444015804488 -0.02734460863433005 0.06347683278810487 0.482 0.465 0.999 0.999
J-c-o-ztfg-ztfr 1D3 True O94 14 37.678691607771086 0.09546980716124392 None None 59301.44958732596 0.4014345053976369 0.7912791825537764 0.06387633736120703 -0.03029819670034439 0.06356312827606443 0.453 0.437 0.999 1.0
J-c-o-ztfg-ztfr 1D3 True O94 15 37.65005788128776 0.09808712827203935 None None 59301.55759616007 0.456958177996776 0.7957869734543198 0.06749894008869525 -0.029363764374515558 0.06268211583650762 0.488 0.478 0.998 0.999
J-c-o-ztfr 1D3 True F19 6 37.59623893064587 0.0911713686406395 1.0907741175861587 0.04343349271745047 59302.14712093111 0.5698198136322861 None None -0.0023913928740398964 0.06610276964872164 0.47 0.465 0.993 0.994
J-c-ztfg-ztfr 1D3 True F19 6 37.59058067338752 0.08782709271774437 1.0643843777261126 0.0426437793716653 59301.98728097796 0.40318213624606997 None None -0.019871708107008768 0.06367060809266481 0.453 0.447 0.997 0.998
J-o-ztfg-ztfr 1D3 True F19 6 37.6138626761593 0.08654442594239554 1.0965471631773733 0.04082845193333294 59301.86821834012 0.40399252694366494 None None -0.015696711424551448 0.06263823690537755 0.365 0.362 1.0 1.0
J-ztfg-ztfr 1D3 True O94 0 37.61955781508336 0.08969601260353428 1.0878676520076989 0.04135518455869462 59301.81121716351 0.3900656366247684 None None 0.009297547498181798 0.06260689303926513 0.309 0.306 1.0 1.0
J-ztfg-ztfr 1D3 True F19 6 37.60478507155374 0.08565498615160172 1.0853198617691218 0.0407877691769567 59301.85402249517 0.3889106535500557 None None -0.018125182555568636 0.0626909390143003 0.31 0.307 1.0 1.0
o-ztfg-ztfr  True F19 6 37.65225363973115 0.10225269059239864 1.1150212252316645 0.056099171785296865 59301.74042777074 0.34000256498510173 None None -0.02767056571899519 0.06396215819196642 0.375 0.372 1.0 1.0
ztfg-ztfr  True O94 0 37.61946660075635 0.10614268586817004 1.1067531262517138 0.05813379299826599 59301.76436166097 0.4121841430289393 None None 0.011636109363916023 0.06721961051222784 0.328 0.325 0.999 0.999
ztfg-ztfr  True F19 6 37.653305158052746 0.10413703673421994 1.106713117815604 0.05729919440578679 59301.76456543195 0.40965326182488276 None None -0.031836900038010166 0.06479250332161184 0.328 0.325 0.999 0.999