bps_used variant success reddening_law t0 e_t0 x0_mag e_x0_mag x1 e_x1 c e_c rchi2_data rchi2_data_model fitprob_data fitprob_data_model
c  True F99 59302.952302415775 1.7049878608593434 8.880205930275174 1.006223573065727 0.5711048687004653 1.8691575749639582 0.11001786451732462 1.7501074173879632 0.749 0.747 0.523 0.524
c-o  True F19 59302.85370073457 0.6314392459185125 7.799260938537048 0.08787209569708683 1.1278811158630606 0.7206280889036817 -0.036133902085277336 0.08836173074646758 0.964 0.837 0.496 0.65
c-o  True F99 59302.85221921577 0.6059936703459806 8.792742105453929 0.08526865287876866 1.134697526321065 0.703934812191489 -0.06522900815803216 0.08555396094176727 0.441 0.439 0.976 0.977
c-o-ztfg  True F19 59302.57955731373 0.3464186060611378 7.772158156662043 0.046370079432316656 1.1104465323124288 0.40591157553955487 -0.05926013490913952 0.05177490900024359 0.972 0.8 0.512 0.786
c-o-ztfg  True F99 59302.58002408189 0.33598590008809015 8.765668518944942 0.04560079531066708 1.1039181461457992 0.3961360972503844 -0.08803280300037654 0.05058619541835146 0.324 0.323 1.0 1.0
c-o-ztfg-ztfr  True F19 59302.4550507317 0.2949821201993897 7.653037195394388 0.042890054245723716 1.0208972998076806 0.3399191269931822 -0.09059479679528754 0.039718310503523854 0.328 0.315 1.0 1.0
c-o-ztfg-ztfr  True F99 59302.451143915634 0.2857041360604675 7.654181315848417 0.04217555157425665 1.014729497156056 0.33153075264993664 -0.09398283359194837 0.03896223656916057 0.328 0.327 1.0 1.0
c-o-ztfr  True F19 59302.44752339 0.4201314531597371 7.765951604333952 0.0797620056584835 0.8913414050980449 0.46357458172100524 -0.0539774819838895 0.07045801920468552 0.83 0.723 0.735 0.87
c-o-ztfr  True F99 59302.44278028996 0.40486984289334177 8.75843732763304 0.07722073124999385 0.8904051198753202 0.45245949077375447 -0.08383251325821528 0.0682674825336535 0.402 0.4 0.999 0.999
c-ztfg  True F99 59302.58402699216 0.3829197181847626 8.754702073536517 0.05584130034547539 0.9952378397880375 0.4537492121943687 -0.10352004439718626 0.1075326975285786 0.315 0.314 0.998 0.998
c-ztfg-ztfr  True F19 59302.42446693882 0.3184312685170523 7.753557771785676 0.04546565713794538 0.942505281917839 0.3716378876623489 -0.06924164778706628 0.0459703756519165 1.054 0.855 0.383 0.704
c-ztfg-ztfr  True F99 59302.422351118155 0.30918869409699856 8.746990459568444 0.04463858289956307 0.9364677116689859 0.36226202080105935 -0.09787176624005334 0.045032339720813205 0.322 0.32 1.0 1.0
c-ztfr  True F99 59302.333252046075 0.4849199708786177 8.739551615285333 0.08774837597525594 0.6598923929084772 0.5322262460687895 -0.09064861818279796 0.08081094592655522 0.434 0.431 0.978 0.979
J 1D3 True F99 59301.038096799144 1.81450540567522 8.899499011341891 93.60166684481253 2.405454724762355 14.683126556764249 0.040506626358668085 33.833163814106236 -1 -1 -1 -1
J-c 1D3 True F99 59301.31176110018 0.2956092112878531 7.56708517612751 0.07814713843237765 -0.479411021919607 0.7250993472296854 -0.04235549422307512 0.056444082860067864 0.902 0.89 0.493 0.501
J-c-o 1D3 True F99 59301.54866408855 0.2718843867090906 7.619599196673478 0.06756233757810266 0.15614409119107803 0.5039611276437646 -0.050781234952770246 0.05083320563903211 0.795 0.775 0.723 0.747
J-c-o-ztfg 1D3 True F99 59301.860500032955 0.2336789300140988 7.634264098004854 0.04122118242076067 0.7976177634918702 0.3758268262633017 -0.06765788180245497 0.036670874842522155 0.671 0.647 0.934 0.95
J-c-o-ztfg-ztfr 1D3 True F19 59302.23342358544 0.2616518862455999 7.64660885879394 0.04033276471347966 0.9224141140747145 0.33305451613631754 -0.08276982739169615 0.03382044850367159 0.639 0.407 0.978 1.0
J-c-o-ztfg-ztfr 1D3 True F99 59302.234429526616 0.26182585459027025 7.755203552010028 0.04040634111364408 0.9207099745151232 0.3330555721157806 -0.05576097410468018 0.03392813887166782 1.131 0.769 0.243 0.883
J-c-o-ztfg-ztfr 1D3 True O94 59302.2341935454 0.26177103029775045 7.755191985426508 0.04040054372322586 0.9205880407441418 0.3330240462025234 -0.055760883991740354 0.03391952653636786 1.165 0.795 0.198 0.85
J-c-o-ztfr 1D3 True F99 59301.68138705042 0.24940337876691882 7.643943214154511 0.06426624436124563 0.39254090513770634 0.38735881027059915 -0.060879537546937215 0.0499843060506001 0.659 0.633 0.937 0.952
J-c-ztfg 1D3 True F99 59301.716519751906 0.23862402622003873 7.635982745312679 0.04492164215824434 0.8248136295162869 0.44868467430437964 -0.03522955153597909 0.04406066383764829 0.722 0.707 0.822 0.838
J-c-ztfg-ztfr 1D3 True F99 59301.84130142412 0.22821174634318275 7.6293321225455415 0.04059579346449748 0.7326622831608165 0.3493015745198166 -0.08026554771160115 0.035594203262407115 0.656 0.622 0.944 0.963
J-c-ztfr 1D3 True F99 59301.542238926544 0.2645064760559305 7.624467126883287 0.06762828709733239 0.16488548350927174 0.45231031418108764 -0.06193643430677252 0.0529131087254491 0.738 0.7 0.79 0.831
J-o 1D3 True F99 59301.36181151347 0.28460362741526735 7.874710427109433 0.1966770242580332 0.7526589060614337 0.7506943541882016 0.05669993105062056 0.09760718624128344 0.647 0.644 0.816 0.818
J-o-ztfg 1D3 True F99 59301.73961662753 0.247068899359301 7.643151814375865 0.049087175798050775 1.019735328275364 0.4428980834806654 -0.07077970334470465 0.03687956133845004 0.65 0.619 0.925 0.945
J-o-ztfg-ztfr 1D3 True F99 59301.82144569156 0.2296931450271221 7.6416957712995055 0.04440824981370208 0.9157956981691854 0.3491020213627023 -0.08651733397864743 0.03341020281438861 0.58 0.549 0.987 0.993
J-o-ztfr 1D3 True F99 59301.50277766342 0.25073150208259426 7.825151296964602 0.12423173090570308 0.606040149643806 0.4505430138495938 0.041581688835259145 0.07916842224530517 0.51 0.506 0.983 0.984
J-ztfg 1D3 True F99 59301.53005282029 0.25897655847882606 7.653130311667361 0.05704873613074762 1.306448339187779 0.6056448070596897 -0.02469928600437199 0.04429139841767651 0.572 0.565 0.898 0.903
J-ztfg-ztfr 1D3 True F99 59301.720786461665 0.24248145008373542 7.639434372176032 0.04667251471500072 0.9223951428259856 0.39897725036567416 -0.08178171827911238 0.03609456267086977 0.636 0.592 0.935 0.959
J-ztfr 1D3 True F99 59301.34056595499 0.2729840344584543 7.80357441107798 0.1290899045771387 0.4658828552255927 0.5769157726029611 0.03271992315350932 0.07982653067609365 0.476 0.472 0.939 0.941
o  True F99 59302.61368260837 0.7754609181145155 9.73089636676207 4.124207316539465 1.1180471887777264 1.5755755784611243 0.5722031937484546 2.810782591450376 0.444 0.443 0.925 0.926
o-ztfg  True F99 59302.45545821548 0.36555342785266687 8.769033785456777 0.05137293902366881 1.243883999835637 0.4556236246958098 -0.09384982604786421 0.051765886860426484 0.282 0.281 1.0 1.0
o-ztfg-ztfr  True F19 59302.362345658024 0.31364699064931983 7.761281536711701 0.047487785352897334 1.102187766349948 0.3675432037001421 -0.06922267874447408 0.040230880374326775 0.762 0.634 0.862 0.965
o-ztfg-ztfr  True F99 59302.3591168551 0.3035853721706411 8.754756374674702 0.04684529522070325 1.0963339366576161 0.3585029104702427 -0.09834892813480374 0.03947769616944575 0.299 0.298 1.0 1.0
o-ztfr  True F99 59302.27428761124 0.4507896438015715 8.863261012606653 0.5873936224501917 0.9487622442827213 0.5197003776322685 -0.01079796089012764 0.44703783913201306 0.379 0.377 0.997 0.997
ztfg  True F99 59302.38779086179 0.6083300416726763 8.766296720476193 0.15120649639746886 1.1963496786708985 0.8353931036714227 -0.068321483441185 1.6195660357816977 0.226 0.225 0.997 0.997
ztfg-ztfr  True F19 59302.31040482765 0.34455073779508316 7.75457485075966 0.04982633659021461 1.0435002827995503 0.410052084703512 -0.07334699783233788 0.04621780955528679 0.926 0.743 0.571 0.822
ztfg-ztfr  True F99 59302.306279903976 0.3345703953485901 8.748067778592997 0.049121542978627496 1.0379203274427344 0.40015418831342264 -0.10218721242232659 0.04529126378705751 0.277 0.275 1.0 1.0
ztfr  True F99 59302.04841659336 0.5710205706257814 9.153088517144512 4.195052120240127 0.6981279733193584 0.7179783382912203 0.22430180750453835 3.2498779009248215 0.401 0.398 0.947 0.948