bps_used variant success reddening_law t0 e_t0 x0_mag e_x0_mag x1 e_x1 c e_c rchi2_data rchi2_data_model fitprob_data fitprob_data_model
c  True F99 59264.34737361547 2.146811159685007 9.513528709720665 0.3012764326222949 -0.5605184161879788 2.1462769986749746 -0.5319744537362621 1.5486111847861994 0.381 0.38 0.766 0.767
c-o  True F19 59264.00901352891 1.225921684021114 8.655390925280095 0.18505247933201185 -1.0078939912730172 1.129140833165029 0.14953320165430034 0.2164690885434266 0.43 0.419 0.933 0.938
c-o  True F99 59264.018830219204 1.2109966727230583 9.707494308533906 0.18241293933061822 -0.9951912630733779 1.1173530985758129 0.13653945213757812 0.21368954663317774 0.387 0.387 0.953 0.953
c-o-ztfg  True F19 59265.18708527475 0.5762411772390996 8.533402472038492 0.06251216884387968 -0.28014809976717636 0.6559159402036404 -0.010101599798453587 0.09681086260053451 0.329 0.317 0.998 0.999
c-o-ztfg  True F99 59265.192047404445 0.5678203936072117 9.58687976708041 0.061145641382363426 -0.27540591905046297 0.6386767154278566 -0.021557217378595166 0.09530016563462296 0.271 0.269 1.0 1.0
c-o-ztfg-ztfr  True F19 59265.23836753462 0.4662193366574669 8.490268530569024 0.057561367529170515 -0.15788843368232527 0.5474784941258694 -0.12532578957669643 0.0571523858780037 0.298 0.289 1.0 1.0
c-o-ztfg-ztfr  True F99 59265.24463677732 0.4587047221057533 8.492224357375694 0.056321946409410864 -0.15712050039213651 0.5348196642339477 -0.12610032498415363 0.0559563794112339 0.298 0.296 1.0 1.0
c-o-ztfr  True F19 59265.04040919368 0.6441713803791499 8.529165653408882 0.12587857235171604 -0.25892873926867777 0.728646971823496 -0.12204819628513389 0.11600395861505053 0.441 0.428 0.989 0.991
c-o-ztfr  True F99 59265.049489793804 0.6349902108866703 9.580574333384252 0.12349421882315482 -0.2504873048935927 0.7202156301900244 -0.13656879755608442 0.11390355251443768 0.4 0.397 0.994 0.995
c-ztfg  True F99 59265.23904514058 0.6215094356080452 9.592292886026478 0.06245942458119175 -0.14194630207775494 0.7075827708996311 -0.0817128086197707 0.2120015084554417 0.204 0.202 0.999 0.999
c-ztfg-ztfr  True F19 59265.185789847914 0.495164213286598 8.540385965198485 0.05807240634359468 -0.13072671959572818 0.5834716198108993 -0.13604434659531522 0.05961103903362329 0.267 0.254 1.0 1.0
c-ztfg-ztfr  True F99 59265.19198379523 0.4876646207326521 9.594079065736294 0.05679635007496316 -0.13474540795388934 0.5695564385216026 -0.14738495340573815 0.05833054029482384 0.206 0.204 1.0 1.0
c-ztfr  True F99 59264.937148877594 0.6931507962222995 9.571022627774134 0.12125370888465321 -0.24599772349133514 0.7992365770049201 -0.1713049191550025 0.1139133879673063 0.268 0.267 0.998 0.998
J 1D3 False F99 59265.230211550035 7.993189984281298 9.477173908933842 83.48580508997036 -17.909283252262075 36.20706241220825 0.03922137219747106 30.83265409466058 None None None None
J-c 1D3 True F99 59263.78748732437 1.4251180014706677 8.507074060103484 0.14167216280023948 -1.0919285849157707 1.4761909887428994 -0.17778503317417516 0.1609664204898297 0.286 0.28 0.944 0.947
J-c-o 1D3 True F99 59264.56465773977 1.0825607316198713 8.46015027898314 0.130795762595132 -0.6423868922284094 1.0670482423266026 -0.11925849714232437 0.11701240411362243 0.57 0.56 0.88 0.887
J-c-o-ztfg 1D3 True F99 59265.141962172966 0.5572383494437927 8.477139100915553 0.0594333258320807 -0.26690056609838586 0.6342418893084396 -0.12060643281844523 0.0696224369291052 0.377 0.37 0.997 0.998
J-c-o-ztfg-ztfr 1D3 True F19 59265.17219890911 0.4602386225571538 8.482193570460783 0.056017692255344455 -0.19519450903344876 0.5427447372440217 -0.14348914818225222 0.051601328516937536 0.324 0.308 1.0 1.0
J-c-o-ztfg-ztfr 1D3 True F99 59265.17273135541 0.4602222650841654 8.53069555004752 0.056063713096336884 -0.19522086164625366 0.5427530319583465 -0.1318133835862536 0.051694444507283284 0.365 0.347 1.0 1.0
J-c-o-ztfg-ztfr 1D3 True O94 59265.17273615502 0.4602122979796616 8.530695606053051 0.05606160348019399 -0.19521924597993734 0.5427411300982842 -0.1318144483310314 0.05169145568686856 0.369 0.351 1.0 1.0
J-c-o-ztfr 1D3 True F99 59264.99317275101 0.6169819813303511 8.449348838220363 0.10688437580728481 -0.3001540811981846 0.7050221410431794 -0.17200261773543102 0.09139604482876856 0.409 0.406 0.996 0.996
J-c-ztfg 1D3 True F99 59265.10119604913 0.6010822274612785 8.490669918704606 0.06107230806102687 -0.21147160697037903 0.6945875095105041 -0.1929225366104105 0.09656447297628544 0.249 0.245 0.999 0.999
J-c-ztfg-ztfr 1D3 True F99 59265.11067355635 0.4738712464334005 8.48795259827335 0.055469198428338674 -0.19212852828766233 0.5593685522520936 -0.16171110672053443 0.05266224327614882 0.234 0.231 1.0 1.0
J-c-ztfr 1D3 True F99 59264.844628993655 0.6769154809272729 8.455209036006046 0.10829669732670104 -0.3281148670499881 0.780855453550558 -0.18965274609790717 0.0940506102866881 0.282 0.281 0.999 0.999
J-o 1D3 True F99 59264.1813477989 1.9928530165297835 7.893530045091479 0.3795751012990812 -0.9452679747919852 1.5958528712758784 -0.4172274193392367 0.24793266019911248 0.552 0.545 0.768 0.774
J-o-ztfg 1D3 True F99 59265.38400659441 0.6415440067262687 8.475100634706896 0.06722797017683152 -0.24198594853719693 0.7066312776871863 -0.12829594398857885 0.0712881799829699 0.41 0.401 0.984 0.986
J-o-ztfg-ztfr 1D3 True F99 59265.31574046651 0.48461878942682185 8.487665514160092 0.060186864399236685 -0.17323134039580734 0.5677917045313405 -0.14218443254003751 0.051534992558945204 0.331 0.327 1.0 1.0
J-o-ztfr 1D3 True F99 59265.172215403276 0.6653060605288458 8.352627121943705 0.2399529280483806 -0.25981282420102514 0.8040804178401444 -0.2457622402494823 0.19164900577358093 0.462 0.458 0.974 0.975
J-ztfg 1D3 True F99 59265.46341851137 0.6933206202849143 8.504515413476508 0.07203786965755937 -0.11705989587712846 0.7887132411648785 -0.2226852382151715 0.11280217192484532 0.184 0.182 0.997 0.998
J-ztfg-ztfr 1D3 True F99 59265.26692529302 0.5118348896080323 8.49349844553347 0.06128421897004152 -0.14162386257865303 0.6061699136158397 -0.1589242448321106 0.053507923724487864 0.219 0.216 1.0 1.0
J-ztfr 1D3 True F99 59265.026014815056 0.7435981364216332 8.35240236915569 0.25879232425159904 -0.2419791211314728 0.9201090963128038 -0.27008021249596986 0.20793788044036027 0.304 0.303 0.985 0.986
o  True F99 59267.88414851452 2.5539669970546743 13.081040937651043 4.348116636460633 -3.3908315368145665 1.7488658487261495 2.4335378026603873 2.7370797429857836 0.456 0.456 0.633 0.633
o-ztfg  True F99 59265.3843152756 0.6616040366410071 9.57752677009233 0.0680978978386163 -0.2614478849821691 0.7128742054661414 -0.021345326362534126 0.09834608274160725 0.244 0.243 0.998 0.998
o-ztfg-ztfr  True F19 59265.4118076618 0.5062723152329052 8.544129190880225 0.06358561359790992 -0.12361853729323215 0.5912725852360522 -0.10990959237243679 0.05874007541889047 0.345 0.331 0.999 0.999
o-ztfg-ztfr  True F99 59265.41513690339 0.49674345451731594 9.598112916222984 0.062082102948757455 -0.11651545705932127 0.5763059009438672 -0.12190616329679332 0.05737400942036481 0.293 0.29 1.0 1.0
o-ztfr  True F99 59265.00557343515 0.6957390655246993 10.853057239194337 0.8165944201758079 -0.47848746326658254 0.8155226019545129 0.9251878949076542 0.661005897361167 0.349 0.348 0.99 0.99
ztfg  True F99 59265.053158754294 1.6737645196203321 9.662943721630555 0.838655692594474 -0.39089770209160557 1.448712534668286 1.247523432874344 4.710986195850974 0.081 0.08 0.999 0.999
ztfg-ztfr  True F19 59265.37094355283 0.5398278762630357 8.547872874183156 0.06455485948783414 -0.07097541822015621 0.6362129242352715 -0.13067827438255253 0.061092849181517604 0.238 0.223 1.0 1.0
ztfg-ztfr  True F99 59265.37487421818 0.5299271045688949 9.601847386747563 0.06300738943566533 -0.06988019172645235 0.6193129850429612 -0.14219411611324417 0.05968608790026349 0.169 0.168 1.0 1.0
ztfr  True F99 59265.17367871903 0.7852137371938364 8.151775964288841 5.110825983274945 -0.06439152841283644 0.9750938724521689 -1.4260494177583034 4.630995183487346 0.288 0.287 0.97 0.97