bps_used variant success reddening_law t0 e_t0 x0_mag e_x0_mag x1 e_x1 c e_c rchi2_data rchi2_data_model fitprob_data fitprob_data_model
c  True F99 59325.72125155966 0.9372548297773452 9.332676663224966 0.8016523841353264 1.8103420557087495 1.315894946693226 -2.324756166600035 2.5534920507433037 0.44 0.438 0.853 0.854
c-o  True F19 59324.0759307376 0.7639254751918717 8.410102895042858 0.13597055464120372 -0.11485683150226067 0.7953660505821144 -0.014626457904294125 0.1264285910140415 0.466 0.446 0.984 0.988
c-o  True F99 59324.07868407148 0.7544426731904637 9.435448383011202 0.13353924347193763 -0.10494246801962831 0.784114340270507 -0.03538549333477928 0.12471068377733195 0.379 0.377 0.996 0.996
c-o-ztfg  True F19 59323.87200214308 0.37583362057699166 8.463268465820363 0.056893318024149674 -0.2391121862283596 0.45199459505148715 0.039115520161246586 0.06278460763915227 0.435 0.407 0.998 0.999
c-o-ztfg  True F99 59323.871549561445 0.3683951816263453 9.489294447054618 0.056182183457876685 -0.2330663757486009 0.44435507337743363 0.0192210713191057 0.06203615018147205 0.291 0.29 1.0 1.0
c-o-ztfg-ztfr  True F19 59323.972862639974 0.31453762318822137 8.387540546409351 0.05329374826106451 -0.2372384074730305 0.38486465071234865 0.04723077646900251 0.046369580910331526 0.273 0.262 1.0 1.0
c-o-ztfg-ztfr  True F99 59323.97393027799 0.30721180072865456 8.389106332261555 0.052538393206182275 -0.23190576850572298 0.3770304437434326 0.044796521275247164 0.04567274214595479 0.273 0.27 1.0 1.0
c-o-ztfr  True F19 59324.165382632375 0.4718802072644825 8.414082891805798 0.11484725254186151 -0.1010961062965465 0.5557303692834679 0.020202265016004407 0.09422434313712612 0.444 0.41 0.998 0.999
c-o-ztfr  True F99 59324.169018322165 0.46177407888761063 9.439309196060986 0.11237548593975603 -0.09112769554766251 0.5446926717877234 -0.0006584587678315453 0.09225986895137873 0.319 0.316 1.0 1.0
c-ztfg  True F99 59323.8934991376 0.37735028850298485 9.499827087129663 0.060418768757823704 -0.25795247518806025 0.4797330612990913 0.09094449382382874 0.1609540364016523 0.277 0.276 0.998 0.998
c-ztfg-ztfr  True F19 59324.01322925949 0.32165775353634996 8.469956491804979 0.054606431782938475 -0.20910892290674035 0.3994422194303547 0.08471274970657328 0.05145565523260189 0.458 0.413 0.994 0.997
c-ztfg-ztfr  True F99 59324.014667200725 0.31419533017744394 8.395696245598401 0.053761442037214655 -0.20299328896036967 0.39103608390078676 0.06406544573684606 0.05053326227774641 0.233 0.231 1.0 1.0
c-ztfr  True F99 59324.27376891597 0.49148701464732225 9.46673131704586 0.11881471985450806 0.051932457415625355 0.6086468889691277 0.032272580687414995 0.10141892087194652 0.296 0.295 0.998 0.998
J 1D3 False F99 59322.060295759366 5.568556037470097 8.743944988476462 73.78579163164196 71.29457903426771 407.2924760173291 -0.7666142236708455 26.924827553751456 None None None None
J-c 1D3 True F99 59323.91416873825 0.6332494857930018 8.31950428162148 0.1063615235271538 -0.03574107185123099 0.882105307089749 -0.1093234940189187 0.06276498591986629 0.57 0.568 0.803 0.805
J-c-o 1D3 True F99 59324.038248360055 0.5386620680760621 8.282791870616283 0.09604405666093423 -0.17392988115090174 0.7277078017451583 -0.1034278516896716 0.0593800197423768 0.417 0.411 0.995 0.996
J-c-o-ztfg 1D3 True F99 59323.85784607363 0.34183323913336294 8.368211085992936 0.05251099455454834 -0.21147118104378138 0.4419572550859873 -0.0511954240724601 0.03964527268825003 0.376 0.357 1.0 1.0
J-c-o-ztfg-ztfr 1D3 True F19 59323.9375181901 0.29840118882267586 8.346580567258767 0.04776880981877846 -0.2667202701903519 0.37916206201628994 -0.018963323876399228 0.03480900182681347 0.459 0.384 1.0 1.0
J-c-o-ztfg-ztfr 1D3 True F99 59323.936494596295 0.29843455268219465 8.423264636526337 0.0478522228803224 -0.2673407449008397 0.37927171103577206 0.0005937686176725417 0.03490711855779325 0.579 0.494 0.991 0.999
J-c-o-ztfg-ztfr 1D3 True O94 59323.93648392135 0.29842132597411963 8.423251754980612 0.047848001471478475 -0.2673578897908623 0.37925486326057045 0.0005800411522434247 0.03490099489236157 0.594 0.507 0.989 0.998
J-c-o-ztfr 1D3 True F99 59324.17061205189 0.3970352781565661 8.239951005136149 0.07793976113592839 -0.1745404294145817 0.5208493480776027 -0.09714151191819484 0.05345372521600032 0.415 0.391 0.999 1.0
J-c-ztfg 1D3 True F99 59323.79286195837 0.3567591441432016 8.38145577282669 0.054504920894693845 -0.13157429870830606 0.46819084056857396 -0.07424718374774975 0.046105363191923515 0.352 0.344 0.996 0.996
J-c-ztfg-ztfr 1D3 True F99 59323.927332177 0.2966362533567117 8.350663623457635 0.047670031094745775 -0.24015202380411277 0.3836089824839947 -0.020611127825154018 0.03537327273442324 0.543 0.45 0.982 0.996
J-c-ztfr 1D3 True F99 59324.20875292529 0.4237246325133316 8.243553331179339 0.0792743543007192 -0.09816220158429897 0.5661246668341906 -0.09509205585710526 0.05375106042121744 0.521 0.476 0.96 0.976
J-o 1D3 True F99 59323.5865238586 1.0182146255529785 8.112788686817463 0.20152662221210046 -0.37014960531473934 1.7459320563352174 -0.18250331580156626 0.10197704823514908 0.366 0.366 0.99 0.99
J-o-ztfg 1D3 True F99 59323.9385581676 0.4314735672128775 8.371195285542619 0.06078497039161331 -0.3455510615460178 0.5541505611926257 -0.05218051956383163 0.04079620261848506 0.348 0.329 0.999 1.0
J-o-ztfg-ztfr 1D3 True F99 59323.94217923744 0.3312862741943796 8.345979320640868 0.0514365875339714 -0.33524265135163245 0.42288915177441905 -0.020765127384159844 0.035085128484704596 0.468 0.394 0.998 1.0
J-o-ztfr 1D3 True F99 59324.03150797324 0.46753128106317643 8.079695728278443 0.12557061150330748 -0.20925378639591738 0.6576052992734562 -0.1997854579079952 0.08497997492632034 0.293 0.291 1.0 1.0
J-ztfg 1D3 True F99 59323.85860645908 0.4595560066470685 8.395354075691472 0.0650173175258999 -0.22354213152066216 0.6003335007883429 -0.07900089246936234 0.04813595242963807 0.212 0.211 0.995 0.995
J-ztfg-ztfr 1D3 True F99 59323.929429001306 0.33950873608397203 8.348488734792893 0.05238421007488621 -0.3080531050171321 0.4391689486300072 -0.02076986863639696 0.03612814755190545 0.604 0.475 0.925 0.982
J-ztfr 1D3 True F99 59324.09809939926 0.504438793533399 8.075857167753473 0.12801861809935464 -0.09647514455145231 0.7413307314356299 -0.19991056268072324 0.08459313256279426 0.279 0.277 0.99 0.99
o  True F99 59325.15263766851 1.7083836612679082 10.499808532919044 3.1603027359939935 -1.516839060054396 1.7924713244839143 0.7486769247742034 2.1745827198638312 0.354 0.353 0.983 0.983
o-ztfg  True F99 59323.961643474206 0.49070933273482426 9.487594535917644 0.0642839777577336 -0.3590307357851197 0.5597615370314396 0.013475359898779495 0.0642422736541352 0.244 0.244 1.0 1.0
o-ztfg-ztfr  True F19 59324.01343418008 0.3622297366464885 8.463515802334637 0.05832886790640575 -0.31245515491747167 0.4362656751595985 0.06672049997025377 0.047851805772339454 0.401 0.364 0.999 1.0
o-ztfg-ztfr  True F99 59324.01660186329 0.35302035513811303 9.489528736536222 0.057530278333767976 -0.30712693596215834 0.4272826103333421 0.046599517045067755 0.047132443186845875 0.241 0.238 1.0 1.0
o-ztfr  True F99 59324.27244386929 0.5442328884984123 8.712136121602345 0.8814366828458672 -0.07452349245795128 0.696544294306193 -0.5799878213641896 0.7195456775679175 0.259 0.258 1.0 1.0
ztfg  True F99 59323.667071748525 0.9984271977051435 9.520008325221056 0.18569327873102462 -0.25397251652971675 1.0159490097961383 0.3130563711933968 2.0648581458872677 0.166 0.165 0.995 0.995
ztfg-ztfr  True F19 59324.05628200704 0.36948623355279675 8.469438772984049 0.05973649059593111 -0.28066011447446937 0.45415024253683284 0.08601655466762378 0.05270425519611816 0.421 0.368 0.987 0.994
ztfg-ztfr  True F99 59324.059151820475 0.36006787572746857 9.495359593998947 0.05888816745431235 -0.2758430687105705 0.4443977425347958 0.06554502226955966 0.05180738583221163 0.156 0.155 1.0 1.0
ztfr  True F99 59324.31567891529 0.6270546115578459 7.992702381672661 3.9749085556450696 0.08937343952581647 0.7944738015973704 -1.1902284194515431 3.3816373952506282 0.182 0.181 0.993 0.994