bps_used variant success reddening_law t0 e_t0 x0_mag e_x0_mag x1 e_x1 c e_c rchi2_data rchi2_data_model fitprob_data fitprob_data_model
c  False F99 59298.333596787255 1.8635556609127275 31.937313442951126 34.23316148785065 6.949371355982752 7.655004091463048 18.54467328619143 24.034010685181414 None None None None
c-o  True F19 59285.633440663965 0.3110919431627986 5.847781270848293 0.08930410524191662 1.7829006322293814 0.3149323798160448 0.023841436717402527 0.062043232593314956 10.313 2.036 0.0 0.015
c-o  True F99 59285.65996608012 0.18442708115602938 6.830786897804998 0.07267566835153808 1.7596922876654078 0.1972782163579432 -0.007668214019600974 0.0523788057194922 1.656 1.207 0.063 0.267
c-o-ztfg  True F19 59285.71497391675 0.14771943319237818 5.829083173387386 0.03335096711774234 1.8679052400991254 0.1936059308037685 0.00577233593767198 0.028378774720950222 7.073 1.756 0.0 0.005
c-o-ztfg  True F99 59285.71566387683 0.11609842328480162 6.8133611111666434 0.030109711850253625 1.8465960002635646 0.14745516032096764 -0.02398280147613486 0.025408167609069922 0.966 0.732 0.522 0.869
c-o-ztfg-ztfr  True F19 59285.76513420825 0.11720197615007374 5.702262489805445 0.030885979321113467 1.6692846348494825 0.15125635474008922 -0.009612407004462746 0.02426639307193915 1.292 0.51 0.082 0.998
c-o-ztfg-ztfr  True F99 59285.811246439174 0.08581807115177646 5.7009779731088 0.02815134881836757 1.6150355481374423 0.11338103950715174 -0.013079214202461543 0.022221092559285695 1.278 1.041 0.091 0.395
c-o-ztfr  True F19 59285.69914216451 0.17231077835307737 5.82201958217118 0.07898319407880859 1.5455634063144252 0.19162585804077883 0.02715456082857054 0.055338834711841 6.634 1.596 0.0 0.024
c-o-ztfr  True F99 59285.73214246792 0.11306871510822103 6.806004355067591 0.06533905838914499 1.53212106645837 0.1347156069215027 -0.006954234388230498 0.04680964972498234 1.596 1.205 0.024 0.21
c-ztfg  True F99 59285.843150046916 0.16809653103085412 6.801992212671616 0.03921059325629827 2.0843160723338015 0.2546717125310841 -0.09231163860252184 0.0652752919382409 0.4 0.392 0.993 0.994
c-ztfg-ztfr  True F19 59285.76948856208 0.13043983674694706 5.821357487574857 0.03323675141100674 1.6244603303062521 0.17635205573962745 0.03016305972553905 0.02958046743543182 5.393 1.784 0.0 0.002
c-ztfg-ztfr  True F99 59285.84006342162 0.10040143057358092 6.799412906100295 0.030491642489225323 1.5339453518527777 0.1395854586636754 -0.004671861035218612 0.027076919048548045 1.058 0.945 0.374 0.564
c-ztfr  True F99 59285.73272976601 0.14815143281822013 6.801109007635889 0.08308772223124797 1.3266690222243986 0.18358546335521947 0.010253513465429048 0.06236298313481507 1.09 0.984 0.358 0.471
J 1D3 False F99 59286.78306410614 -1 6.87948097618799 -1 79.20951916484356 -1 -0.1701826685533704 -1 None None None None
J-c 1D3 True F99 59295.44623334939 2.437176620642281 7.412955263513778 1.317105062941574 21.100346722145762 30.644243636528813 0.2106882918796588 0.28085411260093673 0.053 0.016 0.984 0.997
J-c-o 1D3 True F99 59285.61949813567 0.14882662125360208 5.798560161558603 0.057195692844524255 1.8118793982974162 0.19301333925774633 0.0484120460119399 0.03787871210439079 2.005 1.236 0.01 0.23
J-c-o-ztfg 1D3 True F99 59285.65700794039 0.10695815913780476 5.734681235276995 0.028879180048689102 1.841857640686877 0.14686328399917897 0.004851728926241687 0.022445874928322423 1.322 0.871 0.094 0.69
J-c-o-ztfg-ztfr 1D3 True F19 59285.76370655102 0.11536951758891942 5.710799722134675 0.030261271658039747 1.6612164755968224 0.15078625707551757 0.0008631419017949135 0.022958147695111876 1.491 0.52 0.012 0.998
J-c-o-ztfg-ztfr 1D3 True F99 59285.7634134268 0.11538195322274122 5.827336449083838 0.030289839242262466 1.6594296401747322 0.15072084514913064 0.029547504408187895 0.022983467096955784 5.152 1.487 0.0 0.013
J-c-o-ztfg-ztfr 1D3 True O94 59285.76340122638 0.11531173820214963 5.827324522863725 0.03027570189126685 1.6593421239225998 0.15062293246296696 0.02953765005776125 0.022965386451445826 5.574 1.57 0.0 0.005
J-c-o-ztfr 1D3 True F99 59285.70364229403 0.10186056830909916 5.762204926067975 0.05304609921163661 1.5446235866026274 0.13231316028485615 0.03770435497811071 0.036174609525146506 1.871 1.237 0.002 0.171
J-c-ztfg 1D3 True F99 59285.77193305382 0.12064168601986723 5.739107516712577 0.03382047726886533 1.6572197037981846 0.21071958633515955 0.04055211802488576 0.03098515746260721 1.207 0.967 0.218 0.509
J-c-ztfg-ztfr 1D3 True F99 59285.77020475669 0.09255267246177948 5.713716830130989 0.02887640626015317 1.4920213021372248 0.13692872755853408 0.019315011489648672 0.02315070891424936 1.237 1.022 0.145 0.432
J-c-ztfr 1D3 True F99 59285.67198621498 0.12418177493603735 5.742437597819065 0.05954907013358218 1.3223106889168665 0.17802503358541288 0.048027689135724375 0.040219959251071045 1.172 0.981 0.271 0.48
J-o 1D3 True F99 59285.601700889376 0.1454788759042919 5.918689467162093 0.10193213662832852 1.6976604986219446 0.20886184923844817 0.11619890465226224 0.06086386196215922 2.068 1.485 0.019 0.129
J-o-ztfg 1D3 True F99 59285.67937753777 0.10880393520526468 5.729520878736458 0.029155610986229975 1.8855502607649335 0.1528781219409157 0.005016856276183296 0.02233023488903731 1.481 0.921 0.041 0.593
J-o-ztfg-ztfr 1D3 True F99 59285.72179910829 0.08621927749302684 5.709121412862391 0.027766671205127987 1.659539514956905 0.11714139705949107 -0.0007362700021389013 0.020591937105635717 1.513 1.062 0.014 0.36
J-o-ztfr 1D3 True F99 59285.69448615529 0.10163523383530991 5.8328978914164376 0.0839180647110111 1.5132921078939878 0.13627828224146238 0.08282210305196441 0.0541354622836808 2.055 1.367 0.001 0.1
J-ztfg 1D3 True F99 59285.67812674619 0.13030778616824407 5.750715082535427 0.03402276441019568 1.962170809066534 0.2338540379876366 0.0660171177054731 0.032169781209584206 0.449 0.439 0.98 0.983
J-ztfg-ztfr 1D3 True F99 59285.78699321256 0.09466571550125485 5.708686636046239 0.02921244121205565 1.5214518652595894 0.14165836597032141 0.01983565012787644 0.023057700437260735 1.319 1.08 0.098 0.343
J-ztfr 1D3 True F99 59285.65269873063 0.12474066019255879 5.802086216680987 0.08606258080540438 1.2777619429307516 0.18368828618841487 0.08440562150677988 0.05466670419923433 1.265 1.145 0.22 0.311
o  True F99 59285.49903478772 0.2297052139612404 4.619548248637679 1.8422043835631035 2.5712214927485944 0.6605078099399271 -1.542649242808959 1.346547682235909 1.916 1.292 0.053 0.242
o-ztfg  True F99 59285.74089629046 0.11851404953268714 6.809148539694315 0.030246186985354376 1.8876980459471673 0.1535153530420707 -0.02302058909654975 0.02531645753277277 0.983 0.769 0.49 0.802
o-ztfg-ztfr  True F19 59285.78287040062 0.11948261805527459 5.813432903268017 0.03123014742935017 1.694199343475053 0.15586851910796948 0.016495662936959803 0.024285580526356324 5.684 1.494 0.0 0.019
o-ztfg-ztfr  True F99 59285.83116416815 0.08755192864239512 6.79433738212424 0.028762777791345936 1.6381415838647455 0.11687269622771969 -0.01690705055381308 0.022314940139338834 1.357 1.111 0.057 0.283
o-ztfr  True F99 59285.71967520735 0.114002497323306 6.537213387372109 0.2790060830092753 1.570485443581088 0.14415425467175197 -0.19122130041910124 0.192911026237464 1.641 1.352 0.027 0.121
ztfg  True F99 59284.659502900395 0.5783102085859604 9.076359214793603 2.619973879059887 0.660256746599899 0.42504593154232395 3.9700008122539447 3.6405586027554007 0.332 0.321 0.994 0.995
ztfg-ztfr  True F19 59285.79548043983 0.1335214335115966 5.818383221418173 0.03326782553444258 1.664055861175735 0.18291344441514862 0.031197023328586922 0.029522496068862314 5.019 1.612 0.0 0.016
ztfg-ztfr  True F99 59285.864266057484 0.102866036957003 6.794600504741262 0.030673369692209036 1.5670989006887281 0.1445029030394987 -0.004702103284782763 0.026981612067700944 1.102 1.008 0.316 0.454
ztfr  True F99 59285.656921384914 0.16048779586603146 3.779915842973704 2.296377574762506 1.5113391552743625 0.22601057151267265 -2.2307161954625983 1.7645635003922808 1.262 1.141 0.239 0.324