bps_used variant success reddening_law t0 e_t0 x0_mag e_x0_mag x1 e_x1 c e_c rchi2_data rchi2_data_model fitprob_data fitprob_data_model
c  True F99 58562.411843281385 2.3005884040838773 6.169160403263193 0.3925722808643737 5.384995865980246 4.445460487215811 -0.7915401537020796 0.31377081774180704 0.422 0.217 0.516 0.641
c-o  True F19 58565.97628524831 0.3289939874544947 5.449408773395799 0.06349265480224556 0.9747275852213364 0.20999612111154914 -0.13488493624576045 0.046206608346232525 5.506 1.269 0.0 0.187
c-o  True F99 58565.96994785872 0.19275010330897466 6.469524263258609 0.04813342546615788 0.8735626359421662 0.1409867852582506 -0.15073268046894372 0.03780653381814725 1.432 1.214 0.095 0.23
c-o-ztfr  True F19 58566.10762197978 0.24162530447103414 5.382023031807822 0.06047358250426621 0.9559346669900253 0.2051128091960803 -0.144994064770202 0.04433881171966393 1.323 0.58 0.138 0.944
c-o-ztfr  True F99 58566.06625126744 0.1564726195264448 5.379313890503456 0.047000483687904875 0.8599495791629466 0.138771357056262 -0.14462296723784862 0.0362976627359567 1.288 1.091 0.16 0.345
c-ztfr  True F99 58566.65624556017 0.3156081904355183 6.683445357194568 0.08443732693945116 1.8135888504293274 0.41752678616522687 -0.02341107113680923 0.06697692993896331 0.557 0.531 0.733 0.753
J 1D3 True F99 58566.665942691834 2.823204880048435 53.86545438222012 237.84114828262412 4.001937648068578 16.964148055601697 16.26489615579367 79.60983490644533 -1 -1 -1 -1
J-c 1D3 True F99 58566.3121134697 1.0957965321512881 5.534189058805357 0.07475487039691912 2.0319202724131897 0.5535111916091484 -0.08161608130557652 0.048933840717354474 0.632 0.602 0.705 0.729
J-c-o 1D3 True F99 58565.99766164078 0.1885538914619973 5.38316996361947 0.04286951062122205 0.8698029361505695 0.1401433816031608 -0.13841054787011678 0.031954483422491256 1.298 1.074 0.149 0.365
J-c-o-ztfr 1D3 True F19 58566.153325689214 0.23345979331130087 5.401356331417553 0.05407233329575006 0.9542476583214446 0.20435531536012788 -0.12892172732436616 0.037898770915236996 1.194 0.525 0.223 0.979
J-c-o-ztfr 1D3 True F99 58566.15557408496 0.23350566977373147 5.483228350119637 0.05412216016612206 0.9534516135203632 0.20428239341814944 -0.10852922420609235 0.03794123513117357 3.645 1.01 0.0 0.45
J-c-o-ztfr 1D3 True O94 58566.15544425433 0.2333313921432881 5.483181823781746 0.05409474421192849 0.9532490970948604 0.204142965526798 -0.10855927593423206 0.03792042505635738 3.967 1.06 0.0 0.379
J-c-ztfr 1D3 True F99 58566.53226282673 0.2818567000237957 5.535131682116932 0.06385619223275535 1.7801523814802023 0.4250323609954989 -0.0680673444415192 0.040987980381717214 0.575 0.504 0.819 0.873
J-o 1D3 True F99 58565.97983568768 0.18684177540748934 5.442518452331581 0.12046837249454585 0.7204234553673117 0.1531512033310808 -0.10164800721714867 0.07561942777160754 1.013 0.892 0.44 0.589
J-o-ztfr 1D3 True F99 58566.04918963078 0.15435043295324014 5.425387867482946 0.10821755943676442 0.7151430712862206 0.15061370567558374 -0.11099535246105162 0.07095027204283853 0.915 0.797 0.571 0.726
J-ztfr 1D3 True F99 58566.270325025194 0.611751845326145 5.401052581870241 0.1387896155853934 0.7750358902297098 1.5742871888714198 -0.12098289828397354 0.07337105122332827 0.363 0.357 0.78 0.784
o  True F99 58565.9450797732 0.20234105960667245 6.214917134395472 0.7937782590661064 0.8413306456068574 0.3260619486952389 -0.32022903351837634 0.5335211358920254 1.207 1.049 0.261 0.4
o-ztfr  True F99 58566.048844315985 0.15532354952142344 6.397377020992948 0.35523374258466917 0.7627890619631529 0.19570638871793264 -0.1989246965419832 0.2436911932424443 1.045 0.909 0.404 0.562
ztfr  True F99 58566.30658417512 3.594428859587387 6.7288867000419685 32.881026024188195 0.8663014139944025 3.5601330697181597 0.03823653244168425 23.25170962685243 -1 -1 -1 -1