bps_used variant success reddening_law calibration DM e_DM st e_st Tmax e_Tmax dm15 e_dm15 EBVhost e_EBVhost rchi2_data rchi2_data_model fitprob_data fitprob_data_model
c-o  True O94 0 36.62395711480757 0.11203387997386671 1.005082445585436 0.05722989539379225 58673.64022413456 0.4686711378309735 None None 0.0313347860267027 0.10037257089086875 0.811 0.796 0.682 0.7
c-o  True F19 6 36.630833656588216 0.10331398296235185 1.0058672225299286 0.05736224592608317 58673.62605977853 0.4700459710639008 None None -0.01566039449796704 0.10288216824762342 0.813 0.798 0.68 0.698
c-o-ztfg  True F19 6 36.661168657434146 0.08870328729114832 1.0309171855117587 0.03974169816403459 58673.0070751816 0.3697473648886723 None None -0.02355791952676509 0.06303697927790256 0.645 0.63 0.932 0.942
c-o-ztfg-ztfr  True O94 0 36.60822524009163 0.08803880694522075 1.0361010480267236 0.03806439053484386 58673.08998039848 0.37328977947482495 None None 0.04808646147649048 0.06285073973539168 0.655 0.639 0.964 0.971
c-o-ztfg-ztfr  True F19 6 36.62425906339205 0.08468796590405671 1.0397387955211104 0.03664585551556898 58673.04287097954 0.3661375555725301 None None 0.0010669925650032912 0.06241373289459151 0.595 0.58 0.986 0.989
c-o-ztfr  True F19 6 36.59398584182322 0.09356400160416126 1.0102984020514578 0.039806608188980235 58673.664835211544 0.4041801358082922 None None 0.00559834742517571 0.0817740627674576 0.664 0.65 0.926 0.936
c-ztfg-ztfr  True F19 6 36.56218758948856 0.08383142223974684 1.031728998955448 0.03516346931227351 58673.11353236194 0.35896380392604116 None None 0.023128445510658287 0.062178262258581876 0.336 0.328 1.0 1.0
J-asg-c-o-ztfg-ztfr 1D3 True F19 6 36.712087945063224 0.09083074596382751 1.0688346538239442 0.03644368390563563 58673.10632631487 0.37015957081985595 None None -0.035288794639987554 0.062003990976774545 0.715 0.691 0.931 0.949
J-c-o 1D3 True O94 0 36.688922057564234 0.09605369407975349 0.9566194701272793 0.050979626958529076 58673.657144962235 0.41634385067927776 None None -0.06321384415646422 0.07148538916517846 1.086 1.036 0.357 0.414
J-c-o 1D3 True F19 6 36.68345824425422 0.09072891946922713 0.9696330413084073 0.048830951244759065 58673.67061951433 0.39916010790104045 None None -0.10406743536047003 0.07130635383510321 1.094 1.044 0.349 0.405
J-c-o-ztfg 1D3 True F19 6 36.74018559439898 0.08371387632038611 1.0709046117130934 0.03841902668015864 58673.04849737349 0.37190601597574474 None None -0.040780948568586814 0.062203576083181875 0.694 0.675 0.898 0.914
J-c-o-ztfg-ztfr 1D3 True O94 0 36.6958841910991 0.0856185500938357 1.0228912083029875 0.03770186951274766 58673.220603234746 0.3698324332552979 None None -0.012034274202161029 0.06199861832906477 0.924 0.877 0.621 0.709
J-c-o-ztfg-ztfr 1D3 True O94 1 36.72360367950045 0.08613606368565949 1.025787425703287 0.03755024184092827 58673.209546052145 0.36921486079177485 None None -0.016923060744543136 0.061774104906287756 0.892 0.849 0.682 0.759
J-c-o-ztfg-ztfr 1D3 True O94 2 36.752446007953885 0.08635848561854143 1.063451694648471 0.03864840884475047 58673.22713928076 0.3771382177366329 None None -0.014482219257280654 0.062101969657116965 0.988 0.936 0.495 0.597
J-c-o-ztfg-ztfr 1D3 True O94 3 36.704036407511175 0.08643683515174932 1.029544388673954 0.03737376791825072 58673.17964389057 0.36824086555007424 None None -0.021015035220278776 0.0617238082653693 0.839 0.8 0.776 0.835
J-c-o-ztfg-ztfr 1D3 True O94 4 36.70886773821545 0.0869007446574454 1.0308933450118447 0.03760120390093797 58673.18690369005 0.3691777306819221 None None -0.02203636455341399 0.061756916639545203 0.871 0.829 0.72 0.792
J-c-o-ztfg-ztfr 1D3 True O94 5 36.76633410571419 0.08764523655302976 1.063055039852984 0.037847738454942166 58673.21403560345 0.374168951226597 None None -0.02430027334552297 0.06178929676306749 0.895 0.852 0.674 0.75
J-c-o-ztfg-ztfr 1D3 True F19 6 36.71316922506018 0.08716246056822356 1.0776390989105014 0.036464402748433884 58673.09930561963 0.3706654606107149 None None -0.02738294263100367 0.062046677736643824 0.722 0.697 0.92 0.941
J-c-o-ztfg-ztfr 1D3 True F99 6 36.71738739242755 0.08444582680669926 1.097588502586728 0.037435490507419324 58673.02405726864 0.38147205705136095 None None -0.010775773139215069 0.06255822096027958 0.785 0.752 0.852 0.892
J-c-o-ztfg-ztfr 1D3 True O94 6 36.71321404560795 0.08544597341462934 1.0824578106478837 0.03789154988571366 58673.08823567876 0.37918158638276944 None None -0.02305588663889757 0.0627036150307113 0.75 0.722 0.893 0.921
J-c-o-ztfg-ztfr 1D3 True O94 7 36.70243824047375 0.08465149705422326 1.064118872403337 0.03679993959778233 58673.15935798385 0.3700008604787946 None None -0.03942444767767788 0.06215397443822602 0.728 0.702 0.915 0.937
J-c-o-ztfg-ztfr 1D3 True O94 8 36.68779761241385 0.08907789586863775 1.0702853150213771 0.036672130980496556 58673.13658404594 0.37106783398885346 None None -0.03539792884254487 0.06256741267300622 0.745 0.717 0.899 0.925
J-c-o-ztfg-ztfr 1D3 True O94 9 36.69874803072969 0.0849005189155151 1.0637277593115848 0.03674371274359664 58673.15595896106 0.3697854387774023 None None -0.03849056076320276 0.06218925728244426 0.721 0.696 0.921 0.942
J-c-o-ztfg-ztfr 1D3 True O94 10 36.7264772113895 0.08833270937754548 None None 58673.26189764184 0.36839144817618974 0.9799351246756075 0.06667614542387855 -0.0007148192690703862 0.06193045763201541 0.913 0.846 0.643 0.764
J-c-o-ztfg-ztfr 1D3 True O94 11 36.73834637000822 0.08818975383723154 None None 58673.33339370446 0.3669933561669573 0.9844433736896034 0.06543915787344333 -0.004274630385863153 0.06181160433285612 0.829 0.771 0.788 0.87
J-c-o-ztfg-ztfr 1D3 True O94 12 36.75159547455635 0.08754180119539517 None None 58673.32278052259 0.36744839517523625 0.9786517575045539 0.06594175682504143 -0.003200440802326547 0.061808045403034785 0.823 0.769 0.798 0.872
J-c-o-ztfg-ztfr 1D3 True O94 13 36.72195617833254 0.08904976988822225 None None 58673.29022694576 0.36545642089615105 0.9802950953866306 0.06542918217465882 -0.017332047730079136 0.0615052762374246 0.749 0.7 0.894 0.939
J-c-o-ztfg-ztfr 1D3 True O94 14 36.71172959710315 0.08890950050502047 None None 58673.31597003604 0.36686308462823336 0.9818078583398274 0.06565359967079588 -0.016511809842240415 0.06173043733934496 0.81 0.755 0.817 0.888
J-c-o-ztfg-ztfr 1D3 True O94 15 36.75936586277104 0.08818368749585613 None None 58673.2604163054 0.36695651768303533 0.9617358637958898 0.06609106239091929 -0.01842765596362836 0.061472797509112304 0.738 0.701 0.905 0.938
J-c-o-ztfr 1D3 True F19 6 36.68685964677029 0.08678021091863193 0.9938301265455923 0.038927662293898664 58673.759205049704 0.38015979673556305 None None -0.09190523005730246 0.06744893569773057 0.844 0.807 0.725 0.78
J-c-ztfg-ztfr 1D3 True F19 6 36.72668312287716 0.08324694988927982 1.1061425770149025 0.038082303189609416 58673.10820953525 0.37237684464682347 None None -0.01843329501025898 0.06219387274140724 0.628 0.6 0.94 0.956
J-o-ztfg-ztfr 1D3 True F19 6 36.720995001501855 0.08415844432798163 1.0924883237859675 0.03669804623344299 58672.803216472596 0.3773580201273642 None None -0.02139109003003302 0.06205247275491236 0.728 0.695 0.908 0.935
J-o-ztfr 1D3 True O94 0 36.82690347025788 0.09591512482910321 1.0469269694881385 0.0409456410622001 58673.2404937378 0.4402242757334358 None None -0.12558207626123002 0.06901527312355515 0.616 0.602 0.95 0.958
J-ztfg-ztfr 1D3 True O94 0 36.723387002138644 0.0915080808748113 1.0717293388067421 0.04620409790372094 58672.85576786634 0.407956678702515 None None 0.004028208015497835 0.06297899185399256 0.918 0.854 0.58 0.673
J-ztfg-ztfr 1D3 True F19 6 36.72759174117358 0.08324940415206578 1.1027466432818493 0.038134393932851784 58672.777494536844 0.38283502893180893 None None -0.01797758641493249 0.06212198842441828 0.609 0.568 0.936 0.958
o-ztfg-ztfr  True F19 6 36.64287062100215 0.08729497034630354 1.0563867691587057 0.03985885189772441 58672.89369834277 0.38380396996402155 None None 0.0023350336601408606 0.06254405328256347 0.626 0.612 0.97 0.976
ztfg-ztfr  True O94 0 36.541190048346294 0.09120459180403585 1.0600953654679266 0.04001984851573581 58672.76213674832 0.3798250107212004 None None 0.0933621724603756 0.062337410855284985 0.323 0.315 0.999 0.999
ztfg-ztfr  True F19 6 36.589628183644926 0.08606706184487246 1.0600714386610703 0.03869474191174415 58672.76254651506 0.374180610545574 None None 0.03261961557787869 0.06204737048487471 0.323 0.315 0.999 0.999