bps_used variant success reddening_law calibration DM e_DM st e_st Tmax e_Tmax dm15 e_dm15 EBVhost e_EBVhost rchi2_data rchi2_data_model fitprob_data fitprob_data_model
c-o  True O94 0 37.666331015029 0.17245974201307457 1.0448420767713475 0.07025485725882101 59155.46099743663 0.5984597802042042 None None -0.044441706145962 0.10573288478980268 0.465 0.463 0.926 0.927
c-o  True F19 6 37.660136265556254 0.16816172347886102 1.0447442607399537 0.07027409937801687 59155.462388359345 0.5987671203275896 None None -0.0861245506490817 0.10773098296668263 0.466 0.464 0.925 0.926
c-o-ztfg  True F19 6 37.49268159234767 0.1024570533875381 1.0214407289452916 0.04138522702033682 59154.43631296111 0.3842419056090448 None None -0.01067318046010369 0.06680267652158688 0.355 0.353 0.998 0.998
c-o-ztfg-ztfr  True O94 0 37.37493208602938 0.09633004285487615 1.0034002408001224 0.03776256497171238 59154.61974805203 0.39513925196891464 None None 0.07688470786900478 0.06448482984206788 0.324 0.322 1.0 1.0
c-o-ztfg-ztfr  True F19 6 37.422562389536026 0.08799948347607685 1.0078267905896612 0.03589789506991368 59154.49764976983 0.37449498749076265 None None 0.012232388413624033 0.06321615374261354 0.31 0.308 1.0 1.0
c-o-ztfr  True F19 6 37.47004881690257 0.10819665350675897 0.9968445516112193 0.038250584901629074 59155.16868675873 0.43365570172228507 None None -0.03411433121124262 0.08235677916142328 0.393 0.39 0.998 0.998
c-ztfg-ztfr  True F19 6 37.35533968099986 0.08879363842661274 0.9927515541480245 0.03583398793574113 59154.51041823327 0.38024298966212716 None None 0.032093568114762015 0.0635952398007394 0.268 0.266 1.0 1.0
J-c-o 1D3 True O94 0 37.77797282646327 0.11342404941671373 1.1634844296483329 0.05500689233034714 59155.22340063136 0.625224737329407 None None -0.05949752296682989 0.07900963077861142 0.508 0.503 0.93 0.933
J-c-o 1D3 True F19 6 37.68510739382486 0.08973348109806571 1.1625910533094173 0.045607552233644946 59155.155422117685 0.5173417889609621 None None -0.013587069475932984 0.06922836142606292 0.501 0.495 0.934 0.937
J-c-o-ztfg 1D3 True F19 6 37.629143385252355 0.08490163935337518 1.091111792428212 0.044148412266038266 59154.339343643966 0.38853015715435424 None None -0.030358761309851087 0.06381097914705532 0.37 0.365 0.998 0.998
J-c-o-ztfg-ztfr 1D3 True O94 0 37.689740861941615 0.09246570142727203 1.1516822971905007 0.04091194662702654 59154.43471283502 0.39854389961433684 None None -0.026242077579027072 0.06475630503449838 0.486 0.475 0.998 0.998
J-c-o-ztfg-ztfr 1D3 True O94 1 37.71265557654012 0.09287628466602821 1.1503984689286946 0.04015774232160011 59154.41695109809 0.3957564962971513 None None -0.030317985461327555 0.06403570568736283 0.46 0.451 0.999 0.999
J-c-o-ztfg-ztfr 1D3 True O94 2 37.71279336099962 0.09001346089315429 1.1717459310076157 0.038097288626068274 59154.41534990898 0.3966588801593973 None None -0.0340056157587167 0.06428170535194995 0.449 0.439 0.999 0.999
J-c-o-ztfg-ztfr 1D3 True O94 3 37.687642430902144 0.092808926308218 1.137207542941655 0.040460109140812016 59154.40380738177 0.3932636319078597 None None -0.027875225733626826 0.06336638696955428 0.447 0.439 0.999 0.999
J-c-o-ztfg-ztfr 1D3 True O94 4 37.699251874102465 0.09317420260791026 1.1459353232443614 0.040092112764824966 59154.4041157385 0.39437382502495 None None -0.032079449632272 0.06361664994388355 0.45 0.441 0.999 0.999
J-c-o-ztfg-ztfr 1D3 True O94 5 37.72300908009071 0.09084129071191979 1.1659792446418247 0.03761624157738471 59154.408565636135 0.3944515251958128 None None -0.04158913164851829 0.06359454501843723 0.433 0.424 0.999 1.0
J-c-o-ztfg-ztfr 1D3 True F19 6 37.584999277122655 0.08428627728194908 1.1005244239066312 0.0369815219648503 59154.27357419704 0.3853536558469598 None None -0.008323983756393406 0.062493871905177266 0.371 0.365 1.0 1.0
J-c-o-ztfg-ztfr 1D3 True F99 6 37.60535664462738 0.0869592962491598 1.1035340974860743 0.03857308984297422 59154.24885904907 0.4012506366696064 None None -0.011603483158698613 0.0633912986675019 0.372 0.366 1.0 1.0
J-c-o-ztfg-ztfr 1D3 True O94 6 37.591193894757936 0.08662894118287193 1.1050981621404103 0.03900063230908317 59154.25272618242 0.40109445280185 None None -0.007935760504033171 0.06350057778642994 0.372 0.366 1.0 1.0
J-c-o-ztfg-ztfr 1D3 True O94 7 37.63614207327019 0.08718014136704327 1.1370872689493703 0.03853475508451406 59154.387194042574 0.39187410399573586 None None -0.017110382968959056 0.06279082898295982 0.429 0.421 0.999 1.0
J-c-o-ztfg-ztfr 1D3 True O94 8 37.624538122251685 0.08595294785156836 1.1351870059530165 0.0381392788703916 59154.37871877966 0.39180490217921526 None None -0.01444407844699723 0.0632954513932956 0.426 0.419 1.0 1.0
J-c-o-ztfg-ztfr 1D3 True O94 9 37.63268695389567 0.08699062930036554 1.1349472444750746 0.03861582712798999 59154.38677166892 0.391673214962372 None None -0.01724224013623064 0.06285516497712637 0.428 0.42 1.0 1.0
J-c-o-ztfg-ztfr 1D3 True O94 10 37.60057342813128 0.09168887713841878 None None 59154.70851214707 0.3890831495711027 0.9771670363868068 0.06900857144810792 -0.0015823010033568096 0.06289749588237724 0.497 0.487 0.997 0.998
J-c-o-ztfg-ztfr 1D3 True O94 11 37.61491893457225 0.09155686754458679 None None 59154.704657223665 0.3892125937293917 0.9758367734168937 0.06901759938516976 -0.004775140992227721 0.06281391312413137 0.494 0.485 0.997 0.998
J-c-o-ztfg-ztfr 1D3 True O94 12 37.6269764075786 0.09022164187594343 None None 59154.68736352848 0.38978543575369295 0.9709944454428396 0.06896789953141357 -0.004006451678753488 0.0627470793020223 0.486 0.477 0.998 0.998
J-c-o-ztfg-ztfr 1D3 True O94 13 37.60644938280598 0.09211879690598429 None None 59154.6635110773 0.3840279604388788 0.9763553788018582 0.06791311213089547 -0.02212351082425333 0.06223621791138093 0.427 0.419 1.0 1.0
J-c-o-ztfg-ztfr 1D3 True O94 14 37.59319296851511 0.09210804952397136 None None 59154.681806147564 0.3875856861168993 0.9749070588420645 0.06869400270449144 -0.018680977130125617 0.06259475010768507 0.467 0.459 0.999 0.999
J-c-o-ztfg-ztfr 1D3 True O94 15 37.63965200266381 0.09034188957544775 None None 59154.63799121908 0.3850161781720686 0.9684608265693075 0.06764617210659733 -0.02249052128042214 0.062124320448727066 0.419 0.412 1.0 1.0
J-c-o-ztfr 1D3 True F19 6 37.635493995825065 0.09100928160288775 1.1137334259438354 0.0418472119644631 59154.82731687262 0.45546383689895237 None None -0.032897703095781376 0.07111138183269397 0.511 0.503 0.988 0.989
J-c-ztfg-ztfr 1D3 True F19 6 37.57581740473111 0.0855928942075373 1.1156403326368078 0.038546111549191395 59154.224562852214 0.39824601193904613 None None 0.0060191953127632794 0.06306040910687354 0.408 0.399 0.999 0.999
J-o-ztfg-ztfr 1D3 True F19 6 37.61478812248833 0.08468769083687205 1.1267191858531642 0.03684873929913354 59154.322816788255 0.3913497435587437 None None -0.009856312452526715 0.06247329095274303 0.363 0.356 1.0 1.0
J-o-ztfr 1D3 True O94 0 37.69381200748499 0.3972628252053531 1.0584220039133025 0.045320103702798514 59154.07335269711 0.45871906057494344 None None -0.12138608906061472 0.0727262013964079 0.32 0.316 1.0 1.0
J-ztfg-ztfr 1D3 True O94 0 37.66065070710385 0.09978067099255442 1.1473839560844799 0.04619605745355182 59154.36702992266 0.43896670916399005 None None -0.016526943913067933 0.06718306907989167 0.51 0.493 0.982 0.986
J-ztfg-ztfr 1D3 True F19 6 37.60782474191137 0.08569306685171738 1.1387132515408478 0.037950065717201165 59154.287774819866 0.40426658201281923 None None -0.001161200272122577 0.06284822376273434 0.372 0.361 0.998 0.999
o-ztfg-ztfr  True F19 6 37.37979582635889 0.08722411524662516 0.9957525008287039 0.03529566023605265 59154.71164935191 0.383977203628431 None None 0.024320032973138176 0.06299475121435022 0.271 0.269 1.0 1.0
ztfg-ztfr  True O94 0 37.27076279978488 0.09355135592722844 0.9912947334412952 0.03493862663784101 59154.553725703205 0.37903906371670326 None None 0.11816478380219189 0.06249657820062444 0.158 0.156 1.0 1.0
ztfg-ztfr  True F19 6 37.32060737718614 0.0859862539847954 0.9911579149129541 0.03424296029762465 59154.55513220322 0.3734751685576431 None None 0.0499132813581685 0.062268757571380354 0.158 0.156 1.0 1.0