bps_used variant success reddening_law t0 e_t0 x0_mag e_x0_mag x1 e_x1 c e_c rchi2_data rchi2_data_model fitprob_data fitprob_data_model
c  True F99 59158.4483303427 3.7969500029385475 8.539957557803362 0.32497009533924726 5.467783127413042 5.977635855680859 -1.1025019178081588 1.8319422689750777 0.585 0.582 0.557 0.559
c-o  True F19 59154.97585405094 0.5574478760868536 7.960263910213117 0.14778526797950292 0.30234139382089326 0.7661341588031806 0.026046659861992144 0.11369431984695913 2.225 2.004 0.003 0.01
c-o  True F99 59154.96014306257 0.5458474779977915 8.739434479709594 0.143942897994393 0.3061973932511902 0.7530794246427598 -0.05887019446807645 0.11040978991302008 0.672 0.668 0.825 0.828
c-o-ztfg  True F19 59155.19906369606 0.33280574258762374 7.927220523101498 0.05710736276959095 0.0259568171732429 0.4268777179180523 0.023356091030517865 0.05790148208195233 3.133 2.665 0.0 0.0
c-o-ztfg  True F99 59155.198936105764 0.3253811061262955 8.701813797012848 0.05623923856475578 0.017429447740963253 0.41842757851124524 -0.06328832637700255 0.05622742869485388 0.472 0.469 0.993 0.993
c-o-ztfg-ztfr  True F19 59155.00538650467 0.25627624674536237 7.593270350509628 0.05132479152145431 -0.05398883019263874 0.3101167443478603 -0.051390929561716356 0.04249995878273926 0.401 0.368 1.0 1.0
c-o-ztfg-ztfr  True F99 59154.984082073366 0.2448248539100805 7.59885227331125 0.050535061357681946 -0.0626534085803701 0.3016240639182498 -0.059907856602928494 0.04150538670907084 0.401 0.398 1.0 1.0
c-o-ztfr  True F19 59154.79867600645 0.3195085314230432 7.947493205858384 0.13352122252123516 -0.011460551112762361 0.388742461531192 0.04223092807565225 0.10480990875156299 2.826 2.219 0.0 0.0
c-o-ztfr  True F99 59154.784512918 0.30085944766533373 8.724928678700014 0.1291888105722417 -0.023725501701490306 0.37637940718161483 -0.04439478631396123 0.10153446030451631 0.447 0.443 0.998 0.998
c-ztfg  True F99 59155.40550342425 0.3771318770046432 8.714851180866802 0.06940973429231222 0.005818166229766521 0.5004848000881625 0.015936910575977525 0.1663790950800633 0.289 0.288 0.997 0.997
c-ztfg-ztfr  True F19 59155.08011667475 0.27824862999849925 7.9223736083919345 0.05289927398762996 -0.07544087343170452 0.33602315531909854 0.030289598474795357 0.04661307148961269 3.908 3.074 0.0 0.0
c-ztfg-ztfr  True F99 59155.05943664128 0.2657525307554426 8.697060193236496 0.0517584453741111 -0.08327208755635003 0.3266664822418271 -0.05828886333299002 0.04518334503105931 0.326 0.323 1.0 1.0
c-ztfr  True F99 59154.85978900859 0.34425682865181795 8.725035995270602 0.1406497809237951 -0.07061965535558816 0.4270195907778792 -0.03631329734459221 0.11580490296019157 0.38 0.378 0.995 0.995
J 1D3 False F99 59153.77307655688 7.278022484568302 15.523701981444724 26.784913831665403 31.9339786157087 309.9361796293853 2.1492879133762486 9.891576109736002 None None None None
J-c 1D3 True F99 59154.86640178948 0.4208745434098544 7.556028538487445 0.16778727046717928 -0.2718274216823751 1.254534661750554 -0.10487363724102872 0.06658440631706727 0.793 0.791 0.575 0.577
J-c-o 1D3 True F99 59154.72491303179 0.37451837409754407 7.61112025783714 0.11524128764940607 0.1879822222954083 0.6968921765385269 -0.08808766443157294 0.05688684926531133 0.615 0.61 0.899 0.903
J-c-o-ztfg 1D3 True F99 59155.000184065335 0.26686882718515764 7.58568403162943 0.05300220493560917 -0.10858680126762357 0.3857828514605262 -0.08613006035814832 0.036007558928340275 0.49 0.485 0.993 0.994
J-c-o-ztfg-ztfr 1D3 True F19 59154.96090008176 0.23413662049778317 7.5767513350307745 0.04794338248361168 -0.06546058204596163 0.3023147269265396 -0.07293936729170356 0.03370503378110477 0.428 0.378 1.0 1.0
J-c-o-ztfg-ztfr 1D3 True F99 59154.95154382236 0.23409587661248674 7.911755351763765 0.04823382587247441 -0.07637971581644469 0.30179367569508336 0.012070834859107414 0.03404194481572244 2.863 2.278 0.0 0.0
J-c-o-ztfg-ztfr 1D3 True O94 59154.95127104126 0.23397426233418833 7.91174207617844 0.048215067426667146 -0.07639215281283875 0.30170271712419466 0.012066935083472698 0.03401056176097367 3.101 2.461 0.0 0.0
J-c-o-ztfr 1D3 True F99 59154.74446477064 0.2552391738068419 7.56267231446142 0.0825055161090451 -0.03644665135266642 0.3621283639839896 -0.09730996493314141 0.05272175162433805 0.444 0.436 0.999 0.999
J-c-ztfg 1D3 True F99 59155.09223456438 0.2866237285853156 7.575592632339962 0.05569336309639029 -0.20380962164385485 0.43216119086443083 -0.09168321199201511 0.040611448506419755 0.396 0.393 0.991 0.991
J-c-ztfg-ztfr 1D3 True F99 59154.9734966816 0.22657048258809845 7.5796302450683575 0.04796685840139112 -0.13055081436403823 0.30809256324606915 -0.07918258746327694 0.03325937997832544 0.36 0.349 1.0 1.0
J-c-ztfr 1D3 True F99 59154.80592558153 0.2735489838674366 7.552522159413529 0.08515265626980575 -0.10046182530445016 0.4026857397956543 -0.09947507209061886 0.05347368778284172 0.392 0.384 0.997 0.997
J-o 1D3 True F99 59154.286918503785 0.49245236257922814 7.590130129968959 0.1920057403899464 0.29340966519951783 0.8176834251624242 -0.112087876847384 0.09048598288310065 0.514 0.511 0.907 0.909
J-o-ztfg 1D3 True F99 59154.90634833947 0.28988048108840797 7.583132212636048 0.05586001843857865 -0.17123676810877375 0.39544168805763596 -0.08960370613791033 0.03644291026207161 0.482 0.476 0.986 0.987
J-o-ztfg-ztfr 1D3 True F99 59154.84701693465 0.22865588453430022 7.579709857992187 0.04920130667813465 -0.13233214254974718 0.293341092834145 -0.08089907822275437 0.03289330194299796 0.4 0.388 1.0 1.0
J-o-ztfr 1D3 True F99 59154.55720033018 0.28476235078774087 7.497468727547059 0.11201880972574305 -0.10658397415981506 0.3718455742862941 -0.1365550038487348 0.07048020767314012 0.371 0.368 0.999 0.999
J-ztfg 1D3 True F99 59155.00803152594 0.31424890343718076 7.573080864660591 0.05866334978883062 -0.29823789428066416 0.4431634293207014 -0.09726742596140325 0.041124455074001025 0.331 0.329 0.984 0.984
J-ztfg-ztfr 1D3 True F99 59154.904648812255 0.24123745899291688 7.574178671554478 0.05033351314624292 -0.17149457919125044 0.31290401268486 -0.08099816465715232 0.03380524106514259 0.325 0.31 1.0 1.0
J-ztfr 1D3 True F99 59154.592670039216 0.3138624366355483 7.485357847074245 0.11609708209174041 -0.1973523127427962 0.4171855407955018 -0.1386916152382195 0.0711490401659671 0.259 0.257 0.999 0.999
o  True F99 59154.222497965515 0.7398491251492496 9.69499041091861 4.361875726158088 -0.014709090493828379 1.3810429894269678 0.5809178022424215 2.928933958084095 0.653 0.649 0.752 0.756
o-ztfg  True F99 59155.10111306036 0.35908358194806206 8.697401649566485 0.058604132650042245 -0.0609516786453083 0.4259817292087902 -0.06909887681479127 0.05676875313802541 0.478 0.475 0.981 0.982
o-ztfg-ztfr  True F19 59154.924826540846 0.2728647907696457 7.921117182054223 0.053886843381862684 -0.10061159985648081 0.31381943972779663 0.02645738085821272 0.04336848827375069 3.383 2.639 0.0 0.0
o-ztfg-ztfr  True F99 59154.907705647434 0.25985056098146303 8.696109438595823 0.05296689713197626 -0.1083019880110451 0.3055742946421726 -0.06172406743957047 0.04226502166669839 0.384 0.381 1.0 1.0
o-ztfr  True F99 59154.60092444254 0.33087439123237977 8.541354481560745 0.5870700024267637 -0.07222220243186186 0.39118961764988625 -0.18234378948225455 0.4486630853893889 0.4 0.397 0.998 0.998
ztfg  True F99 59156.53106040796 1.2869148070652927 10.041422300483287 1.7069553504189285 1.1455175837602631 1.437754725873473 -3.9737156070842117 1.8817239708525064 0.171 0.169 0.997 0.997
ztfg-ztfr  True F19 59155.00299402804 0.29968081427258836 7.918844456417425 0.0552104798999321 -0.12948636116934678 0.34027545927216857 0.029720303156748833 0.04710159611176473 4.3 3.292 0.0 0.0
ztfg-ztfr  True F99 59154.98241769792 0.2842248846590036 8.693405858288346 0.05418721074953559 -0.13695068885844183 0.33095646780155047 -0.05899427882157124 0.04570609908377286 0.286 0.283 1.0 1.0
ztfr  True F99 59154.70617952992 0.36013567725217194 12.16862726644153 5.740263881758134 -0.4734919000329265 0.5915557233214467 2.531619610189071 4.088246703166562 0.259 0.256 0.997 0.997