bps_used variant success reddening_law t0 e_t0 x0_mag e_x0_mag x1 e_x1 c e_c rchi2_data rchi2_data_model fitprob_data fitprob_data_model
c  True F99 59141.84754196413 2.7651806045397453 9.148199496870202 2.7604845410875605 0.9349680988302774 2.3967312211066543 1.172522163021437 3.4525160933058383 0.76 0.758 0.467 0.468
c-o  True F19 59142.64183403884 0.9716748011430018 8.576789710273843 0.13949327659261368 1.4514298825832017 1.1563055268131481 0.06746656386963565 0.12211037735035905 0.658 0.627 0.911 0.933
c-o  True F99 59142.64442480328 0.9624131288687477 8.374378256127368 0.13774589195194117 1.4567377031872732 1.1456621300691452 0.010165229790882477 0.12042354422306042 0.296 0.296 1.0 1.0
c-o-ztfg  True F19 59143.10299312191 0.5004314591685634 8.492714384280177 0.05124187170587072 0.7881915920951391 0.6101038165143272 0.025800508236372654 0.05880073120475633 1.136 1.018 0.261 0.438
c-o-ztfg  True F99 59143.109284181584 0.49654032986446767 8.292481374226139 0.05067770688200075 0.7839684630654343 0.6040197122934218 -0.029393653576467175 0.05796771513490782 0.327 0.327 1.0 1.0
c-o-ztfg-ztfr  True F19 59143.062639329015 0.4031898369006145 8.287358333912003 0.04883955758897958 0.7414651134968682 0.5151687992965336 -0.012044460671235213 0.04500684763578048 0.29 0.284 1.0 1.0
c-o-ztfg-ztfr  True F99 59143.06121848451 0.3981103043035261 8.2910444920508 0.04841781309829949 0.7380879069862063 0.5081995553660322 -0.018386944173831195 0.04448428838306135 0.29 0.289 1.0 1.0
c-o-ztfr  True F19 59142.81607425552 0.5690347622903474 8.541605419746576 0.13067629234781902 1.111162249694487 0.7339475605543258 0.058731907574669416 0.10787713866375552 0.827 0.754 0.769 0.867
c-o-ztfr  True F99 59142.821785807966 0.5587029622120435 8.33843430148045 0.12872700406517457 1.1106631235124897 0.721834629208481 0.0010503240844083094 0.10629112629887885 0.271 0.27 1.0 1.0
c-ztfg  True F99 59143.27695725384 0.5451367444783831 8.281350476078678 0.05478144782362219 0.6180716990638857 0.660842549193916 -0.010698843324454005 0.18498432749147004 0.38 0.378 0.981 0.981
c-ztfg-ztfr  True F19 59143.164380733644 0.4252879960084081 8.482746380472705 0.04967501932386999 0.600850506678854 0.5484568596418534 0.042436950732837854 0.051205754409541955 1.696 1.474 0.013 0.054
c-ztfg-ztfr  True F99 59143.166255980424 0.41964774855759074 8.282647021216135 0.04905617092100672 0.5993437672319539 0.540225335788447 -0.01226398523380742 0.05037594698278649 0.284 0.283 1.0 1.0
c-ztfr  True F99 59142.96449875016 0.6300156614674872 8.323271397842797 0.13572118754007248 0.9475375151545864 0.8273499684833335 0.0019234092773014904 0.11861460833501462 0.296 0.294 0.996 0.996
J 1D3 True F99 59141.69896628165 1.5406682258947322 6.812481247828158 70.73847665374954 -13.452541701242644 98.97969327674947 -0.3372363199826234 27.252187883953333 -1 -1 -1 -1
J-c 1D3 True F99 59141.60823656607 0.49815825224272325 8.42305595727802 0.1232357849576932 0.9121696736551465 1.4087551228141209 0.07367488168795969 0.05625480961254517 0.436 0.435 0.823 0.824
J-c-o 1D3 True F99 59141.71028957711 0.4585827707262226 8.42475980082975 0.09903754600460989 0.8311730131557173 0.9155072232863865 0.0738757718593673 0.05555605693734674 0.297 0.296 1.0 1.0
J-c-o-ztfg 1D3 True F99 59142.31767220494 0.36028571365832 8.303653597826262 0.04794303461767407 0.29008699022621043 0.5366694755123773 0.024011923649165615 0.03623531863081661 0.464 0.452 0.999 0.999
J-c-o-ztfg-ztfr 1D3 True F19 59142.52287602423 0.3268067074233707 8.301961402020048 0.04643313972836733 0.38658707429994926 0.468092997827092 0.02339851239847042 0.0349960981818356 0.416 0.386 1.0 1.0
J-c-o-ztfg-ztfr 1D3 True F99 59142.51702693433 0.32734406886128276 8.509192113678413 0.04667372231354213 0.37908199199645826 0.4678483250400816 0.0766840933339065 0.035275112399992765 1.149 0.996 0.209 0.483
J-c-o-ztfg-ztfr 1D3 True O94 59142.516817267955 0.3272854122999341 8.509211696982291 0.0466644045612488 0.3789771963849939 0.4677960203284761 0.07670618866238736 0.03525646473418459 1.211 1.047 0.136 0.38
J-c-o-ztfr 1D3 True F99 59142.10233613458 0.3741870563926155 8.404847199756075 0.08614173981613125 0.6420211131648003 0.6284662019986343 0.06838191975778779 0.05546937589332011 0.338 0.336 1.0 1.0
J-c-ztfg 1D3 True F99 59142.35065481029 0.373949556372195 8.28519625143792 0.049359954278368555 0.08240014836201717 0.5809606020019669 0.037682881371325236 0.03895495786705169 0.655 0.651 0.85 0.853
J-c-ztfg-ztfr 1D3 True F99 59142.506847101366 0.3249919494109009 8.296001910375399 0.046554715611955955 0.19624933429911887 0.4828010639777761 0.023746170990260208 0.035524533655570276 0.512 0.494 0.987 0.991
J-c-ztfr 1D3 True F99 59142.0828048705 0.3940677705894649 8.391918224912732 0.09010452983608744 0.49136039417180116 0.7182284940812468 0.06786591730119873 0.05533928337318479 0.435 0.432 0.981 0.982
J-o 1D3 True F99 59141.64807699714 0.48643808931995164 8.4475234998377 0.17189207537304868 0.675457178510875 1.1547810847350222 0.08472806358611791 0.0859975459928722 0.282 0.282 1.0 1.0
J-o-ztfg 1D3 True F99 59142.280066636034 0.369615371457293 8.286491213934632 0.05120331258879597 0.08810297082278237 0.5701027604933372 0.019972762407393495 0.03633237520948805 0.466 0.453 0.997 0.998
J-o-ztfg-ztfr 1D3 True F99 59142.46369439806 0.3218764019463894 8.295574448133745 0.048634734249322235 0.21050285018036188 0.4776005407777766 0.015358864477682399 0.03506654232602183 0.421 0.404 1.0 1.0
J-o-ztfr 1D3 True F99 59142.09122365312 0.38284191622794994 8.423689772348945 0.11455689324497768 0.49311110772850775 0.6919293450271681 0.08391288297816596 0.06974800026001045 0.333 0.332 1.0 1.0
J-ztfg 1D3 True F99 59142.31180641957 0.3815676061272282 8.258182779912833 0.05308018447606553 -0.22505541324867828 0.6265155466224666 0.03440603452271747 0.0385561327744714 0.706 0.704 0.734 0.736
J-ztfg-ztfr 1D3 True F99 59142.49296850264 0.3302486263114316 8.280727451871218 0.049343318761772684 -0.0016310533376847334 0.5067228500211214 0.02178386658534444 0.03586679357599187 0.521 0.5 0.973 0.98
J-ztfr 1D3 True F99 59142.080516035676 0.4034305132223073 8.39461903585785 0.12415558670805436 0.2215573432278481 0.8306624887717305 0.07533455158097824 0.07053156374857297 0.46 0.458 0.938 0.939
o  True F99 59142.68895295533 1.4216115837045942 9.031281778885425 4.15967964636092 1.2561470328332882 1.599770503700864 0.487491522287405 2.949477404874622 0.299 0.299 0.999 0.999
o-ztfg  True F99 59143.148257520545 0.5297045024942597 8.282243317911977 0.053636454792615945 0.600538746950642 0.6464101201386765 -0.03223404607260369 0.058046459631215304 0.311 0.31 1.0 1.0
o-ztfg-ztfr  True F19 59143.07497401738 0.4175002593902395 8.482515652395325 0.05168148303815067 0.6047513607755013 0.5404613738483746 0.034586418317975556 0.04557513592527332 1.106 0.97 0.289 0.529
o-ztfg-ztfr  True F99 59143.07853713472 0.41183409355913075 8.282793457926173 0.05110255961139601 0.6036781853527139 0.5324646562862653 -0.02022909846920356 0.04494896496710549 0.274 0.273 1.0 1.0
o-ztfr  True F99 59142.831665154954 0.5893078168961042 8.16893046025724 0.7409955666022721 0.9625372548932425 0.8001665921376311 -0.12636626845325932 0.5850414884435282 0.262 0.261 1.0 1.0
ztfg  True F99 59143.09346662375 1.3246472396211324 8.335295427755838 0.612531856637586 0.07877922264245821 1.4177520627953533 0.7234577924432091 3.632687072900423 0.276 0.275 0.974 0.974
ztfg-ztfr  True F19 59143.19025133758 0.4408695474307825 8.471260699280968 0.0523596037662051 0.40773370295991757 0.5791541030831574 0.04252759500122241 0.05140290341859948 1.796 1.529 0.014 0.057
ztfg-ztfr  True F99 59143.191899243386 0.4345381233203895 8.271527789504288 0.05173219186179329 0.4088005605113164 0.5694902880860979 -0.012064567627287632 0.050598926034028636 0.23 0.229 1.0 1.0
ztfr  True F99 59142.92634965405 0.6871801644715639 3.6221981873746145 4.268941864261115 0.950473585232657 0.9730999875525184 -4.106148891513266 4.008569181059712 0.142 0.141 0.998 0.999