bps_used variant success reddening_law t0 e_t0 x0_mag e_x0_mag x1 e_x1 c e_c rchi2_data rchi2_data_model fitprob_data fitprob_data_model
c  False F99 58572.69864376358 -1.0 7.670221477004828 6.889085934300172 0.00998193322214979 -1.0 0.0017761593095959624 9.4348135420275 None None None None
c-o  True F19 58549.93063879266 0.29542806338943084 5.776134391606298 0.22824863338563958 -0.8593380395366446 0.3427671394235564 -0.3848286790389044 0.14852641533945404 2.875 1.344 0.001 0.186
c-o  True F99 58549.919996140234 0.21111299367924755 6.773155447180146 0.18827443687844972 -0.9374444433320466 0.27668576932943517 -0.4154371936379289 0.12342605811560407 1.765 1.665 0.048 0.067
c-o-ztfg  True F19 58550.281824892365 0.21904872861776406 6.074357291851378 0.044000030781747884 -0.63974259748521 0.21535456274625117 -0.1925402167136232 0.03517392130620966 2.415 1.276 0.0 0.173
c-o-ztfg  True F99 58550.20364962032 0.17189585535403076 7.087260893075797 0.04075092868893311 -0.676047266288958 0.18390520160464147 -0.21207319846933007 0.03192855104759972 1.321 1.248 0.143 0.194
c-o-ztfg-ztfr  True F19 58550.37713612522 0.19469576116343443 5.998740772302709 0.04222019022391131 -0.6690921121856032 0.1838266621491143 -0.19600778764365728 0.03187147871026518 1.119 0.681 0.299 0.905
c-o-ztfg-ztfr  True F99 58550.29849032231 0.15200352435064463 5.9923133756033655 0.0390981293166681 -0.7005399967750616 0.15541045806843243 -0.19785706342238302 0.02916750624497917 1.116 1.022 0.302 0.432
c-o-ztfr  True F19 58550.143307226375 0.2432860751992847 5.78820181707839 0.19630050148995798 -0.8460781385122936 0.2505502481333989 -0.36706913323857054 0.13057526100367806 2.042 1.03 0.003 0.421
c-o-ztfr  True F99 58550.102268152594 0.17840058957247124 6.809095131799038 0.16311608345659884 -0.8804152600724242 0.2033623844652931 -0.3839231620365621 0.10902126283982326 1.255 1.161 0.193 0.275
c-ztfg  True F99 58550.64429197987 0.34747262005039664 7.145833874054441 0.05510883613043699 -0.7331921181003417 0.34088059553094363 -0.10034913327028924 0.1441200427448566 0.253 0.249 0.971 0.973
c-ztfg-ztfr  True F19 58550.64681528193 0.28419485820421614 6.104990322300163 0.04490065896663561 -0.6740567736981142 0.2250743106783638 -0.1445464253762101 0.041401350244824345 1.334 0.807 0.172 0.671
c-ztfg-ztfr  True F99 58550.63969233562 0.24619413186207967 7.123620042933056 0.04179159069769413 -0.6824082482400675 0.19497562578394778 -0.16775785788807537 0.03764385161032504 0.234 0.225 0.999 0.999
c-ztfr  True F99 58550.54303613458 0.3757129628931665 6.989321139999998 0.21844433647988099 -0.7675781394391159 0.3011661103619166 -0.2588777350118342 0.14878126967341937 0.228 0.217 0.968 0.972
J 1D3 True F99 58550.793437586544 5.02616921794151 7.561662492884866 58.85810492324869 26.839474715183268 455.33698346687095 0.27888658627237417 22.58780132392014 -1 -1 -1 -1
J-c 1D3 True F99 58550.7862115848 1.738713820623008 8.231960567976056 1.136992640010281 15.457197254532485 16.53611693315069 0.5681021363324691 0.3078634280793295 -1 -1 -1 -1
J-c-o 1D3 True F99 58550.13069858712 0.19806328418774968 6.188675456601602 0.08755548421039663 -0.5748883062281899 0.23922340439232867 -0.06782678763552064 0.048029387363396354 3.107 2.24 0.0 0.004
J-c-o-ztfg 1D3 True F99 58550.243250845146 0.1629400026119641 6.043049258017495 0.03857324609548372 -0.6811951162143528 0.18125520127207145 -0.1431669526493738 0.02511964514454748 3.915 1.75 0.0 0.013
J-c-o-ztfg-ztfr 1D3 True F19 58550.3611381739 0.18878200650586371 6.032924099093485 0.04092188482885705 -0.6961430997424525 0.18220381338098277 -0.1544296326392714 0.027695321241613686 3.491 0.85 0.0 0.708
J-c-o-ztfg-ztfr 1D3 True F99 58550.36036696128 0.1886938092710531 6.114343243923425 0.04096726056469675 -0.6974002440891438 0.18216433039554372 -0.13388592906005609 0.027731666453265778 4.523 1.207 0.0 0.195
J-c-o-ztfg-ztfr 1D3 True O94 58550.360235093554 0.18860710813525913 6.114355890221613 0.04095837440793181 -0.6974082346780708 0.18211004910768558 -0.13387977482821803 0.02772120370376949 4.633 1.233 0.0 0.171
J-c-o-ztfr 1D3 True F99 58550.25682611468 0.16868223806088728 6.154109905077249 0.07916539068382658 -0.6621465451605046 0.1870051030018991 -0.07907512208229717 0.04593615152036954 2.313 1.615 0.0 0.031
J-c-ztfg 1D3 True F99 58550.6440818135 0.306167084820945 6.050365346311066 0.04360807110940832 -0.7426036336999531 0.2503828019870852 -0.08797558063753544 0.02868770169676053 0.639 0.63 0.765 0.772
J-c-ztfg-ztfr 1D3 True F99 58550.538466946986 0.21964012719022458 6.050812313869397 0.040096295701715495 -0.7640537872601723 0.18578004092091627 -0.11328432130078968 0.025690217387587356 1.47 0.649 0.095 0.855
J-c-ztfr 1D3 True F99 58550.6183121931 0.33027124580872413 6.171522359766435 0.1047903525976249 -0.6084297066551252 0.27830243426663187 -0.05453261827396718 0.05208327933382823 1.11 0.892 0.352 0.522
J-o 1D3 True F99 58550.01485440339 0.20059762377518067 6.291205085796976 0.09441085603036557 -0.9821247387295668 0.27708183126152935 -0.009595835757351099 0.051291410139961933 2.032 1.923 0.015 0.023
J-o-ztfg 1D3 True F99 58550.21781028043 0.163846125215855 6.040258293053991 0.03877054092054299 -0.7801521747879974 0.20082532208156115 -0.14431298277284646 0.0252225522637948 4.238 1.853 0.0 0.009
J-o-ztfg-ztfr 1D3 True F99 58550.2820596367 0.14601163333987066 6.041441802725139 0.03732774326573245 -0.7906599023086832 0.1631789741264378 -0.14202379767898154 0.024327531404438982 3.117 1.422 0.0 0.063
J-o-ztfr 1D3 True F99 58550.220504671495 0.17029662139317503 6.206077378882877 0.08252202147443048 -0.8067178598577831 0.19874540748420338 -0.04651697555943794 0.04782676532553223 1.853 1.547 0.01 0.052
J-ztfg 1D3 True F99 58550.64901660411 0.308407732476739 6.050759973870369 0.044803568894373084 -0.7316089057315325 0.30160472904907076 -0.08739135806679958 0.02940702339130897 0.804 0.794 0.584 0.592
J-ztfg-ztfr 1D3 True F99 58550.522343052355 0.2210010992694892 6.0485653949156255 0.040269888662820524 -0.8191752708133461 0.20228877238988816 -0.11360274642921987 0.02571565991286117 1.604 0.702 0.064 0.785
J-ztfr 1D3 True F99 58550.593272010345 0.34173037135275064 6.201916023454695 0.1094264576547629 -0.7592429375084002 0.299203865319557 -0.03550511081133306 0.054256807727856696 0.869 0.852 0.517 0.529
o  True F99 58549.9147668067 0.2269831043626669 6.714081093014171 1.0143902091874144 -0.9392230879720485 0.30321423569456984 -0.45460985476483273 0.6784186369828369 2.103 1.984 0.021 0.031
o-ztfg  True F99 58550.17222912998 0.17282691143169376 7.082573320162256 0.04105710954658457 -0.7906367424747607 0.2037289400895758 -0.21492458769903572 0.03215206207574827 1.364 1.289 0.128 0.173
o-ztfg-ztfr  True F19 58550.3596539553 0.19588313705281724 6.0782028115088576 0.04244076430070061 -0.7327270315250021 0.1976086237441208 -0.17585819601008842 0.03205070076308936 2.071 1.104 0.001 0.321
o-ztfg-ztfr  True F99 58550.28001549837 0.15260566368738746 7.092284480526521 0.03927654744135682 -0.762578186277715 0.166018326775772 -0.19666784563905584 0.029314420302949052 1.154 1.055 0.262 0.385
o-ztfr  True F99 58550.05123814198 0.18703175473678718 6.4460135759411425 0.44762497816845626 -0.8777063015327431 0.20599298679031708 -0.6343964782543289 0.31048159914284607 1.305 1.232 0.168 0.22
ztfg  True F99 58549.989904350936 0.9655815321930424 8.036705655130596 2.1517568024110685 -1.3704159123623754 0.736952380710788 1.910214861952172 3.7872429049611216 0.304 0.296 0.911 0.916
ztfg-ztfr  True F19 58550.63082121969 0.28603455324929816 6.1025130793456235 0.04520998732556733 -0.728056091277419 0.24582424809988887 -0.14475833502672616 0.04162158909761045 1.429 0.835 0.137 0.623
ztfg-ztfr  True F99 58550.622113275276 0.24760278930324608 7.121594910119924 0.041977193382113934 -0.7359967366764788 0.21150914520771127 -0.16771275243223682 0.03777172677570625 0.232 0.225 0.998 0.998
ztfr  True F99 58550.54091692765 0.4886600010149354 7.009483173679303 4.653905154358427 -0.7779428842971137 0.3138692128464641 -0.24350990759473118 3.3668629341014435 0.313 0.298 0.869 0.88