bps_used variant success reddening_law t0 e_t0 x0_mag e_x0_mag x1 e_x1 c e_c rchi2_data rchi2_data_model fitprob_data fitprob_data_model
c  True F99 59185.007186028946 0.14316570801609152 6.696000937378586 0.5081307003381307 -1.364298927633222 0.1802687639242331 1.4634864724204428 0.5007359593591151 3.681 2.76 0.0 0.003
c-o  True F19 59185.3104973554 0.16075483380614075 5.548604095833868 0.048319916079068735 -0.26250425778625647 0.1603303909815529 0.003942121589594346 0.040678460720029695 29.665 4.359 0.0 0.0
c-o  True F99 59185.49429130697 0.09922427137639774 5.3903036061371274 0.03985888212547719 -0.41483716959289474 0.10531983312349374 -0.03771543353826792 0.03443180388163245 4.27 3.564 0.0 0.0
c-o-ztfg  True F19 59185.351132852295 0.09317818942959898 5.502929546091467 0.025977122642554012 -0.19377118873929547 0.1082439602600346 -0.035725405939490903 0.026803305243031476 16.765 3.34 0.0 0.0
c-o-ztfg  True F99 59185.48353706538 0.06805674619005438 5.3338664947580945 0.023445235321214123 -0.35982847961606923 0.07896841551100212 -0.08406111259768151 0.023999893055370914 3.248 2.589 0.0 0.0
c-o-ztfg-ztfr  True F19 59185.2727609929 0.07712029925811074 5.349988292899587 0.024055511626948408 -0.15443880187180686 0.08398019660602973 -0.0646041051099609 0.02166387145851644 3.97 1.009 0.0 0.456
c-o-ztfg-ztfr  True F99 59185.42326856448 0.052845542304836186 5.345161251237222 0.021953879213450343 -0.3281440418942903 0.06009377944285034 -0.06821245294349709 0.019846616209744 3.531 2.869 0.0 0.0
c-o-ztfr  True F19 59185.16605663491 0.10620550248585083 5.553985957230866 0.04396415345122315 -0.14167068972563038 0.10241632983755945 0.007573468417246183 0.0347509310348905 18.193 2.783 0.0 0.0
c-o-ztfr  True F99 59185.388040713435 0.06377639526527078 5.400946794319206 0.03744516509273453 -0.3275099284299465 0.06899472931846246 -0.026325950675053517 0.03009823844755552 4.059 3.384 0.0 0.0
c-ztfg  True F99 59185.52229137016 0.08636380486769368 5.298016747903958 0.03557845319578098 -0.3751471685215786 0.1028617738841388 -0.1458176542179676 0.05975832511044739 3.09 2.63 0.0 0.0
c-ztfg-ztfr  True F19 59185.285558598895 0.08092922350341288 5.5087835074297855 0.02540734898857246 -0.16272968174488694 0.09066693860137988 -0.02755222702233563 0.026080035589162297 14.645 2.871 0.0 0.0
c-ztfg-ztfr  True F99 59185.42159560449 0.0569670667374531 5.344569314923893 0.023538411523936188 -0.3629929291026215 0.06643565524818783 -0.0642707247549176 0.024469709514137582 3.679 2.973 0.0 0.0
c-ztfr  True F99 59185.38742258918 0.06937694629941929 5.417705413919708 0.04283314229354861 -0.3887354349722181 0.0779708842177686 -0.002448833964910791 0.038318258953282766 4.36 3.674 0.0 0.0
J 1D3 False F99 59180.992402977485 -1.0 6.116733008461102 -1.0 0.009976134777019594 -1.0 0.00022141267809852315 -1.0 None None None None
J-c 1D3 True F99 59185.399021503916 0.11465261057010355 5.4713461104238235 0.039147911713704166 -0.741584873444758 0.1369726188451559 0.0975584797378794 0.033088927016007866 4.428 3.618 0.0 0.0
J-c-o 1D3 True F99 59185.387026745724 0.09204781534583145 5.458379801624648 0.034648499844212574 -0.44743113126723655 0.1024341089080504 0.03642773297590794 0.026545695753354005 7.723 3.824 0.0 0.0
J-c-o-ztfg 1D3 True F99 59185.38669084355 0.0644121610104568 5.378042706872533 0.021957659654673608 -0.41306117506304874 0.07672637433296993 -0.01737000193702768 0.01981581238741558 5.824 2.955 0.0 0.0
J-c-o-ztfg-ztfr 1D3 True F19 59185.26308495281 0.07675309651031681 5.3549049379582225 0.023800093722377944 -0.1588202880596489 0.08385796726354833 -0.05830703454888153 0.02114531870749388 5.655 1.008 0.0 0.46
J-c-o-ztfg-ztfr 1D3 True F99 59185.26195086267 0.07676168355796671 5.515425964814129 0.023828163388433972 -0.15995323492393093 0.08385263825872187 -0.019113402001279887 0.021167253297197583 15.256 2.582 0.0 0.0
J-c-o-ztfg-ztfr 1D3 True O94 59185.2618940559 0.07669746932165175 5.515435047141889 0.023808732169715217 -0.16000851133904243 0.08378150120051184 -0.01910134647001148 0.021139367679803858 16.175 2.714 0.0 0.0
J-c-o-ztfr 1D3 True F99 59185.34613835789 0.06150179128762 5.461280233626614 0.03312420842733964 -0.35452361223853507 0.06733791084224548 0.030381708041412672 0.024838889900766062 5.333 3.462 0.0 0.0
J-c-ztfg 1D3 True F99 59185.36376581619 0.0726637254304273 5.387931961418376 0.023747757441217498 -0.5307760906869198 0.08980538784764762 0.029568565630972175 0.0259124819065563 4.784 2.815 0.0 0.0
J-c-ztfg-ztfr 1D3 True F99 59185.359362517745 0.054093138964928 5.384857578722734 0.02174138285529192 -0.41519258279559756 0.06374682956170805 -0.00621745416627128 0.020074943875768837 4.965 3.117 0.0 0.0
J-c-ztfr 1D3 True F99 59185.35058604725 0.06639006173134422 5.473433218017319 0.034529706757008026 -0.4248573327660693 0.07487184090004594 0.05565212572385411 0.027416901058788606 5.073 3.63 0.0 0.0
J-o 1D3 True F99 59184.907802838614 0.22988575275416862 5.56533201540605 0.11248237392695312 0.03801605726236513 0.18661195908352313 0.068279863663316 0.0668517283879044 2.533 2.042 0.009 0.038
J-o-ztfg 1D3 True F99 59185.37404777415 0.0764308584486848 5.36571721227285 0.025472279755427315 -0.3120737280654859 0.0912913193666839 -0.02139522862301241 0.020326226407910108 5.822 2.606 0.0 0.0
J-o-ztfg-ztfr 1D3 True F99 59185.34494826483 0.05605434068116209 5.36867184320231 0.02449817131113019 -0.30864016527770133 0.0641456478577594 -0.031008777851587167 0.018675193863222556 4.99 2.889 0.0 0.0
J-o-ztfr 1D3 True F99 59185.3043351495 0.07418774067188182 5.625571983763159 0.07297498370107405 -0.24966884329812267 0.07764862817003608 0.12237290387768948 0.04592765109046786 3.858 3.064 0.0 0.0
J-ztfg 1D3 True F99 59185.425771880546 0.09259852959124285 5.365620265648742 0.026806572079595036 -0.40204777378569195 0.11663252353836422 0.05396405676647312 0.027208268070468528 2.261 2.029 0.0 0.001
J-ztfg-ztfr 1D3 True F99 59185.34490336949 0.06004503206517804 5.367398573571654 0.02485674577675909 -0.3616152572165561 0.07068651015530947 -0.01471434103210376 0.020530320310783258 4.887 2.927 0.0 0.0
J-ztfr 1D3 True F99 59185.32302266164 0.08305906557067243 5.624756677579151 0.07547655982555891 -0.2988721956555548 0.09109490058050135 0.13416438547427817 0.0470833988901969 3.966 3.38 0.0 0.0
o  True F99 59184.421293943196 0.40603609029790905 2.6292664532589747 1.493307799783465 0.9246538159313007 0.4595658969790792 -1.9613250762317946 1.1016267509692557 1.492 1.233 0.176 0.286
o-ztfg  True F99 59185.49333763114 0.08123090162979675 5.322912580143354 0.026602258767847692 -0.26010959582815296 0.09403767899326572 -0.08711953868765014 0.024415660715582436 2.41 2.117 0.0 0.0
o-ztfg-ztfr  True F19 59185.266652364866 0.08432427101673041 5.4969849574329155 0.02699996090601841 -0.11497076421648714 0.091040951463747 -0.032908609110840044 0.022364490111879996 10.995 2.33 0.0 0.0
o-ztfg-ztfr  True F99 59185.41275367032 0.05830064579452847 5.327179237118413 0.02539553119216043 -0.27232552212988337 0.06569153211085685 -0.07933969376265922 0.02079601844490501 3.069 2.634 0.0 0.0
o-ztfr  True F99 59185.31378391666 0.07527116437975116 5.315973331186752 0.24513073298584287 -0.228256190325552 0.0794157848571456 -0.08895515970693374 0.16691904025418947 3.703 3.139 0.0 0.0
ztfg  True F99 59185.63701340973 0.4158984806426684 5.1856233058107595 0.2364363118051389 0.12473547113637509 0.5174124826396876 -0.5603685520305635 0.8832949248964711 1.308 1.184 0.139 0.239
ztfg-ztfr  True F19 59185.28308615833 0.08895300889919565 5.496876293684201 0.027844475134247756 -0.12120037335651981 0.09930905789474839 -0.03227755150542014 0.02629450103117644 10.671 2.38 0.0 0.0
ztfg-ztfr  True F99 59185.415937670325 0.0634165555820089 5.3263229647895125 0.02629887887513394 -0.3061710989659466 0.07375778544938578 -0.07413046481144103 0.02475553718041937 3.17 2.738 0.0 0.0
ztfr  True F99 59184.68122953345 0.12062473423008509 -1.0050394759788162 2.915769867093879 0.1941623522381839 0.12275445810258517 -4.92837311266731 2.37276137445183 1.255 1.127 0.17 0.295