bps_used variant success reddening_law t0 e_t0 x0_mag e_x0_mag x1 e_x1 c e_c rchi2_data rchi2_data_model fitprob_data fitprob_data_model
c  False F99 58635.78450506234 -1.0 7.304133900615197 3.26520674776242 0.06107167679059879 -1.0 -0.0010714983340524846 6.602270031609714 None None None None
c-o  True F19 58641.23854122177 1.0665100953699715 7.545231529118281 0.12807250596265451 5.8949808551001945 1.7028125359385475 0.06587034397107425 0.1035068259979355 1.528 1.108 0.141 0.354
c-o  True F99 58641.182920840394 0.8924163720436881 8.568591802481524 0.11087902449167054 5.757597785769704 1.4259245415321105 0.04906587458234323 0.0894710279686312 0.918 0.894 0.5 0.52
c-o-ztfg  True F19 58637.375685341314 0.6150368358583639 7.525407149864444 0.05743841532525273 0.16417380259911296 0.9017681534399159 0.12990814651443633 0.05652842558383556 1.977 1.64 0.019 0.067
c-o-ztfg  True F99 58637.3799299867 0.6008164217728277 8.548164310858382 0.05556036604581366 0.18760797058435102 0.8659258704462813 0.10742652374740834 0.05470903311925666 1.422 1.343 0.14 0.179
c-o-ztfg-ztfr  True F19 58637.61254028229 0.5828613158330831 7.466531531741827 0.05657290574427481 0.3108693388271304 0.8314544368128282 0.1405549063241508 0.04861519495561433 1.201 1.052 0.253 0.396
c-o-ztfg-ztfr  True F99 58637.616072722725 0.567558678710588 7.463188757837088 0.05463021962295027 0.3341885604348327 0.7974014426219493 0.1351710784801165 0.0469782857258615 1.2 1.128 0.254 0.318
c-o-ztfr  True F19 58638.12289301901 0.9861497018880363 7.424545177623676 0.08439234709588811 1.192146323588911 1.3439686964836886 0.06107578719608371 0.069602875391652 1.565 1.326 0.087 0.189
c-o-ztfr  True F99 58638.12048598187 0.955025617330281 8.449661706459192 0.0799496304878392 1.1996541541232184 1.2896346137669266 0.04009533227716307 0.06584768050415857 1.072 1.042 0.379 0.407
c-ztfg  True F99 58635.93788371567 1.7317881158077595 8.73425764842338 0.1098690229939935 1.3290597315218775 2.235981850099332 0.41827489325257294 0.14830040112647225 0.136 0.134 0.873 0.874
c-ztfg-ztfr  True F19 58636.49524440336 1.3171102229081493 7.617043012783186 0.08015791193349214 1.7404609564166398 1.8748401831626667 0.2421454719161334 0.06905132303403085 1.928 1.487 0.072 0.178
c-ztfg-ztfr  True F99 58636.478255820024 1.2724051134036258 8.640380945344534 0.0781833365899515 1.811947158527845 1.8268267354825023 0.21715397199013511 0.06639669383439774 0.765 0.677 0.598 0.668
c-ztfr  True F99 58636.598533471035 2.52838116532046 8.601913512734654 0.176734391768157 4.724336599966568 5.780683659560427 0.1557121764989925 0.12282692326746476 0.064 0.059 0.938 0.943
J 1D3 True F99 58638.165544468764 14.607208250280447 4.902748682497711 72.59797216583594 -27.21781533820762 77.63721837017673 -0.3717696947490426 25.760917009167947 -1 -1 -1 -1
J-c 1D3 True F99 58637.5803470532 0.28172262145854515 7.511341254156926 0.1252762594413267 5.7296537142353525 6.1545917536060895 0.13380782434792593 0.038945786193946605 1.542 1.415 0.214 0.234
J-c-o 1D3 True F99 58637.5828184302 0.25491991360080674 7.430136817296029 0.05852748266561824 0.2911083613111226 0.6894588863914068 0.12513824376807797 0.037465524353892776 1.932 1.456 0.026 0.133
J-c-o-ztfg 1D3 True F99 58637.56590039911 0.24346109298145416 7.480658778391927 0.044774881326328134 0.2169120782634869 0.6469496847828856 0.15273778531570445 0.030970271924649524 1.406 1.238 0.128 0.229
J-c-o-ztfg-ztfr 1D3 True F19 58637.64899889729 0.3318695408834736 7.480974967185951 0.045820142347938644 0.32172020079283103 0.6967708411201521 0.15727271299146162 0.033161751968432074 1.163 0.945 0.276 0.528
J-c-o-ztfg-ztfr 1D3 True F99 58637.6522481389 0.3317527600397187 7.5565659674462955 0.04588299784481283 0.32185514608021104 0.696420035113866 0.17677732469062685 0.03320914052826426 1.648 1.234 0.034 0.214
J-c-o-ztfg-ztfr 1D3 True O94 58637.65225259472 0.3316562997953996 7.556561558085692 0.04587473419704586 0.3217432568799876 0.6962611461945936 0.17677524738300351 0.03319917890465534 1.694 1.259 0.027 0.195
J-c-o-ztfr 1D3 True F99 58637.61466981791 0.2439748996350753 7.431619603111816 0.05583053160608371 0.4059360334703736 0.643685195601749 0.12631988432141372 0.03729953622348251 1.505 1.15 0.088 0.301
J-c-ztfg 1D3 True F99 58637.57390711167 0.24688640658268646 7.461316744773946 0.060947891559984584 -0.2642023829532979 1.803087688119181 0.16885067191969064 0.032056453934303855 1.436 1.193 0.208 0.31
J-c-ztfg-ztfr 1D3 True F99 58637.57676364933 0.24401968080876552 7.4860767313746805 0.05241676125304389 0.6806595506688902 1.4515123919640456 0.17014159931100425 0.03134380519891485 0.914 0.77 0.512 0.645
J-c-ztfr 1D3 True F99 58637.56961436244 0.2626309295654733 7.467590568563102 0.06512965771780783 3.4399121693876893 2.385585331535501 0.13521308867868687 0.03745559977717157 0.378 0.365 0.864 0.873
J-o 1D3 True F99 58637.64183632825 0.24278496874054942 7.675458986934625 0.1353692123403188 0.7162296356429501 0.7756725627237347 0.2310580751826722 0.06290233454672184 1.215 1.209 0.275 0.279
J-o-ztfg 1D3 True F99 58637.594844782645 0.24103131796436944 7.56522757603531 0.06033162861920323 0.4475486088819551 0.6844309189956456 0.18289597127395577 0.03425809334812766 1.039 0.949 0.41 0.504
J-o-ztfg-ztfr 1D3 True F99 58637.63342423488 0.2284432978539816 7.542442682447341 0.05404600314018029 0.34458019594045586 0.6183230011839532 0.18406131433334016 0.033466966810472766 0.894 0.862 0.586 0.626
J-o-ztfr 1D3 True F99 58637.65958277047 0.2341245487138127 7.5407924990540804 0.09370577678443488 0.4202923958869308 0.6512072958010536 0.18273512810018405 0.05280264696882931 1.126 1.079 0.328 0.371
J-ztfg 1D3 True F99 58637.59884696416 0.25153563938870266 7.5251869303945735 0.0857259432904549 -0.3036317166637807 2.1340179822273573 0.18500527241894707 0.03406279065563953 0.542 0.54 0.653 0.655
J-ztfg-ztfr 1D3 True F99 58637.62146430341 0.23945820934360149 7.526659400608882 0.06158993367052535 0.21808563072310116 1.5320182800609823 0.1886111136224497 0.03353041740079088 0.514 0.428 0.825 0.885
J-ztfr 1D3 True F99 58637.58603422363 0.2642907075446847 7.467007449697359 0.10159750820647014 2.7071974993613637 3.0511560602708028 0.14080484655489028 0.061174353498118526 0.535 0.522 0.658 0.667
o  True F99 58640.41085483729 1.0322368310439283 15.189118098769114 7.331603723628607 2.3913764977656204 1.392390348892531 3.9615048666272217 3.84788798054657 1.106 1.091 0.356 0.365
o-ztfg  True F99 58637.56869785716 0.679743561290746 8.638840481530604 0.07154876277429763 0.5812716122642906 0.9661466407477707 0.1440364806648568 0.059751121045244805 1.024 1.019 0.421 0.426
o-ztfg-ztfr  True F19 58637.76975336597 0.599306364631109 7.613692862198583 0.07035723009646624 0.4711583046820582 0.8522329150506561 0.20012124396291892 0.05460334083862837 1.304 1.149 0.189 0.305
o-ztfg-ztfr  True F99 58637.77873305642 0.5829984861610856 8.64050158630329 0.06893677110113146 0.5005540096621399 0.8164485912161981 0.18006604911101054 0.053329874381916526 0.966 0.936 0.489 0.522
o-ztfr  True F99 58638.08690982334 0.9825579773628931 7.694017978376738 0.841944233517275 1.5648082117109055 1.4180019118348905 -0.5016486232851052 0.6181428811703884 1.033 1.026 0.413 0.419
ztfg  True F99 58637.813404353816 2.344165146619457 8.434397543081856 0.3564016380282135 1.1071735906873945 2.9222094539882573 -2.071668602553279 2.834272053637704 -1 -1 -1 -1
ztfg-ztfr  True F19 58637.1494477867 1.3526765114991313 7.657216550137132 0.09478946587574807 1.2050497725208262 2.1135867658058207 0.2575554879488105 0.0732605035696173 1.155 0.982 0.328 0.416
ztfg-ztfr  True F99 58637.144142302 1.3019083998273548 8.684037718011178 0.0930748698308236 1.2405667981251978 2.0612127701955343 0.23624314098102994 0.0713108313501385 0.258 0.255 0.905 0.907
ztfr  True F99 58636.30113282824 4.009261005855905 2.5685366198536417 14.522362690895779 6.658200299164431 21.825149706678292 -4.686141673572763 12.239682823199043 -1 -1 -1 -1