bps_used variant success reddening_law t0 e_t0 x0_mag e_x0_mag x1 e_x1 c e_c rchi2_data rchi2_data_model fitprob_data fitprob_data_model
c  True F99 59392.02522203534 1.0204360723934642 7.980252329581125 0.5476592309429509 -1.6143389438168552 1.0946614440693774 -0.7829752693775816 1.1673609371108997 0.132 0.132 0.941 0.941
c-o  True F19 59391.831440117145 0.3691658907508148 7.468093709929365 0.1865796186541846 -1.4004046021112246 0.5326056792778315 -0.1447497468006017 0.12750745838026026 1.582 1.265 0.035 0.173
c-o  True F99 59391.82850498981 0.3452693865265889 8.362802792213705 0.17717046850037316 -1.3978305197992573 0.5105432430936508 -0.2012043405873698 0.12108809088245939 0.608 0.605 0.932 0.934
c-o-ztfg  True F19 59391.95706284362 0.21991035056230895 7.679358094583276 0.04111866436404275 -0.8696629537726637 0.2583324527064913 -0.009544284131575992 0.03936195537463858 2.704 1.944 0.0 0.0
c-o-ztfg  True F99 59391.96627488693 0.20762274642223016 8.572766231086643 0.04011389476506715 -0.8760662655226694 0.2438740510188816 -0.06613078757481924 0.037864080237299834 0.517 0.513 0.994 0.994
c-o-ztfg-ztfr  True F19 59391.78615817487 0.1909228249497659 7.4676697490319075 0.039968518094106634 -0.863331143940509 0.23967773458022412 -0.06167931601473694 0.032703775961271025 0.652 0.589 0.973 0.991
c-o-ztfg-ztfr  True F99 59391.78898518574 0.1785730998500713 7.469165499907277 0.03906337957824621 -0.8739220143149746 0.22515503676387388 -0.06871011301478117 0.03165609169229011 0.652 0.645 0.973 0.976
c-o-ztfr  True F19 59391.58672614854 0.2666425247557213 7.56333040582465 0.16462770773219768 -1.1564025173790957 0.4193004902295804 -0.08570109862455624 0.11658535630414467 2.293 1.694 0.0 0.006
c-o-ztfr  True F99 59391.58912273463 0.24679432356506137 8.467805356646494 0.15615304062921748 -1.1334322190939656 0.39612013688522313 -0.13606682399199513 0.11067995722595222 0.762 0.754 0.847 0.856
c-ztfg  True F99 59391.95991722085 0.2326297236036014 8.589637399008696 0.04729056922978293 -0.8747365061289454 0.3084278787296096 4.492694594797186e-05 0.14062430120303274 0.31 0.305 0.997 0.997
c-ztfg-ztfr  True F19 59391.77014611682 0.20307539236975772 7.68351184836469 0.04181059343257173 -0.8008733477190777 0.26261831854751944 -0.0075229223695339065 0.037995254448126486 4.082 2.798 0.0 0.0
c-ztfg-ztfr  True F99 59391.77806347265 0.18999412523712933 7.475750525847085 0.04056722364482594 -0.8213796880918681 0.24538693633030886 -0.06595850731210091 0.03645826725127441 0.635 0.625 0.935 0.942
c-ztfr  True F99 59391.514158032245 0.2850239351685563 8.50787098828082 0.20708602297217288 -1.0351642571816757 0.559104551075247 -0.10932624080944452 0.1495450105209693 0.877 0.864 0.59 0.606
J 1D3 False F99 59388.90306267698 0.0945287278722982 770.7768770016814 0.004562749594699335 -5.311425862990852 0.29059632097458604 254.30871002997333 0.0256256606542051 None None None None
J-c 1D3 True F99 59390.65655160132 0.23349286561914345 7.391591934940886 0.1551207056108422 -2.606293697261101 0.5489960526539986 0.1824843097479807 0.06133506622732327 2.361 2.289 0.021 0.025
J-c-o 1D3 True F99 59391.03219763905 0.24850799040774865 7.887843088128966 0.1031267607470797 -0.8261737625023522 0.4303168458113953 0.26791843466852105 0.05620699385679818 2.072 1.722 0.001 0.01
J-c-o 2D True F99 59391.25337910763 0.2788176515025888 7.446694969074509 0.1364860054000155 -1.3676139982105604 0.43399179066926447 -0.051162009700966946 0.08753431494122972 1.03 1.007 0.42 0.454
J-c-o-ztfg 1D3 True F99 59391.500356321994 0.17506918817307054 7.552164978504374 0.039767632809422464 -1.004725238855766 0.2343011228368561 0.10427554190422104 0.029299215058075083 4.256 2.425 0.0 0.0
J-c-o-ztfg-ztfr 1D3 True F99 59391.51313437605 0.16265629219490563 7.56548191330792 0.039716073785938895 -0.8591710923542364 0.22607448848666048 0.058475638376402045 0.028787833504041942 3.299 1.919 0.0 0.0
J-c-o-ztfg-ztfr 2D True F19 59391.63056802511 0.18207671288029353 7.471370547041705 0.0391314213987008 -0.9013605215236791 0.237160795040501 -0.05027270878016302 0.030984364140996663 0.882 0.744 0.718 0.919
J-c-o-ztfg-ztfr 2D True F99 59391.62901284981 0.18221609080572398 7.681357152340382 0.039261672838048496 -0.9041038707993176 0.2372068726709564 0.0008936030712057132 0.03112277293681919 2.835 2.023 0.0 0.0
J-c-o-ztfg-ztfr 2D True O94 59391.62886316017 0.18215681917473722 7.681349452025243 0.03924962116588045 -0.9041211475619495 0.2371524829204896 0.0008776193734094461 0.031104509237225977 3.002 2.133 0.0 0.0
J-c-o-ztfr 1D3 True F99 59390.97844812143 0.2051497603409504 8.015587004130154 0.08366204153547309 -0.5586051851634624 0.361138223737717 0.3445840377155267 0.051728901201357355 1.987 1.682 0.0 0.004
J-c-ztfg 1D3 True F99 59391.31210897892 0.16757495216837806 7.501611353495313 0.039117718446648915 -1.3268518138629952 0.2448170058694379 0.20005921646259037 0.03019554846007574 1.853 1.796 0.01 0.014
J-c-ztfg-ztfr 1D3 True F99 59391.38916115629 0.16653677235954437 7.58450516981187 0.04134227856705132 -0.8548198016468673 0.247044595237363 0.1091998065618309 0.030967251008961402 5.609 3.015 0.0 0.0
J-c-ztfr 1D3 True F99 59390.812771551835 0.22666793576070318 8.04769565389507 0.0900472028504463 -0.1569239377543073 0.4965114609839143 0.3756776184876363 0.05174345191218635 2.258 2.094 0.001 0.003
J-o 1D3 True F99 59390.73830886955 0.26710583189768994 8.246679826692969 0.11882595040885607 -1.466468860272736 0.5628539264495587 0.4721927288245369 0.062344518561529845 1.629 1.606 0.034 0.039
J-o-ztfg 1D3 True F99 59391.43704188195 0.19149703097273524 7.558343835371094 0.040392105104662304 -0.9028880053888084 0.25980724726470333 0.10602523345931433 0.029412685254586547 5.013 2.82 0.0 0.0
J-o-ztfg-ztfr 1D3 True F99 59391.40117245586 0.17418361003534405 7.591255093997277 0.04102661450360582 -0.7834637343477169 0.24890056999038437 0.08271898464940594 0.0296919374291395 5.01 2.697 0.0 0.0
J-o-ztfr 1D3 True F99 59390.9694978918 0.22779559650571093 8.037909963272686 0.08632461512178832 -0.8928463827511361 0.4355810419214099 0.35013676072864863 0.053085639518380856 1.299 1.246 0.117 0.157
J-o-ztfr 2D True F99 59391.0390463062 0.26273067174176745 7.631246046698617 0.1382016255592062 -0.875548729543264 0.4476666831149928 0.05482196690954276 0.09553310543407827 0.998 0.986 0.471 0.49
J-ztfg 1D3 True F99 59391.20460556509 0.18295378464738637 7.506188838277449 0.04021955251436454 -1.0526420807028725 0.2813637514306409 0.20785904943903544 0.03019854424494054 2.306 2.261 0.004 0.004
J-ztfg-ztfr 1D3 True F99 59391.36373216426 0.1843851457351883 7.575599679534955 0.041497085227516176 -0.7173063464413585 0.277350147229553 0.08669516885841101 0.030480924286316415 5.037 2.821 0.0 0.0
J-ztfg-ztfr 2D True F99 59391.475288019225 0.19262465320483185 7.483930220462966 0.04013455630591663 -0.8072266729459507 0.2665068708724321 -0.046928802181554805 0.03390838152359928 1.152 1.123 0.269 0.302
J-ztfr 1D3 True F99 59390.54328220121 0.2743452110508175 8.152660832880471 0.09249727173057608 0.05147158971686181 0.7388033867863274 0.42934986404616554 0.05244139474218458 1.852 1.819 0.035 0.04
o  True F99 59391.852047507695 0.6533236230337371 8.112012923490912 2.3457803160926174 -1.178684005600752 0.730780938403785 -0.3819544115857459 1.6635321457758858 0.803 0.799 0.692 0.696
o-ztfg  True F99 59391.98276598996 0.23074794062860396 8.577702757662017 0.040473574691508606 -0.882109399782671 0.26487819984276045 -0.06552101199024128 0.038227927189788145 0.569 0.566 0.974 0.975
o-ztfg-ztfr  True F19 59391.756084284316 0.2084442206970663 7.68128809840843 0.040384239101321606 -0.8453357076653526 0.26055686565915487 -0.009869386881366638 0.03290078110645351 3.223 2.246 0.0 0.0
o-ztfg-ztfr  True F99 59391.762577601614 0.1947752544470933 8.574827501100422 0.03934466232982677 -0.8552159173273142 0.2439017638200492 -0.06718185175636696 0.0317773789538135 0.711 0.704 0.922 0.928
o-ztfr  True F99 59391.40535635935 0.32340509501254516 8.44780370921115 0.4735121231233358 -0.8850798465425216 0.453397454060238 -0.15722642515803448 0.3491267538451944 0.86 0.852 0.682 0.693
ztfg  True F99 59391.64016457121 0.6441949862168153 8.953588467011642 1.093952031649085 -1.2305885234361902 0.7986586414899973 1.280919594517263 2.860252616129889 0.328 0.321 0.974 0.976
ztfg-ztfr  True F19 59391.72649774304 0.22445256535041733 7.688699891908563 0.042287740925086324 -0.753211396380964 0.28985342187835 -0.006042944453502213 0.0381825832018481 4.942 3.3 0.0 0.0
ztfg-ztfr  True F99 59391.738304013496 0.20948067169193174 8.581261151344645 0.04104867452111652 -0.7778064686827169 0.26937235069441556 -0.06424304741753764 0.0366693287161262 0.735 0.724 0.807 0.82
ztfr  True F99 59391.03782174241 0.5703712008433669 8.563463849968052 3.499760980443096 -0.2324667439162867 0.7480342705253515 -0.08867674967620101 2.6707756116712043 1.053 1.04 0.393 0.402