bps_used variant success reddening_law t0 e_t0 x0_mag e_x0_mag x1 e_x1 c e_c rchi2_data rchi2_data_model fitprob_data fitprob_data_model
c  True F99 59755.85363135179 0.48779088210334803 5.707826961457163 0.290793954894008 0.23279055606432253 0.9491889584142076 -1.6040382001748372 0.7568945243787648 2.441 2.259 0.012 0.021
c-o  True F19 59755.03733872393 0.12311501523741508 5.484676909055107 0.04284937096345455 -1.1740324868942675 0.1384837502194254 -0.08684690554093627 0.03665680924884195 5.603 1.497 0.0 0.022
c-o  True F99 59755.009339854914 0.06840278701891145 6.557042892630253 0.03594029816123175 -1.178369611108979 0.09062621844429887 -0.0941048858248228 0.03180786101313845 4.911 4.162 0.0 0.0
c-o-ztfg  True F19 59755.19485144022 0.09049892021466566 5.4359141099025425 0.025076995385633877 -0.9609208902729186 0.11623082302433627 -0.1301139955925005 0.025252510414416715 5.497 1.611 0.0 0.003
c-o-ztfg  True F99 59755.12280326858 0.058434074667298906 6.505264223937666 0.022424108272103567 -1.016286615151107 0.08012289903017984 -0.1376579376649382 0.023101550005783837 4.814 3.778 0.0 0.0
c-o-ztfg-ztfr  True F19 59755.21893643339 0.08980134626233434 5.411189814672481 0.02493480948532624 -0.9587369842712494 0.11564468293024874 -0.12477279012804904 0.024213373381739026 4.741 1.53 0.0 0.007
c-o-ztfg-ztfr  True F99 59755.13867325015 0.057754037934984785 5.412805898142615 0.022230306896748913 -1.014250825614098 0.07932589559068726 -0.12077287427636857 0.021951103367280383 4.756 3.752 0.0 0.0
c-o-ztfr  True F19 59755.08681412901 0.12096093608281347 5.491172615100576 0.04274245661240711 -1.1680678313900295 0.13738098521712916 -0.07313112653752817 0.03580379445314318 5.278 1.526 0.0 0.016
c-o-ztfr  True F99 59755.03526380772 0.0669945648699747 6.568164718761187 0.035676033437662194 -1.1721384639853678 0.08934312044535721 -0.0739843431423596 0.030680364746947308 5.102 4.134 0.0 0.0
c-ztfg  True F99 59755.25687706677 0.08373007532803162 6.413527640414596 0.036315855024767286 -0.960455857533854 0.11475686069402487 -0.30512661302662014 0.06324770909783757 2.583 2.239 0.0 0.001
c-ztfg-ztfr  True F19 59755.28123339077 0.11244799824058659 5.435558254499988 0.03229284174612562 -0.9751617820025266 0.1454544775143508 -0.12329202066364894 0.044875474834952495 3.943 1.701 0.0 0.021
c-ztfg-ztfr  True F99 59755.23236431845 0.08274193991074096 6.499984619130117 0.029071507019445837 -1.0834230239496792 0.10567891668015443 -0.13015046393462068 0.039686062309180675 3.833 2.65 0.0 0.0
c-ztfr  True F99 59754.995583947624 0.13922926674236263 6.656092717207131 0.06456436410293699 -1.5027089284652662 0.13703028916250595 0.05383324974991652 0.07053000878787659 2.662 2.366 0.003 0.009
J 1D3 False F99 59754.35981798019 -1 -5.2152754873094 -1 42208.99689798678 -1 -6.681996099268001 51.2360010072975 None None None None
J-c 1D3 True F99 59754.936669861636 0.12779179945137883 5.533003375354278 0.03438077709526046 -1.4714670627088862 0.13705729602027752 0.017959662996462285 0.034494426789980326 2.87 2.611 0.001 0.003
J-c-o 1D3 True F99 59754.95444523732 0.06633731702895343 5.525174823526535 0.03161937476171284 -1.2119797984131482 0.08865432597152116 -0.02437146181251946 0.02573914989888834 6.392 4.385 0.0 0.0
J-c-o 2D True F99 59754.96522706171 0.06707001755132598 5.50860364654165 0.032932600258293976 -1.2043093775026938 0.08915135826029719 -0.04132012495096742 0.027525080461149425 5.717 4.376 0.0 0.0
J-c-o-ztfg 1D3 True F99 59755.08603907692 0.05736632190319915 5.438948028009167 0.021258599106096957 -1.0371026890713606 0.07895536215970207 -0.0920502847708963 0.02040526804857272 5.414 3.968 0.0 0.0
J-c-o-ztfg-ztfr 1D3 True F99 59755.08681442156 0.056587507726819336 5.4513692601565005 0.021131739998887872 -1.0388367107366316 0.07814092919100862 -0.0709407637081047 0.019473166513011047 6.499 4.106 0.0 0.0
J-c-o-ztfg-ztfr 2D True F19 59755.15284254367 0.0891758061411978 5.441397351068128 0.024350030213305448 -0.9691139856308517 0.11523998437479963 -0.08573355154520383 0.022634326982628326 5.616 1.768 0.0 0.0
J-c-o-ztfg-ztfr 2D True F99 59755.152539968985 0.08918113901451499 5.471571921252328 0.02435786261968742 -0.9692812435330971 0.11523949654256148 -0.07831656384461175 0.02264207300906927 5.356 1.842 0.0 0.0
J-c-o-ztfg-ztfr 2D True O94 59755.152522984514 0.08916467046217659 5.471569078167402 0.024354043365427586 -0.9692883528928142 0.1152203231025795 -0.07832579617265341 0.022636325739085413 5.349 1.847 0.0 0.0
J-c-o-ztfr 1D3 True F99 59754.99601313236 0.06532588034635735 5.510553747583766 0.031513854306103005 -1.1936001442447428 0.08813182866204197 -0.03192924393609391 0.02537043620995175 6.008 4.107 0.0 0.0
J-c-ztfg 1D3 True F99 59755.12743447306 0.08076273127997043 5.448698318748497 0.02425308463437546 -1.1354427339972295 0.10455240800586262 -0.05602159270178525 0.031040336501966193 5.399 3.185 0.0 0.0
J-c-ztfg-ztfr 1D3 True F99 59755.139460344784 0.0796876413936323 5.4523770279600114 0.023336968598361003 -1.1355862853451157 0.10312081409029875 -0.046674999040627614 0.02648811196445294 5.178 2.981 0.0 0.0
J-c-ztfr 1D3 True F99 59754.976799315395 0.1190385625476597 5.536723180548162 0.033846364051091975 -1.474756827910804 0.13345045009946474 0.029230315496014247 0.031108683701224136 2.688 2.4 0.001 0.003
J-o 1D3 True F99 59755.07204135088 0.08729390633847996 5.762842747818327 0.09636229313406719 -1.0021531197903082 0.12863536074430085 0.1002384139711156 0.056249210306705814 5.567 4.762 0.0 0.0
J-o-ztfg 1D3 True F99 59755.16146089134 0.06702912579994168 5.436688317631571 0.0256118722320818 -0.7970961390500946 0.10236310279594006 -0.0855158961521003 0.02097779873892575 6.216 4.145 0.0 0.0
J-o-ztfg-ztfr 1D3 True F99 59755.17501175357 0.06611236753088238 5.437239948321142 0.02554881016081957 -0.7859038642927643 0.10150591219249362 -0.08015023639039687 0.020334698495421508 6.466 3.988 0.0 0.0
J-o-ztfr 1D3 True F99 59755.09940706285 0.08503570498700402 5.728270052495272 0.08736963077336043 -0.9630800123779386 0.12422257029385522 0.09753702468214516 0.05237417104592629 6.646 4.897 0.0 0.0
J-o-ztfr 2D True F99 59755.096630912274 0.08509449975405783 5.701079362726279 0.0989211854066853 -0.961284293080124 0.12449785358251188 0.07978985094169791 0.06060295999608922 6.644 4.952 0.0 0.0
J-ztfg 1D3 True F99 59755.32359321714 0.112693752557856 5.469333811140999 0.028343137443221228 -0.5719495730538382 0.1842535182219814 0.008186659771633785 0.030021902782784295 1.627 1.538 0.084 0.11
J-ztfg-ztfr 1D3 True F99 59755.241835464854 0.1094845594678603 5.475536763546218 0.028316732321866787 -0.5766431332890671 0.18220262279777694 -0.0012710565359066075 0.02511602126336214 2.55 2.13 0.002 0.01
J-ztfg-ztfr 2D True F99 59755.26403969031 0.11252028928380903 5.4693262488256735 0.028909256855679927 -0.5671055422604121 0.18262239222248697 -0.013627951780212994 0.027916268765840874 2.464 2.218 0.002 0.007
J-ztfr 1D3 True F99 59754.05487103228 0.4062727068092471 5.450586768912073 0.1802017058304017 1.288900626268093 1.9280612573523837 -0.05995005702211753 0.07353078214987144 3.036 2.854 0.081 0.091
o  True F99 59755.10577545257 0.09479712258368984 6.936896765479425 0.3715840474164412 -0.9941129885578954 0.13118159014323083 0.14694561193257283 0.23442067494059218 5.884 4.997 0.0 0.0
o-ztfg  True F99 59755.199543164104 0.06844202393131474 6.505733314979725 0.026496480973022794 -0.7801467082916647 0.10428700258757116 -0.12845785656322278 0.023598016701944755 4.607 3.949 0.0 0.0
o-ztfg-ztfr  True F19 59755.30057580686 0.10256199771122262 5.440144365890571 0.028789498273870517 -0.6896619487922891 0.14940037391799382 -0.11517782060120396 0.02452668713459361 4.836 1.521 0.0 0.016
o-ztfg-ztfr  True F99 59755.21686349048 0.06746657905699528 6.509033733970655 0.026422272975636475 -0.7673398821891053 0.10306466783267734 -0.11664182882519089 0.02257267006033578 4.76 3.83 0.0 0.0
o-ztfr  True F99 59755.08295501034 0.09207006684387638 6.3768164740717665 0.2977143058980889 -0.9160535493829849 0.12849926792861668 -0.20060584162063366 0.19657969852627488 6.041 4.857 0.0 0.0
ztfg  True F99 59754.530736593995 0.43156103568347715 8.248007295226326 1.4573262934410363 -1.4938610028349786 0.43247921016109414 3.033189261495888 2.115545434000244 0.654 0.586 0.733 0.79
ztfg-ztfr  True F19 59755.392828944336 0.14519387635030817 5.475850424880543 0.03512844540900509 -0.4429406442501439 0.22892255277772058 -0.06345214175680217 0.04634038145354172 1.522 0.653 0.124 0.769
ztfg-ztfr  True F99 59755.407403748584 0.11947949861262247 6.541518000619561 0.032062452966201166 -0.5053410649135908 0.18528181608077468 -0.07259732311795973 0.04030916370138652 0.82 0.75 0.61 0.678
ztfr  False F99 59749.82772813702 -1 6.300610577965664 19.884790778051944 0.015534574830130113 -1 -0.0003106143264631105 13.909037389503014 None None None None