bps_used variant success reddening_law t0 e_t0 x0_mag e_x0_mag x1 e_x1 c e_c rchi2_data rchi2_data_model fitprob_data fitprob_data_model
c  True F99 58846.16102447328 11.81462539802554 7.030744797256277 6.045980235423413 -0.002500158862158364 10.706815488312673 0.0008178060256198326 8.431459063609326 -1 -1 -1 -1
c-o  True F19 58838.23551155701 0.40301263592748066 7.496518505066051 0.12555913582184736 2.3481064238614513 0.4445524100181518 0.6250089575712029 0.08491538763029141 10.477 4.651 0.0 0.0
c-o  True F99 58838.983265283925 0.32371332255066904 7.434200547610652 0.1087957773773142 3.103785509346668 0.3731869709790984 0.6227510165358925 0.07324370608653666 7.737 6.915 0.0 0.0
c-o-ztfg  True F19 58837.72065507979 0.3359074775490722 7.309195303737118 0.05934973549183869 1.9557181510997836 0.38154889294145233 0.5060518056550494 0.04418486439627041 9.217 4.467 0.0 0.0
c-o-ztfg  True F99 58838.40055434868 0.3023880058181085 7.227598973257752 0.05827070565893585 2.6186364605702077 0.3408962759498159 0.49153783117749694 0.04208976203594497 6.826 6.149 0.0 0.0
c-o-ztfg-ztfr  True F19 58837.59677916464 0.28754951279404967 7.177904899381675 0.05742553711134475 2.0739550956765935 0.31500756514055495 0.46239415933825895 0.042614081271319805 5.752 2.886 0.0 0.0
c-o-ztfg-ztfr  True F99 58838.09074370946 0.25522200411166457 7.2089206711510645 0.0558427149153413 2.460109371634648 0.2765828673883196 0.47422044047955764 0.04045829458556562 5.551 5.002 0.0 0.0
c-o-ztfr  True F19 58837.891230829984 0.32433436372311253 7.457231857302635 0.12012005502234994 2.258353699008442 0.33894244989762085 0.5928527442541885 0.08337085633160346 8.676 3.872 0.0 0.0
c-o-ztfr  True F99 58838.43341339778 0.270135120281476 7.368648369287731 0.10585061739118329 2.6980297602796464 0.28893787408649996 0.5807767756350195 0.0729178049642124 6.163 5.551 0.0 0.0
c-ztfg  True F99 58836.24813138927 1.0934301228555092 7.145574628616932 0.11642669387894586 1.4166014442315196 0.994004673016385 0.4750846118743465 0.22681873560560747 0.25 0.248 0.861 0.863
c-ztfg-ztfr  True F19 58836.518829555396 0.5634700986180247 7.28069978517437 0.06281789811387559 2.3833920863411926 0.5661143614058384 0.43554259114576865 0.05527188469697965 3.426 2.189 0.0 0.016
c-ztfg-ztfr  True F99 58836.56446715328 0.5132931738190145 7.153500104868031 0.06089880101871592 2.4051450420511538 0.5004806405587371 0.40298136966970444 0.051715544912405695 0.583 0.562 0.829 0.846
c-ztfr  True F99 58836.81838550262 0.6511704365451603 7.243923927899332 0.15463861445966479 2.6748046595492987 0.5747946569843504 0.46466095510811595 0.11927150530941437 0.686 0.651 0.634 0.66
J 1D3 False F99 58836.65734701652 1.0 772.0228291064207 1.0 -10.522838118403133 1.0 254.8010725035126 1.0 None None None None
J-c 1D3 True F99 58838.1705766598 0.2835693430587857 7.018499761666239 0.14736460671496013 -0.47360235216354096 1.6825747532849993 0.32896309331134543 0.053302329320389336 17.318 17.02 0.0 0.0
J-c-o 1D3 True F99 58838.52984945008 0.20728680088926096 7.12260036087908 0.06178996505226858 2.9069422093405795 0.36115389860119057 0.3948279969385229 0.03624770441735155 10.191 8.04 0.0 0.0
J-c-o-ztfg 1D3 True F99 58838.3317057174 0.19224423858303452 7.132725949801624 0.044235364549749 2.5797681736593514 0.3217252589777738 0.4044955199498691 0.02763080654724343 8.841 6.956 0.0 0.0
J-c-o-ztfg-ztfr 1D3 True F19 58837.631311016026 0.2703422307802013 7.124715114553238 0.0467421136315307 2.1315484032449654 0.3192187847286473 0.4131985599836553 0.031131577290495344 7.92 3.01 0.0 0.0
J-c-o-ztfg-ztfr 1D3 True F99 58837.63769296418 0.27010196819297577 7.2588704603555225 0.04683545492769695 2.1296498295224477 0.31891066881126645 0.44725722130570744 0.03119271597098843 9.54 3.697 0.0 0.0
J-c-o-ztfr 1D3 True F99 58838.30035405445 0.185350772409313 7.102638525435435 0.05791539182604675 2.6870852251030586 0.2913056869227336 0.38577284051791616 0.0360189733887351 7.927 6.44 0.0 0.0
J-c-ztfg 1D3 True F99 58838.04628433817 0.24469236828208948 7.070076801740992 0.05857680100804617 0.997545403741673 0.7137977782503316 0.33445551191691103 0.032761695290965134 5.966 5.834 0.0 0.0
J-c-ztfg-ztfr 1D3 True F99 58837.85957250213 0.21124776470972928 7.105310665007067 0.04732610969762154 2.056933125054759 0.4405936915452303 0.3676791945440807 0.029984705044208634 4.541 3.969 0.0 0.0
J-c-ztfr 1D3 True F99 58837.98280652863 0.22767436205799227 7.10967147488109 0.06775334474079464 2.3084539227245955 0.525028291057264 0.36666726926671495 0.03919384792986886 6.417 5.606 0.0 0.0
J-o 1D3 True F99 58838.73738427636 0.20852558191919374 6.7827866718121985 0.09611215109756248 3.1897265680523006 0.35401920558209654 0.21638831785425913 0.05428597410893999 8.435 7.454 0.0 0.0
J-o-ztfg 1D3 True F99 58838.45649609747 0.19383138844621606 7.077333927203247 0.04708815505907582 2.7189458725686184 0.31844976066898123 0.37928653582036465 0.02832968090439266 8.704 7.102 0.0 0.0
J-o-ztfg-ztfr 1D3 True F99 58838.276099360985 0.17719277095036662 7.076037699296419 0.0448600871680511 2.5981125541528467 0.26919215901743415 0.3760565086338606 0.02834147098220795 7.047 5.843 0.0 0.0
J-o-ztfr 1D3 True F99 58838.45636293875 0.19738410052262387 6.891898446982349 0.07972274610635295 2.8547612398991484 0.29072378710487695 0.26555900611930217 0.04844237870786129 6.979 6.227 0.0 0.0
J-ztfg 1D3 True F99 58838.09946420447 0.2527578272599221 7.0559671137448206 0.06263939543563447 1.0986935540532088 0.7643431564533423 0.3322577416901895 0.03277784918565927 8.231 8.062 0.0 0.0
J-ztfg-ztfr 1D3 True F99 58837.94773089148 0.21773730502040514 7.078074188038659 0.04993577497400958 2.1682023311344367 0.44454856253973946 0.35638959674918014 0.030428043051693606 4.919 4.378 0.0 0.0
J-ztfr 1D3 True F99 58838.10842424183 0.23815624765728763 6.971340612170684 0.08900208973272698 2.4507633632658115 0.5207726441592587 0.29670663815834053 0.04929722839830082 6.484 6.272 0.0 0.0
o  True F99 58839.035533323535 0.2947216737893952 2.0126119523737835 1.0560111984956788 5.251068374378097 0.6921972575936864 -3.2822106251215803 0.8457047585727527 4.989 4.125 0.0 0.0
o-ztfg  True F99 58838.604619266276 0.2899926021573881 7.168491634379977 0.060203831493507734 2.7954416249340013 0.3334051093098444 0.4604742852991217 0.04213733844079348 7.021 6.333 0.0 0.0
o-ztfg-ztfr  True F19 58837.7144442946 0.29514195465757087 7.27862883034176 0.06029041263713391 2.1689911044758707 0.31969684048917074 0.47599004064852335 0.04359031790804006 8.106 3.739 0.0 0.0
o-ztfg-ztfr  True F99 58838.23097116356 0.25305692855554285 7.158929357382049 0.058858589213699575 2.5723743047819827 0.2757121751770364 0.4445017884740502 0.041606002519697066 5.723 5.156 0.0 0.0
o-ztfr  True F99 58838.4925635876 0.267948658239986 6.681399489220574 0.3400322218515953 2.9703352770673983 0.3238598118274918 0.12108126155702226 0.23216297914167303 6.653 5.707 0.0 0.0
ztfg  True F99 58834.87555567798 1.2960836135831229 6.7975403633896745 0.47557104813151413 3.7137071421643393 2.6592673130723994 -0.7536553342073079 2.3831266761626284 1.25 1.232 0.287 0.292
ztfg-ztfr  True F19 58836.5881476802 0.6176767723804858 7.278654362883396 0.06496696615702369 2.4311566904068407 0.5736802008807067 0.43495814229965535 0.055395771460134365 3.581 2.211 0.0 0.024
ztfg-ztfr  True F99 58836.64636455052 0.5571468906404219 7.149781722599416 0.06341110874017034 2.4541878324559985 0.5067857177595906 0.4014687334397337 0.052060567697291386 0.686 0.662 0.704 0.725
ztfr  True F99 58836.87262528804 0.6945687873836538 7.602508610533183 4.441499275428504 2.675526594669751 0.949697649321025 0.7185417101205436 3.140952560744258 1.013 0.957 0.386 0.412