bps_used variant success reddening_law calibration DM e_DM st e_st Tmax e_Tmax dm15 e_dm15 EBVhost e_EBVhost rchi2_data rchi2_data_model fitprob_data fitprob_data_model
c-o  True O94 0 37.373137162943955 0.12854663571371105 0.994493600082587 0.05048175617371452 59148.525001283495 0.5273952947743493 None None 0.05701807059663362 0.08451538156362447 0.272 0.271 0.997 0.998
c-o  True F19 6 37.38239054960991 0.12097378833892326 0.994498831285529 0.050477522153575594 59148.525694084674 0.5273384315236762 None None 0.012931329600044787 0.08526376149272107 0.272 0.271 0.997 0.998
c-o-ztfg  True F19 6 37.19277676795369 0.10015956730139212 0.9187143139563169 0.036880117490174946 59147.18240696751 0.3905009970897486 None None 0.08166647440661634 0.06755326621261445 0.458 0.455 0.997 0.997
c-o-ztfg-ztfr  True O94 0 37.10894565048133 0.09864174404826774 0.9232407695646506 0.037662913372243145 59147.406792980015 0.400291173848585 None None 0.15731162500485044 0.06587179397800516 0.579 0.574 0.994 0.995
c-o-ztfg-ztfr  True F19 6 37.16865681193197 0.09084239371738125 0.928198012314236 0.036728673971527404 59147.360191544096 0.3922658639808772 None None 0.09698469406686724 0.0646745805605006 0.574 0.57 0.995 0.995
c-o-ztfr  True F19 6 37.294347500183804 0.0982411207656006 0.9637488481655595 0.04006895240030603 59148.48958227407 0.44489469620891414 None None 0.026130191274995586 0.07713468625723911 0.417 0.413 0.999 0.999
c-ztfg-ztfr  True F19 6 37.14235596093669 0.0957732234495438 0.9274978236610609 0.03908085400708683 59147.24028350152 0.40672354578997744 None None 0.11057388036849583 0.06648242261853031 0.646 0.64 0.958 0.961
J-c-o 1D3 True O94 0 37.27511785768248 0.10816947491680474 0.9910637742070011 0.051728944424884606 59148.16972576092 0.48306028489938047 None None 0.1023183015153076 0.06740273650949812 0.315 0.312 0.997 0.998
J-c-o 1D3 True F19 6 37.27888597602161 0.09523599322627502 0.9795625068055995 0.04655555325257207 59148.189222385845 0.4477764192226206 None None 0.05597823299382215 0.06643373240008785 0.324 0.321 0.997 0.997
J-c-o-ztfg 1D3 True F19 6 37.221092540856816 0.09038542003793629 0.9192436440376175 0.03709570803812866 59147.22773358719 0.3905564541683513 None None 0.06708499874779938 0.0637242449277048 0.465 0.462 0.998 0.998
J-c-o-ztfg-ztfr 1D3 True O94 0 37.13834049641002 0.09248607422487623 0.9120377894612651 0.03599301134557142 59147.551143205856 0.38398581050307967 None None 0.13347566095218555 0.0635137296461678 0.552 0.547 0.997 0.998
J-c-o-ztfg-ztfr 1D3 True O94 1 37.14356150241623 0.09248318285564916 0.9106223973323144 0.035973367787876034 59147.55860557579 0.38384906495686566 None None 0.12200066375478398 0.06329509006264608 0.557 0.551 0.997 0.997
J-c-o-ztfg-ztfr 1D3 True O94 2 37.14768367921935 0.0922854352878992 0.9055213545423164 0.03586401641998273 59147.60108684865 0.38340180441708416 None None 0.12729663139384984 0.06360629022338604 0.568 0.562 0.996 0.997
J-c-o-ztfg-ztfr 1D3 True O94 3 37.13394424314854 0.09163174503492236 0.9148274421495582 0.03605563246025252 59147.508230457745 0.3845118211576496 None None 0.1140862291236155 0.06329073836745766 0.551 0.546 0.998 0.998
J-c-o-ztfg-ztfr 1D3 True O94 4 37.131790227611276 0.09170937871424036 0.9123659213404581 0.03602429104590809 59147.535373239436 0.384229731114209 None None 0.11362361228050517 0.06329607182740275 0.555 0.55 0.997 0.998
J-c-o-ztfg-ztfr 1D3 True O94 5 37.147879591802855 0.09181030740096739 0.9065301900054666 0.035840688215505886 59147.57850814856 0.3833881299879002 None None 0.11102940114197397 0.06337151123498773 0.564 0.558 0.997 0.997
J-c-o-ztfg-ztfr 1D3 True F19 6 37.18775256104145 0.08823863642377125 0.9254138435053689 0.036710102742833345 59147.447277445535 0.388677098824213 None None 0.08344038326817367 0.06336020380266941 0.582 0.577 0.995 0.995
J-c-o-ztfg-ztfr 1D3 True F99 6 37.20400272549851 0.08841678803239146 0.9298445547371148 0.037820030279164966 59147.39893018352 0.39784332888129337 None None 0.08290450379046958 0.06372704829213825 0.575 0.57 0.996 0.996
J-c-o-ztfg-ztfr 1D3 True O94 6 37.187106371391266 0.08953890116398976 0.9273397739420477 0.037745301148150195 59147.43005331244 0.3965654888777416 None None 0.08608597017150386 0.06399247959507123 0.58 0.575 0.995 0.996
J-c-o-ztfg-ztfr 1D3 True O94 7 37.16771922032581 0.08782144342009948 0.9244626059702442 0.03645453443061372 59147.467202258056 0.3867878707453078 None None 0.0804369853124666 0.06334319417093055 0.553 0.548 0.997 0.998
J-c-o-ztfg-ztfr 1D3 True O94 8 37.200421981916385 0.08658611299119622 0.9261981303621722 0.036483237439475596 59147.44463688802 0.38736058770235166 None None 0.08822920497764722 0.06373345824790384 0.549 0.545 0.998 0.998
J-c-o-ztfg-ztfr 1D3 True O94 9 37.17472231600045 0.08759020737633062 0.9253830424255565 0.036482071142638954 59147.45617976265 0.3870885300566315 None None 0.08207878769491031 0.0634353679413033 0.552 0.548 0.997 0.998
J-c-o-ztfg-ztfr 1D3 True O94 10 37.21619288640614 0.10205714106121548 None None 59147.451418826 0.3869138492532613 1.0143442727345917 0.06397217142718425 0.18643044906504608 0.06287720216019561 0.516 0.499 0.999 0.999
J-c-o-ztfg-ztfr 1D3 True O94 11 37.22315869634206 0.10177352052629769 None None 59147.452700017464 0.38707404637921566 1.0137991012012884 0.06401488236605161 0.1822063899144162 0.0628320538382561 0.517 0.501 0.999 0.999
J-c-o-ztfg-ztfr 1D3 True O94 12 37.23877417278559 0.10128399348804973 None None 59147.44748468974 0.3873954611490209 1.0133036336546193 0.06402285812046114 0.18326455954359794 0.06282672442946877 0.518 0.502 0.999 0.999
J-c-o-ztfg-ztfr 1D3 True O94 13 37.20170999883472 0.10061974381714216 None None 59147.41342876523 0.38793799884934255 1.0138681953022766 0.06400081166469934 0.15600458562182193 0.06266142939430984 0.522 0.506 0.999 0.999
J-c-o-ztfg-ztfr 1D3 True O94 14 37.20549603402765 0.10061224526111552 None None 59147.43219110404 0.3874659633639338 1.0137336491812734 0.06401585490067015 0.1665073098848632 0.06278305708991307 0.518 0.502 0.999 0.999
J-c-o-ztfg-ztfr 1D3 True O94 15 37.22894738089625 0.09983379554087614 None None 59147.41343498672 0.38837149069844945 1.012167982690736 0.06405001196355574 0.15465322136785245 0.06261179078863541 0.524 0.508 0.999 0.999
J-c-o-ztfr 1D3 True F19 6 37.26705658663764 0.0910040503112104 0.9740418579288141 0.04014431244851727 59148.290007527656 0.41642187447402834 None None 0.052520361736784 0.06736167517084714 0.41 0.407 0.999 0.999
J-c-ztfg-ztfr 1D3 True F19 6 37.17838976112604 0.09066311771560477 0.9200832611479749 0.0387609816645201 59147.359151976954 0.40054668836622165 None None 0.08451360906219997 0.0642845122903849 0.644 0.638 0.964 0.967
J-o-ztfg-ztfr 1D3 True F19 6 37.19091190003638 0.0883092558426154 0.9209679862735567 0.036800076781307 59147.47666227172 0.3924934245131995 None None 0.08221793854348597 0.06338007813780351 0.558 0.553 0.996 0.996
J-o-ztfr 1D3 True O94 0 37.11077666940074 0.13534724079563515 0.9586100083124693 0.045089136553400355 59148.707046163436 0.5134766097386733 None None 0.20902458463781032 0.08967981026484345 0.394 0.391 0.999 0.999
J-ztfg-ztfr 1D3 True O94 0 37.130751810715914 0.09727915570319082 0.9131118692526533 0.03922199123069599 59147.39786033673 0.4076236774045802 None None 0.14393406381168938 0.06508255113421854 0.619 0.612 0.966 0.969
J-ztfg-ztfr 1D3 True F19 6 37.18286769182899 0.09084946516184114 0.9169289282536748 0.039052460887057674 59147.37606503448 0.4060018112040572 None None 0.08383189943383634 0.06432885099077745 0.615 0.609 0.968 0.971
o-ztfg-ztfr  True F19 6 37.16678218464881 0.09105568040512627 0.9249516722063157 0.03698435079475525 59147.383290738726 0.3981335386800287 None None 0.09768937014366125 0.0647546510398373 0.56 0.556 0.994 0.995
ztfg-ztfr  True O94 0 37.087945363702424 0.10367277643723655 0.923593182226216 0.039738739306839965 59147.2564981164 0.4162245370046986 None None 0.17353895757569032 0.0672958141687296 0.604 0.599 0.967 0.969
ztfg-ztfr  True F19 6 37.145928847331035 0.0955021955397037 0.9235994074459324 0.039259631622311504 59147.256684292304 0.4123441242602496 None None 0.10915667832660708 0.06641488719301025 0.603 0.599 0.967 0.969