bps_used variant success reddening_law t0 e_t0 x0_mag e_x0_mag x1 e_x1 c e_c rchi2_data rchi2_data_model fitprob_data fitprob_data_model
c  True F99 59149.376121869376 1.2591202404099497 7.107262541406447 0.12183857759323752 2.3763916359576496 1.5627052283999974 -1.6357355612458924 1.3140389450612224 0.82 0.808 0.44 0.446
c-o  True F19 59147.99384482812 0.6150824964469044 7.647348873379273 0.09866279485104106 0.2311670891346682 0.6282258757551383 -0.033445746905271925 0.09284120144006004 0.714 0.647 0.809 0.872
c-o  True F99 59148.00738094772 0.5955935498499184 7.575635256123249 0.09388556904279026 0.2610039630930956 0.6116982382606293 -0.054038419332953766 0.08892608918365695 0.528 0.525 0.952 0.953
c-o-ztfg  True F19 59147.41733277558 0.2611179959465032 7.700418921734743 0.03978931088856764 -0.30875752242062116 0.30642493530294856 0.030127406575654474 0.04927419533420384 0.68 0.589 0.936 0.981
c-o-ztfg  True F99 59147.41348877964 0.2531504410097914 7.62864671211906 0.03883418001464583 -0.3123143749042143 0.29579882997249907 0.009927577489248624 0.047832183232190545 0.425 0.421 0.999 0.999
c-o-ztfg-ztfr  True F19 59147.535440426225 0.23180544858821409 7.628851572479238 0.038294421123923825 -0.2714594923238637 0.27110052084845176 0.02415142815259258 0.035290947548068795 0.46 0.432 1.0 1.0
c-o-ztfg-ztfr  True F99 59147.53376121666 0.22362035259170285 7.6295532464851155 0.037344982612897336 -0.2721236793563418 0.2615596936826433 0.020959439494730187 0.034409229836579534 0.46 0.456 1.0 1.0
c-o-ztfr  True F19 59147.95975029638 0.39876173036100204 7.6479703146129765 0.08823111592361921 0.0423036532965669 0.4177557853100343 -0.009654897914435894 0.07234586784388447 0.682 0.606 0.934 0.975
c-o-ztfr  True F99 59147.962751370476 0.38336365283668733 7.576868577077804 0.0835331277141268 0.06742963498607006 0.4058794161302234 -0.029945236085257943 0.06878802532752133 0.501 0.497 0.996 0.996
c-ztfg  True F99 59147.32002683505 0.27094390252292283 7.64587882254613 0.050135825298536746 -0.31059634957886567 0.326049508358945 0.056264469099529674 0.11735500991312738 0.431 0.426 0.989 0.99
c-ztfg-ztfr  True F19 59147.46259671437 0.24184564869236327 7.709613187245804 0.03984628351359389 -0.2535004985657828 0.2904560809347489 0.053802444701692986 0.0394241886387619 0.776 0.663 0.848 0.952
c-ztfg-ztfr  True F99 59147.460614114796 0.2334698212760733 7.638185158347566 0.03885230874495088 -0.2515952524396159 0.2801372442012792 0.03349896170068956 0.03845760330197711 0.474 0.469 0.998 0.998
c-ztfr  True F99 59147.82433328732 0.43328370915707604 7.615450588055194 0.09130283437236864 0.1794156901210174 0.47679623952858863 0.0022576272392227283 0.07785221066138834 0.589 0.585 0.934 0.937
J 1D3 True F99 59152.59998665564 5.006185547925252 5.549808004739062 54.52163641112603 -25.837454131873507 38.12072353035497 0.010955019875069628 19.759725996581764 -1 -1 -1 -1
J-c 1D3 True F99 59147.76674763112 0.757784314674174 7.685012008514445 0.08381757021738306 0.6845309644481365 0.908314221982242 0.05356679396564157 0.06288395469429243 0.792 0.784 0.555 0.561
J-c-o 1D3 True F99 59147.67623161069 0.4465530398174774 7.642935406236869 0.06971254020768781 0.07046285696639028 0.5566670499052784 0.0242501948274972 0.04786135097244471 0.562 0.548 0.95 0.956
J-c-o-ztfg 1D3 True F99 59147.41194928285 0.24500699942796006 7.633148114106399 0.03612015185086321 -0.3133560383105399 0.29424149786040793 0.02058985498743062 0.03336098929385939 0.425 0.421 1.0 1.0
J-c-o-ztfg-ztfr 1D3 True F19 59147.53623233562 0.22322607872176023 7.631410279005728 0.03638329755222379 -0.26860495564160003 0.27083829881960797 0.02786974300192896 0.030474670978429493 0.457 0.429 1.0 1.0
J-c-o-ztfg-ztfr 1D3 True F99 59147.53268901513 0.22324007114782538 7.704540856821986 0.03642768754036798 -0.2700480259046878 0.2708377714151389 0.04606428602292957 0.030521881495008965 0.66 0.577 0.981 0.997
J-c-o-ztfg-ztfr 1D3 True O94 59147.53269759823 0.2232234680212043 7.704541511016995 0.03642326148195135 -0.27004506127428085 0.2708237825600661 0.046063757702398775 0.030514996170465252 0.676 0.588 0.975 0.996
J-c-o-ztfr 1D3 True F99 59147.78541903773 0.3171721585740617 7.633180398394908 0.06414567232241182 0.0017512996406253956 0.39395207482332606 0.022521478449224877 0.04610361245772736 0.518 0.508 0.996 0.997
J-c-ztfg 1D3 True F99 59147.34150060055 0.27044898799361544 7.63758586905643 0.037448167934866404 -0.29477223937336655 0.32462652900987227 0.028848654291726165 0.040415620689300026 0.43 0.426 0.993 0.994
J-c-ztfg-ztfr 1D3 True F99 59147.47713110889 0.22403276326245045 7.637629826724899 0.03584503260916613 -0.24483797116077277 0.2799589672517693 0.03264514735716911 0.030346877868196575 0.467 0.463 0.999 0.999
J-c-ztfr 1D3 True F99 59147.734188215945 0.3558100384801186 7.649171151423609 0.06613508415801304 0.15483870543784364 0.4672150565507611 0.03493948397841967 0.04736767569317546 0.572 0.564 0.956 0.96
J-o 1D3 True F99 59148.65803506324 0.7920400469610107 7.897930626733951 0.23228232853324043 -0.33072945678607996 0.7325626036213112 0.1882595650007624 0.13522343663505612 0.361 0.36 0.99 0.99
J-o-ztfg 1D3 True F99 59147.43059558579 0.2639302580756824 7.62722322621852 0.03979886236995491 -0.4646649513307617 0.311789582543651 0.018154384936285073 0.03374593813126744 0.386 0.382 1.0 1.0
J-o-ztfg-ztfr 1D3 True F99 59147.563013365725 0.22903202539586298 7.6295176774369775 0.03822189293611252 -0.3901660036663749 0.2737972015993518 0.025534552891528384 0.02953157187032851 0.433 0.43 1.0 1.0
J-o-ztfr 1D3 True F99 59148.10263509936 0.41864207144877313 7.723860032664549 0.12281827261727 -0.20135262313107882 0.4453307424600856 0.08986724307793864 0.08202369631078206 0.448 0.443 0.998 0.998
J-ztfg 1D3 True F99 59147.33880646709 0.2899968374160689 7.6271760451124955 0.041442302550423554 -0.4788618576795302 0.34816670784195836 0.023563149392627675 0.041132263736800255 0.366 0.365 0.994 0.995
J-ztfg-ztfr 1D3 True F99 59147.49645158755 0.23961452149114373 7.631815245039002 0.03902118174739765 -0.3785572866720397 0.29540022491257917 0.031207545938369337 0.031040660764883255 0.442 0.439 0.999 0.999
J-ztfr 1D3 True F99 59148.02175816326 0.49980493213374905 7.711371350745576 0.12886918701256728 -0.07502618085473524 0.5640257649940471 0.08423963826817335 0.0858394238137238 0.518 0.515 0.957 0.958
o  True F99 59148.42006714856 0.9748258619029397 4.6143552259558245 4.578041582239833 0.2147491327482718 1.0602493404979256 -2.282634593398595 3.7244377957789414 0.339 0.339 0.986 0.986
o-ztfg  True F99 59147.4448852976 0.27695244556319726 7.621879064769976 0.04142845705914757 -0.4595078151803227 0.3136816894529857 0.003019569335943009 0.048716925645957435 0.378 0.377 1.0 1.0
o-ztfg-ztfr  True F19 59147.571719795895 0.24956554135621462 7.696921660685692 0.041077102420713656 -0.3880879862156583 0.28400133505900194 0.03977957556737473 0.03591315459490022 0.642 0.559 0.98 0.996
o-ztfg-ztfr  True F99 59147.57093945905 0.2405363210585912 7.625199231829177 0.04024562023305614 -0.3919487961435146 0.27395667606492435 0.019417377590683245 0.03506212785960828 0.435 0.432 1.0 1.0
o-ztfr  True F99 59148.126473246506 0.44131206037723686 7.052095468044378 0.7857128570238616 -0.08368415052257837 0.4844756167547415 -0.41862865952882244 0.6008336277807707 0.431 0.429 0.998 0.998
ztfg  True F99 59147.58672381641 0.5399979560686549 7.5734145495551255 0.05107209486160118 -0.15361805026607595 0.6444753856112386 -0.8077805836541362 1.385356071065105 0.352 0.35 0.992 0.992
ztfg-ztfr  True F19 59147.48535520543 0.26044353607805637 7.70243033648355 0.04244416266664811 -0.38186931695974596 0.3063473591441666 0.0502689957388873 0.039795987722483286 0.724 0.619 0.889 0.964
ztfg-ztfr  True F99 59147.48374433178 0.25108637197914246 7.630968514221772 0.04157537627380015 -0.3844115786014768 0.29533578527534676 0.029993904577794855 0.03884789965274935 0.447 0.444 0.998 0.998
ztfr  True F99 59147.646787267586 0.5644962287028218 -0.8184483166725726 3.9434238970278694 -0.029052165399097572 0.6186387154908565 -7.1839507733380685 3.6560837008231757 0.417 0.415 0.979 0.98