bps_used variant success reddening_law t0 e_t0 x0_mag e_x0_mag x1 e_x1 c e_c rchi2_data rchi2_data_model fitprob_data fitprob_data_model
c  True F99 58907.03003991158 0.9071455559264475 3.449399374200741 0.7859385178767463 -0.1490725499050187 1.5506429576686145 -1.0564886305550134 1.3704579485836663 -1 -1 -1 -1
c-o  True F19 58906.438809081184 0.25846368027981553 4.219116741713775 0.05957499708738114 -1.7133736519127178 0.3034456542800218 -0.04561223001483514 0.0500024223737956 126.658 4.135 0.0 0.0
c-o  True F99 58906.47971248708 0.0921040889319053 4.100410031816164 0.03945811949350268 -1.6472152191768434 0.134802904767504 -0.07552853429534155 0.03411995481545444 20.975 7.932 0.0 0.0
c-o-ztfg  True F19 58906.66170126487 0.12034213513290919 4.131380409955392 0.03350667788109408 -1.9762897215385251 0.1743043664853757 -0.1018746448074595 0.03430338429767398 74.175 4.21 0.0 0.0
c-o-ztfg  True F99 58906.65147596935 0.059170757201407555 4.014097920042163 0.025388652653768606 -2.1627155659149064 0.06159374490701241 -0.11974134086625038 0.024975461939283083 18.671 6.16 0.0 0.0
c-o-ztfg-ztfr  True F19 58906.63569734317 0.1146448847077152 4.01399358016517 0.032129134922181835 -2.031080570867019 0.16510778113622143 -0.118339333556541 0.030082031786129834 15.623 1.007 0.0 0.447
c-o-ztfg-ztfr  True F99 58906.640507985896 0.055896386027057106 4.015788898455472 0.024053808888859156 -2.199556095447956 0.05695486463888627 -0.11159467179532884 0.021938945492857506 15.114 5.132 0.0 0.0
c-o-ztfr  True F19 58906.53499074707 0.1868148726370363 4.217805955694155 0.05694523910038712 -1.9647259613786234 0.24366506649810518 -0.030301360100113944 0.04642013292734763 71.298 3.241 0.0 0.0
c-o-ztfr  True F99 58906.65842569535 0.06637914534180721 4.088208349238666 0.03845713957707589 -2.084464744225457 0.08232851985383083 -0.06357332992197184 0.03160884848907104 17.532 6.322 0.0 0.0
c-ztfg  True F99 58906.79772731385 0.08396389941142399 4.004880731691129 0.04336174145853753 -2.084505152161175 0.07348469059291068 -0.12623815412611145 0.06266188098652956 19.335 6.693 0.0 0.0
c-ztfg-ztfr  True F19 58906.68524751034 0.1333604126930498 4.138394280868139 0.03662637311898052 -1.9783575484181462 0.18906853306360916 -0.08602243200579643 0.04104321248176696 45.406 5.1 0.0 0.0
c-ztfg-ztfr  True F99 58906.743622722686 0.0741676203861703 4.019162189591162 0.027542188902236836 -2.1418844608536203 0.0679717522639076 -0.10047390966548353 0.03035429386939147 13.873 4.918 0.0 0.0
c-ztfr  True F99 58906.898810781466 0.10309042641562993 4.096315280456651 0.05003405716901849 -1.9733649309949235 0.10798499576670197 -0.04298827923756647 0.0485327271567776 13.869 6.115 0.0 0.0
J 1D3 True F99 58903.51458902242 11.774959322187788 -0.9967601648756514 58.50401084212724 -26.50034299694198 413.04645965073456 -1.6540821543481252 19.945661150592034 -1 -1 -1 -1
J-c 1D3 True F99 58904.58953212992 0.1909256069566732 4.351114083059825 0.034947700660827447 -0.40724902815820474 0.15356952949614763 0.14114645919103186 0.030331547986023798 39.322 13.433 0.0 0.0
J-c-o 1D3 True F99 58906.07983731567 0.09636417555751708 4.206756286048087 0.03317798314823429 -1.4331111859487102 0.13405515188157188 0.012624612372734186 0.02466575796181366 110.25 17.477 0.0 0.0
J-c-o-ztfg 1D3 True F99 58906.48669656904 0.05940725236958269 4.073350420618526 0.02304438629208021 -2.2138632648464833 0.06166251294656746 -0.05120114060917933 0.01994402854502662 94.734 14.747 0.0 0.0
J-c-o-ztfg-ztfr 1D3 True F19 58906.62049907596 0.11512912348563037 4.051742484564027 0.029801901609937932 -2.0276765857134977 0.16595828506024546 -0.07198485783408838 0.025462218998354463 90.928 1.343 0.0 0.134
J-c-o-ztfg-ztfr 1D3 True F99 58906.62003878562 0.11517916427630567 4.174684338281399 0.029839353065191414 -2.0276284530017197 0.16598861020533076 -0.041049573410350704 0.025492820318984803 124.114 3.426 0.0 0.0
J-c-o-ztfg-ztfr 1D3 True O94 58906.61995087465 0.1150831591069311 4.174705977698325 0.029819174156692073 -2.027732581995102 0.1658391783921278 -0.04104511957767413 0.025466890206656937 128.587 3.563 0.0 0.0
J-c-o-ztfr 1D3 True F99 58906.44668624738 0.06651938139732622 4.155019287248178 0.031922896973710285 -2.1510647117122743 0.081985320852868 -0.0059249629211794545 0.023802090915351317 65.623 14.68 0.0 0.0
J-c-ztfg 1D3 True F99 58906.45349092745 0.0802988082568459 4.09350415840851 0.024977526494168453 -2.2442525470834487 0.0716183115530643 -0.0018460223049325594 0.02608984520412031 51.429 20.223 0.0 0.0
J-c-ztfg-ztfr 1D3 True F99 58906.48750425098 0.07130943438312327 4.075276821692571 0.023210534523801386 -2.290589417203737 0.06642041758216513 -0.03071565119538257 0.021786573535071515 58.602 14.509 0.0 0.0
J-c-ztfr 1D3 True F99 58906.40319539985 0.09762383336090331 4.173000101098193 0.0337730515501711 -2.1980746550535843 0.10427129447378006 0.02691878824710975 0.027708256548816375 44.724 21.698 0.0 0.0
J-o 1D3 True F99 58905.97966214936 0.10756672297529023 4.404859315339522 0.0893582483372323 -1.844620609771298 0.20226181441059105 0.11173015104831556 0.04817048230506663 69.662 24.84 0.0 0.0
J-o-ztfg 1D3 True F99 58906.33697218234 0.06556264062146969 4.026611305683489 0.027606521516445742 -2.4370175082478998 0.06652540130466573 -0.07303726487771892 0.02073288532612039 147.1 15.276 0.0 0.0
J-o-ztfg-ztfr 1D3 True F99 58906.34791413804 0.06111570233032132 4.021856495400401 0.026801533199504495 -2.464732209558213 0.06146841283067418 -0.07866922637202184 0.019665577897815117 111.259 11.41 0.0 0.0
J-o-ztfr 1D3 True F99 58906.234570017106 0.07711822772969239 4.276233331244885 0.07282297673345077 -2.497143676177683 0.09803118867162433 0.06242706225071993 0.04268440394004433 40.952 13.292 0.0 0.0
J-ztfg 1D3 True F99 58906.16036531423 0.08641181236105147 4.0272223360906025 0.027507212189719504 -2.6000073818209786 0.07705069533975939 -0.006332644782222388 0.02570064577482819 34.338 22.263 0.0 0.0
J-ztfg-ztfr 1D3 True F99 58906.222035560255 0.07726548154918403 4.023927510440085 0.026853219759318325 -2.5912364765067673 0.07192008899908311 -0.04538544831308196 0.022020844042022338 72.834 12.746 0.0 0.0
J-ztfr 1D3 True F99 58905.49928829145 0.142261097915656 4.222966644433653 0.0784199942919511 -3.278975467758573 0.1562345140763447 0.06914584313443506 0.04429779500003412 37.088 17.946 0.0 0.0
o  True F99 58906.64862025026 0.14150898264831294 5.636521977609653 1.0898372519510957 -2.4754560945056543 0.27329079479527835 0.8651035083656243 0.6408694277702522 32.416 9.104 0.0 0.0
o-ztfg  True F99 58906.51141002187 0.06575441804311538 3.9596426045046895 0.02918314490613749 -2.3702926678790326 0.06725427179529597 -0.15386308359878442 0.025657483175756345 11.856 4.175 0.0 0.0
o-ztfg-ztfr  True F19 58906.55688877501 0.12114868658426889 4.098250553769288 0.03642718822921558 -2.2259015864917613 0.1869488536096196 -0.10273407922372316 0.030975563667585373 30.964 2.895 0.0 0.0
o-ztfg-ztfr  True F99 58906.49758548169 0.06193154563357458 3.962077755349561 0.02836047004901669 -2.385246166694097 0.062202808330524044 -0.1431082023290045 0.023054598621282896 8.863 3.398 0.0 0.0
o-ztfr  True F99 58906.461563656936 0.08844744001382647 3.8440193118624864 0.3409888985918237 -2.3737987187304648 0.09900668910577165 -0.22213946393034517 0.22431614637822783 13.938 5.209 0.0 0.0
ztfg  True F99 58906.097971746785 0.27571143783568736 4.8476026926635125 0.7133375669010671 -2.6969946191453835 0.21309436577335034 1.5468642198692064 1.1509628304585793 1.229 0.998 0.293 0.369
ztfg-ztfr  True F19 58906.55556570965 0.14551060757610157 4.103194198486901 0.03958000468024562 -2.2426649829429115 0.2257376027878586 -0.08902163314216398 0.04218223937415964 19.507 4.586 0.0 0.0
ztfg-ztfr  True F99 58906.487131985254 0.0859846570489908 3.9689622533653877 0.030015624227022027 -2.412800156284124 0.07817826324421721 -0.12152894342136868 0.030653742590735056 2.648 2.149 0.01 0.035
ztfr  True F99 58906.84352055026 0.4961028403042117 12.099576441035973 9.239060192170722 -2.5514852561802215 0.2777001621724123 5.063501900211747 5.514151989486789 9.476 7.74 0.002 0.005