bps_used variant success reddening_law t0 e_t0 x0_mag e_x0_mag x1 e_x1 c e_c rchi2_data rchi2_data_model fitprob_data fitprob_data_model
c  True F99 59145.09709622231 4.357369924916363 8.703528124512834 4.292212518327405 1.5773686450328035 4.100428897426923 1.1465764056097458 5.134843543323782 2.015 2.001 0.109 0.111
c-o  True F19 59144.54318889648 0.6013015009243381 7.999184029802486 0.11106586616039897 0.3641902103989636 0.6635656999490775 0.06693999404316518 0.08696745303569206 1.426 1.315 0.081 0.138
c-o  True F99 59144.51721388975 0.5851278323961528 7.85951299773177 0.10860715369827127 0.3627662983766555 0.6512034171152113 0.03133394569448848 0.08471747108127006 0.961 0.956 0.516 0.523
c-o-ztfg  True F19 59144.4720386487 0.36739725897058073 7.897016298659777 0.03640551268112423 0.4721195311123522 0.4711193729169914 -0.01853401299338664 0.041089974749474394 1.973 1.577 0.001 0.017
c-o-ztfg  True F99 59144.46320881834 0.3602877076529214 7.754374567804353 0.03582756146307459 0.4726108304364139 0.4618477986669792 -0.056050071448167815 0.04000985351287921 0.798 0.786 0.792 0.809
c-o-ztfg-ztfr  True F19 59144.59006959906 0.2743676819246812 7.7603922457617465 0.034808841330011484 0.6290468212581954 0.34393296091162534 -0.01661940304116152 0.031449705853159926 0.71 0.656 0.938 0.97
c-o-ztfg-ztfr  True F99 59144.59097575974 0.26460483660752326 7.762991283440355 0.034244295165409035 0.6404769598070635 0.3327050610976234 -0.020218326295549358 0.03071743478388686 0.708 0.684 0.939 0.955
c-o-ztfr  True F19 59144.665796785215 0.34413847382186563 8.011539086789927 0.09979147753474407 0.623442996844368 0.4055834965798547 0.10124200351274745 0.07734790286873555 1.663 1.296 0.006 0.102
c-o-ztfr  True F99 59144.66175399981 0.3281065186646739 7.8706376728082965 0.09745122052013931 0.638872289707822 0.39048116916330533 0.06417426951898869 0.07536518469130178 0.782 0.758 0.833 0.862
c-ztfg  True F99 59144.65712890182 0.4674526154823989 7.748089101169407 0.04128219217208909 1.071783197187742 0.6061831135582305 -0.2041283023833467 0.14319862716476617 0.889 0.882 0.565 0.572
c-ztfg-ztfr  True F19 59144.688447876986 0.3091642570052539 7.916588804351872 0.03627693897699254 0.8284120842786356 0.3929616375684221 0.03264722920547988 0.03561043216491768 2.669 1.902 0.0 0.003
c-ztfg-ztfr  True F99 59144.68952238163 0.29689490448051326 7.773674234825345 0.035586597823282023 0.8326662616598834 0.37877639783787936 -0.005749826217079925 0.034659087771691695 0.666 0.644 0.908 0.925
c-ztfr  True F99 59144.767386903346 0.3940275119773413 7.930397779619274 0.11196923562393962 0.9336007518536767 0.4765238605726477 0.11896284766859563 0.0901739445969254 0.71 0.703 0.805 0.812
J 1D3 True F99 59144.98762566104 0.9984071036887164 8.02542203199798 72.84841818315074 -6.149538915336343 26.77726669626629 0.012636619890559583 25.98390255153963 -1 -1 -1 -1
J-c 1D3 True F99 59145.14658618212 0.616467852641984 7.862530740774819 0.1405383103719373 2.513555155541259 1.6233745444160597 -0.13159620113769907 0.05497689115911513 1.311 1.304 0.248 0.251
J-c-o 1D3 True F99 59144.7673822886 0.5259679003591635 7.696106701694228 0.0777305665265498 0.3876045993957169 0.6597668300630168 -0.13329264195747648 0.04527402123916725 1.217 1.074 0.201 0.361
J-c-o-ztfg 1D3 True F99 59144.454255142664 0.3443978191485384 7.733323809804472 0.033601311195632304 0.5348045709447933 0.46494195028008545 -0.11558775742143862 0.02739120370961312 0.962 0.842 0.535 0.739
J-c-o-ztfg-ztfr 1D3 True F19 59144.53255759711 0.2732372451266991 7.729533235675694 0.03210597717522667 0.6947638196958783 0.34685463737708006 -0.06734163811882973 0.025526344802909714 1.366 0.799 0.041 0.85
J-c-o-ztfg-ztfr 1D3 True F99 59144.53596634479 0.27299852310993983 7.875778248779444 0.0321860228094394 0.6918118075387386 0.34670685064799245 -0.030850464383751015 0.025604446161709735 2.338 1.51 0.0 0.01
J-c-o-ztfg-ztfr 1D3 True O94 59144.535951575126 0.27296065103544437 7.875743546111922 0.03217628220157122 0.691938708357346 0.3466548959626045 -0.030878635142406755 0.02558939205242358 2.438 1.585 0.0 0.005
J-c-o-ztfr 1D3 True F99 59144.8189235833 0.3234270861430407 7.650706905779293 0.060073382971860406 0.6761008275384524 0.3986813765903566 -0.1280155532819529 0.039883285931876476 1.283 0.988 0.103 0.493
J-c-ztfg 1D3 True F99 59144.703280955684 0.4113126340490343 7.75447280208332 0.037021604617571535 1.0452307316233855 0.5799686795126224 -0.1573211046925346 0.03359360106954164 0.749 0.74 0.745 0.755
J-c-ztfg-ztfr 1D3 True F99 59144.67875928445 0.29246553941106945 7.73421414294835 0.032324465460381265 0.9788832693320109 0.3816135291696237 -0.08283000365893867 0.025160812198238035 1.621 0.98 0.016 0.498
J-c-ztfr 1D3 True F99 59145.021666017754 0.35442538030210746 7.658450901383579 0.0643746054157258 0.9913242146369703 0.48559393228260905 -0.13263933122248023 0.04098018093391163 1.792 1.252 0.014 0.196
J-o 1D3 True F99 59144.27473150329 0.5420487865895718 7.457278330490593 0.12477361310501495 -0.1484959135045157 0.7225477121003825 -0.24538879489821186 0.06992455901088872 0.655 0.652 0.873 0.875
J-o-ztfg 1D3 True F99 59144.17723615568 0.357603615105622 7.7145594514268705 0.03462490915752959 0.27369004192894975 0.4901420805049365 -0.11647049216661205 0.027337793768599846 0.774 0.635 0.806 0.939
J-o-ztfg-ztfr 1D3 True F99 59144.405016228615 0.26633218765378447 7.706348277047006 0.03198061071279793 0.6499318416015729 0.34423645512830664 -0.08747578118230401 0.024093692479678255 1.139 0.715 0.242 0.925
J-o-ztfr 1D3 True F99 59144.55664443736 0.3131810792437711 7.425178468053863 0.08826635116499418 0.5475922136620099 0.4069193321932832 -0.2695265155228852 0.05904731545747866 0.553 0.547 0.985 0.987
J-ztfg 1D3 True F99 59144.38823147413 0.4395251407050176 7.737777241035809 0.03838081008029265 0.681512761320551 0.6367281832222856 -0.15438847671931397 0.03388610134915979 0.21 0.208 0.993 0.993
J-ztfg-ztfr 1D3 True F99 59144.473510406184 0.30037656572203875 7.715458827371906 0.033111998586056665 0.891854425087014 0.3936264554417237 -0.08862360998468426 0.025216771495542738 1.502 0.743 0.054 0.811
J-ztfr 1D3 True F99 59144.674505162126 0.3638975254535594 7.42518892203416 0.09180993556497458 0.8100482062052987 0.5007504329425259 -0.2716846466534359 0.059231726509019283 0.339 0.335 0.989 0.99
o  True F99 59144.50719360406 0.6253372512791551 10.944744596820273 2.740410463787134 -0.895835131864261 0.7769770694594943 2.052240334695756 1.6642260893547014 0.65 0.647 0.854 0.856
o-ztfg  True F99 59144.15764519526 0.3706808486858746 7.7338481769455285 0.036601902499699406 0.21385800093333365 0.4848008414410598 -0.058310344341571035 0.03947752386937116 0.536 0.533 0.976 0.977
o-ztfg-ztfr  True F19 59144.4203213788 0.27825636785580377 7.885821087840322 0.03584122874277261 0.5409446153601174 0.3519226725079164 0.008348032885287519 0.031646221855401765 1.858 1.338 0.001 0.07
o-ztfg-ztfr  True F99 59144.43025803511 0.2677895974890838 7.742822351515913 0.03523449551980253 0.556485704127103 0.339935032468221 -0.030339929863618734 0.030913558090083063 0.527 0.512 0.995 0.996
o-ztfr  True F99 59144.51056204896 0.33224195291840813 7.22323511697543 0.5329338859502968 0.5674318412281996 0.41509788684250754 -0.42446540963773605 0.4112513017212001 0.587 0.583 0.969 0.971
ztfg  True F99 59144.406011829415 0.5331877053879741 7.721808072217758 0.037450982243908026 0.7607545562051914 0.6827512432699643 -0.579050421453313 0.776519536125946 0.228 0.224 0.968 0.969
ztfg-ztfr  True F19 59144.47447753791 0.3131170276254888 7.896636991115226 0.03705556830942855 0.7296298964212758 0.4046862040938833 0.02509298365433911 0.03544649282878423 2.609 1.754 0.0 0.018
ztfg-ztfr  True F99 59144.4888539382 0.29985952839931174 7.75325465115872 0.036373703882823516 0.7383029477717465 0.38915788091330805 -0.014069175740576492 0.03453562851221512 0.3 0.296 0.999 0.999
ztfr  True F99 59144.657150806335 0.3683513604823274 11.766853575306145 4.721942353137785 0.20668959894170644 0.7604656079130788 2.9603474999286794 3.3315853605268475 0.355 0.351 0.973 0.974