bps_used variant success reddening_law t0 e_t0 x0_mag e_x0_mag x1 e_x1 c e_c rchi2_data rchi2_data_model fitprob_data fitprob_data_model
c  False F99 59294.55415701725 13.475862049076731 15.05873749350192 -1 5786.526300982692 -1 -1.2648671044156043 3.406549028005833 None None None None
c-o  True F19 59277.305028888 0.4367209307712951 5.608947758563286 0.36566822707841357 -2.015268309549114 0.5762229899402036 -0.9118660716696474 0.2571192777424488 6.819 3.474 0.0 0.0
c-o  True F99 59277.26050043246 0.3446154287523673 6.339897817141054 0.2505568030077317 -2.3627123007016118 0.3377848885368825 -1.14184000330996 0.18075522810008307 6.301 5.919 0.0 0.0
c-o-ztfg  True F19 59278.3545602688 0.19726024164497666 6.643101507182982 0.046188854140855044 0.3928580877058949 0.2886539140111456 -0.2630582171057131 0.036567723998770944 4.033 2.799 0.0 0.0
c-o-ztfg  True F99 59278.385509863336 0.18140422192065558 7.6165082049003505 0.043686871247914434 0.13771776282956924 0.26271619774777977 -0.30503591611862807 0.03441230392529658 3.286 3.198 0.0 0.0
c-o-ztfg-ztfr  True F19 59278.05037070521 0.16466662518338454 6.5095510857325465 0.040187407591389286 -0.0062590233599610755 0.21135697945924234 -0.28418958319494264 0.030881198488189727 3.136 2.325 0.0 0.0
c-o-ztfg-ztfr  True F99 59278.059131139424 0.149422026798443 6.49489344834958 0.03834869205989359 -0.18329422709390603 0.19166771089859944 -0.2930518621507827 0.029446882553601787 3.112 3.02 0.0 0.0
c-o-ztfr  True F19 59277.579722787916 0.22002492265741957 6.1604391522535655 0.20418668521081584 -0.7779066025165106 0.2866981519162168 -0.5534318442830891 0.14490248304351713 4.801 3.21 0.0 0.0
c-o-ztfr  True F99 59277.66654803269 0.19354235424249097 7.306285892103539 0.20525179658016005 -0.8580817305552537 0.26258958845034736 -0.4729497246277736 0.14442664833947813 4.276 4.129 0.0 0.0
c-ztfg  True F99 59278.42984186175 0.2453020916091018 7.720370271930312 0.053195075916088075 0.5893228723741579 0.39572893770039536 -0.021775621214724185 0.13139697890032026 0.871 0.856 0.62 0.64
c-ztfg-ztfr  True F19 59278.29738748031 0.18305677262081074 6.611761097797041 0.04176881984967644 0.055884682721602984 0.2359883606663635 -0.24384460369698083 0.036331661246453185 3.482 2.551 0.0 0.0
c-ztfg-ztfr  True F99 59278.327745227085 0.1676272716373206 6.492948337126913 0.03972064742164867 -0.13349930841838314 0.21492120567757303 -0.2742167306463099 0.03461236882290488 2.758 2.697 0.0 0.0
c-ztfr  True F99 59278.085433593675 0.2413141275673551 7.207425689205678 0.23862006676813444 -0.9395137602202405 0.3030109860999506 -0.5170906876614819 0.17355627913184132 4.559 4.457 0.0 0.0
J 1D3 False F99 59273.956173358434 30.47996587326192 12.724185290403874 35.54239530542965 -50.984972995639254 433.11560212818375 2.4210136078381774 22.129724481366814 None None None None
J-c 1D3 True F99 59279.414363857315 0.9916142790985468 5.8910655513596915 0.2870858238599393 -1.5921229073695593 0.6902312178821 -0.4443904275052455 0.1257563936004188 2.99 2.976 0.03 0.03
J-c-o 1D3 True F99 59277.839126668936 0.32972250879578263 6.269968580705939 0.2741798386137292 -0.97438059226859 0.5131897685972474 -0.4299588915079967 0.17993082097250926 5.847 5.651 0.0 0.0
J-c-o-ztfg 1D3 True F99 59278.353277861585 0.17964571484918304 6.521823864824258 0.043402216824168005 0.12496276621273394 0.26124596848623266 -0.2951462824617085 0.033359129125612695 3.113 3.024 0.0 0.0
J-c-o-ztfg-ztfr 1D3 True F19 59278.033269658226 0.16333673165723428 6.512994773164275 0.03991149536093784 -0.013958565996432446 0.21075840398002169 -0.27919135585761035 0.030077453926814702 3.006 2.239 0.0 0.0
J-c-o-ztfg-ztfr 1D3 True F99 59278.03193396478 0.16333288549257557 6.613922544463902 0.039955457030132174 -0.015335973584482198 0.21071994069528913 -0.25487898708534973 0.030124657068380682 3.538 2.619 0.0 0.0
J-c-o-ztfr 1D3 True F99 59277.646809198974 0.19369708573058986 6.403624330609469 0.16803866295026038 -0.724146439255728 0.24422782281986122 -0.3314447453857704 0.11639188112554487 3.986 3.839 0.0 0.0
J-c-ztfg 1D3 True F99 59278.50574222521 0.22027764755400508 6.602092347140227 0.05101949382549365 0.7954893503585245 0.3576533318058872 -0.16156301534387027 0.06034921929932075 0.958 0.94 0.516 0.541
J-c-ztfg-ztfr 1D3 True F99 59278.30017789306 0.16566805266515366 6.4957326590078885 0.03942524981598649 -0.15300703321473186 0.21293115409195476 -0.2674233195070892 0.03309205806263303 2.619 2.56 0.0 0.0
J-c-ztfr 1D3 True F99 59278.044094090816 0.23837992297122715 6.351274562006356 0.1787709937489258 -0.7892250533965094 0.27523442124882086 -0.334124725633891 0.1263210862876804 4.032 3.94 0.0 0.0
J-o 1D3 True F99 59276.85440763847 0.34280511024649307 6.704000433250213 0.21493255328092398 -0.6885997555684163 0.48066689762994647 -0.15110405832921078 0.14314267650170406 2.859 2.769 0.001 0.002
J-o-ztfg 1D3 True F99 59277.99859222504 0.1880542215534905 6.553846071542401 0.044266263499424585 0.2739305345843378 0.28804574721167564 -0.28038064684331604 0.03400552235068199 2.166 2.111 0.0 0.0
J-o-ztfg-ztfr 1D3 True F99 59277.77381228154 0.1558212246127959 6.524616767866508 0.03841635767656293 -0.09196036051798887 0.2038392336805472 -0.27694444471591795 0.02900205099960888 2.259 2.194 0.0 0.0
J-o-ztfr 1D3 True F99 59277.15311975086 0.20609570755646742 6.5210458417112935 0.19141523442087255 -0.5205346590831306 0.24531431326706152 -0.26395110356340784 0.13521835214225453 2.488 2.393 0.0 0.0
J-ztfg 1D3 True F99 59278.44156920283 0.22522497205665465 6.585020805133936 0.05175978642380178 0.6231543374167412 0.37221477625422333 -0.1966249945151277 0.07321667123275626 0.987 0.972 0.473 0.491
J-ztfg-ztfr 1D3 True F99 59278.007892363785 0.1720121303779464 6.520684573153507 0.03984558155210886 -0.04165913478677698 0.22844939508138043 -0.264570740126417 0.03312058105956374 1.834 1.8 0.002 0.003
J-ztfr 1D3 True F99 59277.36999789884 0.2564949673576613 6.59281307655414 0.18190725446198572 -0.5944578466453703 0.28845950160608175 -0.18509578316487602 0.1299552432536416 2.162 2.122 0.007 0.008
o  True F99 59276.681698335386 0.4303596809654376 6.888161873045208 1.34094055597768 -0.5529458566300829 0.533599679487505 -0.8000025566755116 0.9717492140222141 3.815 3.691 0.0 0.001
o-ztfg  True F99 59278.02732593515 0.18968052948788391 7.647260882323274 0.04451708643592871 0.2742444455075267 0.2884203997653138 -0.29071843842104306 0.03514047543408687 2.285 2.23 0.0 0.0
o-ztfg-ztfr  True F19 59277.83154853549 0.17098399665779043 6.622634248773203 0.04038148957802097 -0.03939854030437941 0.2208828248078528 -0.2544761599658444 0.031089908099480004 3.127 2.385 0.0 0.0
o-ztfg-ztfr  True F99 59277.79054365955 0.15664796778775417 7.619819182507835 0.038596258693705476 -0.08620921797845753 0.20425053428346718 -0.28320728188556843 0.02959504686738095 2.355 2.289 0.0 0.0
o-ztfr  True F99 59277.12951744281 0.208764802539686 7.105810731134039 0.4908973122749311 -0.5384007904422095 0.24601173963996154 -0.6412306915301009 0.3620593163553711 2.634 2.565 0.0 0.0
ztfg  True F99 59277.96636626111 0.42145602843971564 8.246653699884607 0.8033663532749109 -0.04368146698497347 0.603397388233894 1.5834374727425555 1.79160089000445 0.882 0.865 0.591 0.61
ztfg-ztfr  True F19 59278.060575322976 0.18880861387572095 6.622712125532372 0.041968629071933286 0.026747530224991732 0.24689317763498791 -0.24279499278985714 0.036585817904504166 2.78 2.15 0.0 0.0
ztfg-ztfr  True F99 59278.028523794674 0.17392062389095259 7.617931728646213 0.04013824156790423 -0.0287362027993713 0.22981525673343453 -0.27031448141832937 0.03481200942192522 1.925 1.889 0.001 0.002
ztfr  True F99 59277.3898111436 0.26994500427472234 7.719297122327376 2.434913166842661 -0.5931132689797292 0.31460109448890283 -0.16502435515807662 1.838600985649886 2.613 2.562 0.002 0.003