bps_used variant success reddening_law t0 e_t0 x0_mag e_x0_mag x1 e_x1 c e_c rchi2_data rchi2_data_model fitprob_data fitprob_data_model
c  True F99 58642.28400779635 14.868149035093788 7.600127888657614 14.531940128587818 -3.2148245904538655 9.262113489999352 0.2823350560338268 13.751627055744047 -1 -1 -1 -1
c-o  True F19 58641.76791771231 0.7282071883684694 8.49398192122104 0.22471856812649935 0.5369894461518543 0.6521594878661755 0.5529287566492391 0.147389477951103 2.77 2.412 0.0 0.0
c-o  True F99 58641.77155065909 0.708107261202056 8.135619363527407 0.21918082413172196 0.562842529547404 0.6397235290943329 0.45151546060240794 0.14388303881008832 1.164 1.16 0.275 0.279
c-o-ztfg  True F19 58637.67071062808 0.5892526777846478 8.930347907730027 0.07403970056323247 0.8129536795868807 0.5595102841312773 0.825159827842801 0.05719578392662154 4.95 4.527 0.0 0.0
c-o-ztfg  True F99 58637.7273222879 0.5761558128744234 8.5753556248774 0.07316382642123402 0.8384586533670649 0.5531276385679296 0.7253212823140223 0.056203837481855486 2.757 2.737 0.0 0.0
c-o-ztfg-ztfr  True F19 58640.18308241271 0.4187710282555512 8.683062306590713 0.07168148314371052 1.2056638724092388 0.40890075689388544 0.8210709641987024 0.051266991985589865 2.771 2.621 0.0 0.0
c-o-ztfg-ztfr  True F99 58640.30890931627 0.3948566620697477 8.686711122379798 0.07077175631559232 1.2050136521963077 0.3972328561092391 0.8089936173982727 0.05042012046026896 2.765 2.734 0.0 0.0
c-o-ztfr  True F19 58641.84855767421 0.4114942348613591 8.540391020653932 0.19636994008773712 1.334949815276869 0.4326752963010575 0.5747621611572397 0.13460778296908157 3.605 2.791 0.0 0.0
c-o-ztfr  True F99 58641.8195756376 0.39013729618924264 8.187120542813947 0.19203637267222026 1.3705302902039465 0.4198560370087589 0.4761021870162475 0.13169081418776493 1.157 1.148 0.229 0.24
c-ztfg  True F99 58624.52050597822 2.2683923117078364 8.301396399004943 0.2163853636520628 5.037827425976786 2.6033162773374285 0.7032204883291651 0.26145198510386725 1.233 1.194 0.258 0.285
c-ztfg-ztfr  False F19 58612.568515599836 1.0907949805255353 8.181349695684307 0.22676974802864225 11.256913456741971 3.4463839127878093 0.35456421227303725 0.08955743939131187 None None None None
c-ztfg-ztfr  True F99 58639.96612927567 0.46426997026831296 8.70819710777696 0.0806397456413986 1.2091086571269618 0.5035534185293236 0.8416079089140736 0.06127602384896626 3.661 3.631 0.0 0.0
c-ztfr  True F99 58641.59066072542 0.44524053643201766 8.280059760139627 0.249328490489889 1.3944904469662012 0.550553104486905 0.5426885144864797 0.17844373290894572 1.291 1.279 0.182 0.19
J 1D3 True F99 58643.46242236684 0.5323624597563966 769.1967082200902 0.20535994305381133 -10.172576580609244 2.390740793493784 253.7287832480611 0.06604239241783638 -1 -1 -1 -1
J-c 1D3 True F99 58644.13780898235 0.09891603368311168 5.89061357597156 0.3061178859276505 -6.6948822161170405 0.4010329518729828 -0.16322986796447075 0.10524665930749792 25.992 9.942 0.0 0.0
J-c-o 1D3 True F99 58644.73746669482 0.11013027889676551 8.519151358001803 0.1159199093931307 1.3525440918164149 0.559769667812712 0.7021222341893538 0.05379581077029877 4.634 3.871 0.0 0.0
J-c-o 2D True F99 58644.79910086986 0.12844417124547686 8.46920516048985 0.12172964394679707 1.3911747388593536 0.5661213600621962 0.6679780804707156 0.05977711089368337 4.26 3.858 0.0 0.0
J-c-o-ztfg 1D3 True F99 58644.644057320795 0.11618682405385394 8.911522969140535 0.06428606599426231 3.089576442758669 0.5547774874337102 0.8522072743263069 0.032150122149236245 8.027 7.156 0.0 0.0
J-c-o-ztfg-ztfr 1D3 True F99 58644.50414225012 0.10766934685652288 8.831903048931402 0.054536344672428114 2.5563921139858703 0.3805773280448442 0.8430220192728195 0.030713532754230596 7.209 5.696 0.0 0.0
J-c-o-ztfg-ztfr 2D True F19 58641.45177393113 0.3787046639917053 8.716436324412246 0.06114368055864398 1.6973305440957236 0.42078213100404227 0.8231792918410963 0.03761235379318393 35.375 3.293 0.0 0.0
J-c-o-ztfg-ztfr 2D True F99 58641.471330419954 0.3758894391658785 9.082551922185127 0.061414507544533946 1.695642637519156 0.4191421197746277 0.9172445376872748 0.03782589040594625 34.379 4.953 0.0 0.0
J-c-o-ztfr 1D3 True F99 58644.63437122774 0.10585722558151173 8.546907340663882 0.08466681609168712 1.7133827608121688 0.37864961724537477 0.7107840934895953 0.045992937084752314 3.725 3.301 0.0 0.0
J-c-ztfg 1D3 True F99 58644.75737198962 0.18242194109088183 9.256441345912307 0.11941849600754306 8.329691962663436 1.6890394872361407 0.9359271982776511 0.042758748553986724 16.891 12.572 0.0 0.0
J-c-ztfg-ztfr 1D3 True F99 58644.528533799676 0.11424017020755146 8.882835859971603 0.05976363537958026 3.240492537096551 0.49641134506391466 0.8590080071890221 0.0317015493261656 11.15 8.35 0.0 0.0
J-c-ztfr 1D3 True F99 58644.66200912195 0.10731763363913743 8.545517116495262 0.09111809952709701 1.8589150562135472 0.4851295899109382 0.716315082994841 0.046518535484860644 6.094 5.457 0.0 0.0
J-o 1D3 True F99 58644.7584881665 0.10565038653447878 8.645233795363215 0.131003622217243 0.9425675612803914 0.5945354458559373 0.7597727427374229 0.05969485993582705 3.809 3.398 0.0 0.0
J-o-ztfg 1D3 True F99 58644.67672205467 0.1136697398430198 8.930815780338333 0.0654248908292395 2.8029035505671454 0.5606440744313329 0.8613494186867925 0.03261247068848365 8.062 7.166 0.0 0.0
J-o-ztfg-ztfr 1D3 True F99 58644.54195359842 0.10694986885261926 8.84973067928756 0.05524122637562989 2.447451149052057 0.3832727686578091 0.8525782059835698 0.03099317343260613 7.359 5.638 0.0 0.0
J-o-ztfr 1D3 True F99 58644.66938445777 0.10406366528072587 8.590616855042349 0.08746517970652073 1.6154307366503913 0.3841048598800573 0.7342303246800052 0.04716654116375739 3.362 3.063 0.0 0.0
J-o-ztfr 2D True F99 58644.690574435896 0.11467150656244196 8.56513784807505 0.09423818547244671 1.6290932143458328 0.38575268933464046 0.7167260603265113 0.05313490947905695 3.362 3.082 0.0 0.0
J-ztfg 1D3 True F99 58644.78024126704 0.1707113515392858 9.233167701133132 0.11336511058832466 7.468643761483092 1.6037486828527718 0.930180789966164 0.04149961508320898 19.16 14.631 0.0 0.0
J-ztfg-ztfr 1D3 True F99 58644.56640697921 0.11282681048185714 8.896443408362758 0.06020032355536352 3.0946898367639113 0.49968242440197974 0.8660170556353068 0.03185773483459315 11.76 8.549 0.0 0.0
J-ztfg-ztfr 2D True F99 58644.536503504 0.11651202690524408 8.901075188874149 0.060683302888721355 3.061064894960376 0.49933517184613985 0.8730531087270221 0.03365482415216523 9.687 8.553 0.0 0.0
J-ztfr 1D3 True F99 58644.69636513778 0.10542257507996865 8.584906615762339 0.09403273284048683 1.729062814669485 0.49356798103311866 0.7368796248888714 0.04772850026047105 6.0 5.325 0.0 0.0
o  True F99 58643.30108822828 0.9900951245029196 4.327557426082218 2.532830808392727 2.7208320028962634 1.1714997076380642 -2.213668376330241 1.9192364769152552 0.974 0.967 0.486 0.495
o-ztfg  True F99 58637.849449977955 0.6139218634496207 8.598173034796655 0.07744905323549892 0.8739754014933324 0.5876954580737228 0.7326368643208275 0.057490503345793094 2.982 2.963 0.0 0.0
o-ztfg-ztfr  True F19 58640.34249688112 0.4291960008855887 9.074510369301 0.0746400817459972 1.3111753101036572 0.42208228521921065 0.9250683587129158 0.05264313041392728 5.454 4.653 0.0 0.0
o-ztfg-ztfr  True F99 58640.46689250508 0.40668877921991403 9.820811557710478 0.0737718948045856 1.313103603421875 0.41014281819395326 0.8267723873508286 0.051872548416666546 2.85 2.818 0.0 0.0
o-ztfr  True F99 58642.02903239681 0.3975734911241875 7.837571528858701 0.4703984274978644 1.6577551238356159 0.4500750493384543 0.2336059589499484 0.32363696944451414 1.115 1.104 0.29 0.305
ztfg  True F99 58622.805237656605 2.056130862484815 12.817907707036337 5.45302806318915 3.446078928877538 2.258493214617503 7.27678597548822 6.731874471611804 1.551 1.544 0.134 0.136
ztfg-ztfr  False F19 58612.42159164044 0.9831527443295546 8.165833642854718 0.22482086696674095 11.313602973180116 3.3959249209958653 0.34212299956424497 0.08507776073713832 None None None None
ztfg-ztfr  True F99 58640.17879015315 0.4930647840305322 8.748000181978904 0.08492923458052111 1.4090493829649584 0.5414757142171867 0.861072010503555 0.06309439287145242 3.93 3.901 0.0 0.0
ztfr  True F99 58641.9508842268 0.4318227205688896 4.717872534931741 3.0746720180601197 2.3092857764555115 0.7473352747588149 -2.096527334699511 2.370187510330196 1.187 1.17 0.269 0.284