bps_used variant success reddening_law t0 e_t0 x0_mag e_x0_mag x1 e_x1 c e_c rchi2_data rchi2_data_model fitprob_data fitprob_data_model
c  False F99 58901.12326760897 -1.0 6.433016828256333 6.09314826146077 0.000733805264765028 12.795769333207154 -0.0003226141748646189 9.386620306616036 None None None None
c-o  True F19 58899.735250638085 0.5562331072896631 6.449841380949543 0.06576536567930459 0.5262467180205261 0.41241626372810297 -0.0420974229725964 0.05665494629227253 1.029 0.57 0.413 0.822
c-o  True F99 58899.752517698216 0.42601538757141055 6.4155537843495765 0.05670894280003121 0.5158109997769669 0.36273590119814303 -0.046546336072106655 0.04860689335139408 0.522 0.506 0.86 0.872
c-o-ztfg  True F19 58900.27804797805 0.18800002232446358 6.466421043152426 0.035797704804519194 0.23914633877764954 0.23796549564960842 -0.025637603785683152 0.034608024618155125 1.107 0.731 0.329 0.812
c-o-ztfg  True F99 58900.26446856808 0.1641510876827272 6.4269301486268215 0.03286664283674691 0.20044758314429376 0.21246346680252415 -0.033481787911317486 0.031080153066956204 0.757 0.728 0.782 0.815
c-o-ztfg-ztfr  True F19 58900.149183628055 0.14808229004963278 6.418258165103833 0.03304309524715463 -0.048684310077239536 0.17577662628681304 -0.012120358983389784 0.028393879049711288 1.22 0.759 0.171 0.85
c-o-ztfg-ztfr  True F99 58900.208249780924 0.12555763329455397 6.4150663043761815 0.03034010346160576 -0.15196770779138602 0.15032496164772807 -0.013975401282713377 0.02608313948012889 1.198 1.068 0.193 0.359
c-o-ztfr  True F19 58900.02492131503 0.21041719805210768 6.4701565771013385 0.06485730914696605 -0.1301053581927133 0.2069551434796709 0.009403873413847607 0.05107797617853059 1.592 0.917 0.036 0.576
c-o-ztfr  True F99 58900.14188552421 0.16395211093962206 6.442576265881424 0.0557056105405177 -0.26229421635621736 0.17087428365801946 0.009786784546154592 0.043932493649155725 1.386 1.192 0.103 0.238
c-ztfg  True F99 58900.379787885264 0.19926225297874114 6.446826275287393 0.05320923671648321 0.23030586762022665 0.25480222874481107 0.008140026200297459 0.09260830233799114 0.857 0.825 0.582 0.615
c-ztfg-ztfr  True F19 58900.16930028853 0.15903573411172667 6.46625675432837 0.03474031873255799 -0.1263485027695448 0.18920047660392983 0.026321642437689818 0.03423940731296724 1.49 0.944 0.055 0.542
c-ztfg-ztfr  True F99 58900.23121398637 0.13874049193343652 6.425190979816675 0.032053928589150946 -0.23348965188604837 0.1629445936523289 0.01739717394969652 0.03219872965587312 1.192 1.12 0.232 0.307
c-ztfr  True F99 58900.15778163336 0.19307335857158392 6.491370108935721 0.06307503515566923 -0.43694179096388264 0.1896170315160031 0.07936830780337595 0.05561862140736892 1.275 1.238 0.226 0.249
J 1D3 True F99 58897.728612002 0.7676237941053174 23.75710051206216 5.184104541908298 285.83443508895505 1058.0840766595602 5.9416340783636326 2.304828730463151 -1 -1 -1 -1
J-c 1D3 True F99 58897.9531169922 1.3674656883310394 6.385905441933061 0.04662320028956131 1.0307802413023328 0.5651489828065481 -0.06700903097800182 0.06281985148946144 0.948 0.945 0.387 0.389
J-c-o 1D3 True F99 58899.72238468801 0.4041011411807971 6.403932305716897 0.044525892983576926 0.5390547531088564 0.3534772753614678 -0.05836821917051997 0.03317110191014825 0.577 0.545 0.874 0.898
J-c-o 2D True F99 58899.80224482219 0.408492603021417 6.42104800391526 0.04907266952135208 0.4880268536002955 0.35525812998436435 -0.04089889063824092 0.03877849839847028 0.483 0.47 0.935 0.942
J-c-o-ztfg 1D3 True F99 58900.201929143805 0.16282869621803156 6.3872851966009385 0.028738579683564636 0.14506324132942122 0.21254613874121253 -0.08788206725095161 0.02312669229862392 1.624 1.03 0.023 0.421
J-c-o-ztfg-ztfr 1D3 True F99 58900.18114846001 0.12506990696490736 6.391572994909678 0.027044738709237296 -0.1625246147391781 0.15111126364697197 -0.0415566539653681 0.02099358577406951 1.448 1.106 0.033 0.297
J-c-o-ztfg-ztfr 2D True F19 58900.148560229936 0.14778347574214762 6.415388067000107 0.031764750915990035 -0.0482076782894452 0.17588513935781883 -0.015662139205786553 0.026211901765813936 1.149 0.7 0.239 0.923
J-c-o-ztfg-ztfr 2D True F99 58900.14850891886 0.14779066543338926 6.4543695759268065 0.031779078636227885 -0.048375779917906606 0.17587529815686315 -0.0060681940148739795 0.026226207798044573 1.311 0.801 0.09 0.81
J-c-o-ztfg-ztfr 2D True O94 58900.14849609308 0.1477734013533993 6.454367236827003 0.03177538382078292 -0.04839518760882634 0.17585598940535097 -0.006069883115189058 0.02622111334084002 1.329 0.811 0.08 0.797
J-c-o-ztfr 1D3 True F99 58900.071615718996 0.16819921189849044 6.329085074790179 0.04038127148306768 -0.23813890970816803 0.17488578516148134 -0.09214849415021137 0.029320295824624535 2.491 1.562 0.0 0.032
J-c-ztfg 1D3 True F99 58900.35698501795 0.19404726964296592 6.37788748128769 0.030379991469322735 0.17060252937973183 0.25291618237325464 -0.13413796970816338 0.029838687866169646 1.158 1.026 0.297 0.424
J-c-ztfg-ztfr 1D3 True F99 58900.15254861139 0.13927380410500156 6.364637613061042 0.026965704349554257 -0.23919768923632045 0.16680894903402482 -0.06879709478553195 0.022620213440653302 2.852 1.628 0.0 0.018
J-c-ztfr 1D3 True F99 58900.061761816454 0.20422159761130998 6.322597825275823 0.0404970446246851 -0.35046423915536884 0.20016261172495597 -0.09311375810235793 0.03092799134505688 3.751 2.16 0.0 0.005
J-o 1D3 True F99 58899.5925583193 0.4378885062297107 6.208663123365353 0.10237846781432731 0.562693212400718 0.49488308892796634 -0.1843433993990286 0.06051015179991777 0.748 0.731 0.679 0.696
J-o-ztfg 1D3 True F99 58900.17546570177 0.16785820518088346 6.3848638327646 0.03570952847807267 0.0709471444042288 0.2533407935208484 -0.08914745814141534 0.024152723665602872 1.696 1.089 0.018 0.346
J-o-ztfg-ztfr 1D3 True F99 58900.01488828611 0.13167162822765474 6.361991551933256 0.03167645650729702 -0.12013773316934193 0.17660788635715133 -0.07098939844712647 0.02192377256114983 1.994 1.179 0.0 0.21
J-o-ztfr 1D3 True F99 58899.887561867334 0.1857119356810401 6.268134457821258 0.07976047737373114 -0.12670735445730685 0.21198352828135045 -0.1163266988238213 0.05050844383054578 0.873 0.791 0.642 0.753
J-o-ztfr 2D True F99 58899.89455513506 0.1872508561380457 6.315832267653709 0.11278441644882835 -0.12459956882844525 0.21179628133656897 -0.08283307147681018 0.07520484453963522 0.858 0.766 0.663 0.784
J-ztfg 1D3 True F99 58900.380079584604 0.22279547800556013 6.39963965686075 0.04210426843923212 0.22461376276515513 0.3544833123973312 -0.13887527835762642 0.030727134263192006 1.038 1.006 0.411 0.441
J-ztfg-ztfr 1D3 True F99 58900.0520731502 0.1443432623930404 6.3751794802248085 0.032863164568654436 -0.2135928559036701 0.19611252990934824 -0.04075337027222836 0.023554239129903728 1.513 1.038 0.045 0.41
J-ztfg-ztfr 2D True F99 58900.09131150204 0.14546805188154205 6.396234468308517 0.03457400521499515 -0.20592722127065205 0.19438767159186304 -0.011651725879191652 0.027312285936918083 0.918 0.859 0.584 0.67
J-ztfr 1D3 True F99 58899.830160715734 0.22058825490869416 6.075117875032756 0.08540482053427313 -0.38732191401165517 0.24454114818221886 -0.232633565879552 0.052821884436047524 0.835 0.816 0.623 0.644
o  True F99 58898.597283013354 0.45870806272809367 -0.29852714136822334 5.0762195201550595 2.081475856776901 0.864657222547295 -5.25207853590844 4.345165357399481 0.541 0.499 0.746 0.778
o-ztfg  True F99 58900.25292578376 0.17027597351360838 6.428774014826111 0.03997416047249782 0.17359567061794032 0.2555103342537758 -0.033759946065007804 0.03243308465315389 0.815 0.787 0.698 0.733
o-ztfg-ztfr  True F19 58900.073325304824 0.1537946751122558 6.449903293954157 0.03795150770200047 -0.054206383827731686 0.19929410427651986 -0.007137206677570174 0.029624480583412372 1.187 0.82 0.213 0.757
o-ztfg-ztfr  True F99 58900.08694987939 0.13273670157013884 6.4096012485290395 0.03566052870736253 -0.08001602681377028 0.1749402572624493 -0.019303151543456423 0.027562465631739114 0.995 0.89 0.475 0.648
o-ztfr  True F99 58899.85461303529 0.1888473268953732 5.890306297851475 0.4300420759402992 -0.14062981595854426 0.21491333895784528 -0.38374089494448027 0.3054300255724169 0.811 0.785 0.703 0.736
ztfg  True F99 58899.8983269797 0.4651363116436951 7.071485484997666 0.9617998953104365 -0.39187405936583364 0.5748753462273472 1.563112162690429 1.8792002450920724 0.933 0.898 0.495 0.526
ztfg-ztfr  True F19 58900.080758322074 0.16505898694273544 6.4515439653970965 0.03948368988487675 -0.17049023037335326 0.2191150809961601 0.019302379210454492 0.034732159290808355 1.184 0.856 0.25 0.656
ztfg-ztfr  True F99 58900.09717921773 0.14545497435177526 6.4099241161463 0.03698900614236135 -0.2106221660043236 0.19317586543364512 0.007896987728775107 0.03264722132316265 0.928 0.897 0.557 0.6
ztfr  True F99 58900.85448542253 0.5089818055196805 23.44503308458952 12.951775824275682 -0.38565134638336757 0.2536343962390249 10.823882897753446 7.618445536641385 0.642 0.629 0.762 0.773