bps_used variant success reddening_law calibration Tmax e_Tmax DM e_DM st e_st EBVhost e_EBVhost rchi2_data rchi2_data_model fitprob_data fitprob_data_model
c-o  True O94 0 58552.51370107656 6.7490705018393635 37.905962636071436 0.4180913988063262 1.1949022597644878 0.27663412400425463 0.04811575523152495 0.34555035164856074 1.142 1.132 0.317 0.325
c-o  True F19 6 58554.568926059364 5.200198662480486 37.84416885618687 0.9747280947194995 1.1890615642989637 0.39530355527044214 0.17067649376128036 0.6925126623999083 0.865 0.864 0.582 0.584
c-o-ztfg  True F19 6 58558.194518143086 1.3085186414886094 37.314639411439614 0.19212652982945788 0.9089962237355331 0.0924389995532176 0.42642149687799435 0.10179698962750039 6.56 6.472 0.0 0.0
c-o-ztfg-ztfr  True O94 0 58549.64305519843 0.6227632254383394 37.72052284984951 0.12185647376285139 1.2551814912294015 0.056509879254129536 0.14389029950589965 0.07649276147555875 0.481 0.48 0.992 0.992
c-o-ztfg-ztfr  True F19 6 58549.53098765884 0.641428491957689 37.85103395894108 0.11933866811947334 1.256550961886562 0.058290466701416785 0.17064100736824384 0.07774229283088302 0.586 0.584 0.962 0.963
c-o-ztfr  True F19 6 58548.26105781773 2.0184960904415967 38.13251202068289 0.263885198933814 1.27002782527929 0.11672585734511116 -0.04971155464648742 0.2564079929404559 0.638 0.636 0.9 0.902
c-ztfg-ztfr  True F19 6 58549.735458458985 0.5735972019012127 38.00742942830781 0.11707824587330547 1.3015531716366522 0.05474964317752871 0.13071261696292943 0.0751922691554163 0.393 0.391 0.977 0.978
J-c-o 2D True F19 6 58549.82213123801 1.0560983655343366 38.03588649845023 0.15732241459572477 1.061310522611111 0.10468404239929696 -0.17892377136428528 0.1716491946195712 0.685 0.683 0.812 0.814
J-c-o-ztfg 2D True F19 6 58549.376324586374 0.7192165241461798 37.91087985109703 0.12808483657738054 1.2699226469814895 0.07392564845399034 0.13805694993344397 0.08452377300253412 0.799 0.786 0.736 0.753
J-c-o-ztfg-ztfr 2D True F19 6 58549.46818396622 0.6344849798064335 37.93715632814516 0.1109857617941325 1.2797086486621108 0.059172748073904734 0.13964632844190544 0.07633158412918238 0.603 0.596 0.962 0.966
J-c-o-ztfr 2D True F19 6 58549.665798051785 0.7712686301156824 38.07279718273412 0.1420784304303652 1.0953689486687475 0.07020377267594163 -0.14288217097561387 0.1417732377404583 0.601 0.598 0.941 0.942
J-c-ztfg-ztfr 2D True F19 6 58549.79848559873 0.5505620412160863 38.047111828549994 0.10690541956642396 1.311646684633922 0.05352903466713487 0.11824686922009667 0.07239278839424088 0.368 0.363 0.991 0.992
J-o-ztfg-ztfr 2D True F19 6 58549.305021239605 0.617677449138998 37.89540890606142 0.1113725931319477 1.2317105153931027 0.05779863701476339 0.1252056150394627 0.07532542001319978 0.618 0.608 0.949 0.954
J-ztfg-ztfr 2D True F19 6 58549.51579064282 0.5158249180059364 37.98233925707758 0.1044921687988783 1.2474309192753639 0.05042100704882713 0.10024586631104675 0.06986635777957287 0.334 0.327 0.992 0.993
o-ztfg-ztfr  True F19 6 58549.388946265804 0.6015351388359252 37.77792355544776 0.11863895022088876 1.2051475504379612 0.05419756524927684 0.1706687267974628 0.07572269151432562 0.54 0.538 0.975 0.976
ztfg-ztfr  True O94 0 58549.50356213773 0.512632504330664 37.852258509557494 0.11762823928343823 1.2220653785851054 0.048695032112992254 0.0981997012501346 0.0728115797170108 0.298 0.296 0.99 0.99
ztfg-ztfr  True F19 6 58549.50367377379 0.501462525694585 37.89701510321265 0.11205688041834179 1.2220494821052144 0.04751816510131468 0.12772150303420138 0.07054075401941859 0.298 0.296 0.99 0.99