bps_used variant success reddening_law calibration Tmax e_Tmax DM e_DM st e_st EBVhost e_EBVhost rchi2_data rchi2_data_model fitprob_data fitprob_data_model
c-o  True O94 0 58884.399943677134 0.975763308932591 38.90243812329889 0.22335649339547736 1.2513457748339223 0.16668788944945914 -0.2494447425437461 0.1342336333432837 0.583 0.582 0.9 0.9
c-o  True F19 6 58884.506491884975 0.8474163854670176 38.775717045488996 0.31286681727049503 1.1038228262211505 0.2506858071338724 -0.2597362658590723 0.1389830263095773 0.556 0.555 0.918 0.918
c-o-ztfg  True F19 6 58882.394658286634 0.7049600039168878 38.59621101656373 0.24439325568581108 1.0276895294760984 0.10026536963855827 -0.07312742608477898 0.09099934192462972 0.686 0.686 0.87 0.871
c-o-ztfg-ztfr  True O94 0 58882.749376209766 0.5765679825758131 38.658245491062594 0.13738345709666927 1.1890088123623619 0.10473829115698173 -0.03798734972213224 0.09247755222686527 0.557 0.556 0.983 0.983
c-o-ztfg-ztfr  True F19 6 58882.451115600656 0.5691826111022396 38.66856274322219 0.14429401756886512 1.189165065469729 0.10544312975218338 -0.031184417201956225 0.08156483208015053 0.56 0.558 0.982 0.982
c-o-ztfr  True F19 6 58883.94569492932 0.5764840868370005 38.88624310502796 0.16297996198397405 1.2177950519584424 0.08251154848235057 -0.23319701644294596 0.10969159280395677 0.418 0.417 0.995 0.995
c-ztfg-ztfr  True F19 6 58882.602291453026 0.5348023918468711 38.35515951569292 0.1574983318501173 1.009515791844815 0.07043426001609537 0.012117008749368684 0.08354371801539383 0.536 0.535 0.937 0.937
J-c-o 1D3 True O94 0 58884.03575595954 0.6732689551135096 38.39259567267439 0.1052018681375818 0.9109581801666734 0.09449112858773562 -0.08851987487893405 0.10677793251898711 0.738 0.729 0.79 0.799
J-c-o 1D3 True F19 6 58883.99225970415 0.6108577927454006 38.38866306044514 0.09656363144701319 0.9080221260148341 0.0832610719153284 -0.1604797679329467 0.09469546052205893 0.696 0.689 0.834 0.842
J-c-o-ztfg 1D3 True F19 6 58883.09840833162 0.5804969096918984 38.335383577717444 0.09155904992111821 0.9227507093906979 0.06621582389105221 -0.03680970348923407 0.07706256042693314 0.718 0.71 0.856 0.864
J-c-o-ztfg-ztfr 1D3 True O94 0 58882.288679607176 0.7456715878682806 38.453027700552546 0.10794280499328135 1.2319455225151037 0.07360476412950073 0.0008843819241487177 0.07523577550238156 0.504 0.495 0.992 0.993
J-c-o-ztfg-ztfr 1D3 True F19 6 58882.91956604705 0.4982496539820726 38.34202422450129 0.08592475343451446 0.974799344420391 0.05342004984467945 -0.0012424936653356658 0.07232855646258397 0.635 0.626 0.959 0.963
J-c-o-ztfr 1D3 True F19 6 58883.64168211537 0.5189337980072742 38.39531173374082 0.08653976359977075 0.9625979093522679 0.0633235315898959 -0.09346278594108134 0.08284264199986968 0.563 0.555 0.974 0.976
J-c-ztfg-ztfr 1D3 True F19 6 58882.81669629678 0.514792410500738 38.32618760278699 0.08580974688177238 0.9959137206319859 0.05866022105605757 0.012979825393007273 0.07367197412575878 0.629 0.611 0.901 0.914
J-o-ztfg-ztfr 1D3 True F19 6 58883.049491408616 0.49164222525574114 38.3391630128394 0.08487042782170275 0.9737706607485802 0.05301194525530185 0.011334624922283362 0.0724549672463759 0.517 0.508 0.99 0.992
J-ztfg-ztfr 1D3 True O94 0 58882.85550511056 0.5499493850098653 38.409207769194055 0.12390935872908306 1.1234056782873032 0.11408433613356003 0.08613407638513074 0.07256670801272891 0.463 0.43 0.965 0.975
J-ztfg-ztfr 1D3 True F19 6 58882.79492575288 0.48132843680366694 38.31448388173992 0.08462623604911683 0.9546108505547642 0.05292052579464437 -0.002805075076577643 0.07024222351087281 0.437 0.415 0.973 0.979
o-ztfg-ztfr  True F19 6 58882.92392386803 0.5746609974113333 38.5936779799324 0.17200704392041205 1.1890462538924125 0.13061038757532303 0.023808002642324036 0.08562137068231843 0.47 0.469 0.993 0.993
ztfg-ztfr  True O94 0 58882.709993182834 0.4656995280611559 38.27584924651439 0.12688790690565754 0.9765230246369784 0.05124526223492256 0.08458547783250805 0.07465971781008322 0.247 0.246 0.996 0.996
ztfg-ztfr  True F19 6 58882.70126262322 0.466089260181303 38.257831583616415 0.12130090135099496 0.975401822555176 0.05124290577513927 0.046338649562847875 0.0750603384058201 0.248 0.247 0.996 0.996