bps_used variant success reddening_law t0 e_t0 x0_mag e_x0_mag x1 e_x1 c e_c rchi2_data rchi2_data_model fitprob_data fitprob_data_model
c  True F99 58886.44498359568 2.6234926808677357 17.022883500897187 22.57297358637613 2.395263568002841 7.319037387551051 -14.49561875735634 25.540735604066825 0.101 0.1 0.904 0.904
c-o  True F19 58884.86843273579 1.184975968503329 8.51295580103264 0.2432850939240971 1.3764980407636205 1.9386045589805279 -0.22263530867291328 0.1586960999724148 0.771 0.754 0.751 0.772
c-o  True F99 58884.54933942287 1.0912545219048049 8.259403495811398 0.25851901200298905 1.8114342380642496 1.7819865825249286 -0.21718795225554632 0.16804123979355798 0.508 0.506 0.965 0.966
c-o-ztfg  True F19 58883.22774818557 0.6689580959126935 8.722586824160718 0.09887565771799749 0.23894057646774178 0.9253089437200535 -0.02188781275199938 0.0767393544179292 0.905 0.882 0.607 0.641
c-o-ztfg  True F99 58882.94639891177 0.693124651599168 8.508534926413862 0.11057888280634663 0.5424280400937991 0.9836552449941723 -0.014141961213682268 0.08494726230017997 0.547 0.546 0.97 0.971
c-o-ztfg-ztfr  True F19 58883.313189851615 0.567069908331117 8.743332483344485 0.09410282197095952 0.6339804925771149 0.8574686420283901 0.01245760146047396 0.06885190331729463 0.879 0.84 0.678 0.743
c-o-ztfg-ztfr  True F99 58883.01142597341 0.5883501044633546 8.534527292655294 0.1066865193150459 0.8900518058253619 0.909194737938846 0.008551940490288162 0.0769187470815071 0.444 0.442 0.998 0.999
c-o-ztfr  True F19 58884.39810049729 1.0140357562097095 8.608287843281577 0.1938733183382261 1.5805367883898105 1.5914954318394623 -0.14232441456575895 0.13775800762507323 0.819 0.781 0.749 0.802
c-o-ztfr  True F99 58883.954538543956 0.9534469135058056 8.36561688575134 0.20722625960419272 2.000914632698147 1.4478738910185138 -0.15146368844289781 0.14840125490007294 0.412 0.411 0.998 0.998
c-ztfg  True F99 58883.22662329886 0.6700175916844282 8.518019653564624 0.13669288418391584 -0.89938756015231 1.102616703609819 0.6098227366653843 0.31926947653922283 0.304 0.303 0.974 0.974
c-ztfg-ztfr  True F19 58883.15126793788 0.5836324567788218 8.715150766031433 0.09858263454846113 0.23710731890279446 0.9295080888048322 0.04489604076051072 0.07708502507712942 1.032 0.978 0.418 0.485
c-ztfg-ztfr  True F99 58882.8824559994 0.6181847692022998 8.527548950338248 0.1142050124520037 0.6540078497627565 1.0395139396111845 0.027331105232142126 0.08669029784551814 0.361 0.359 0.994 0.994
c-ztfr  True F99 58884.24724086776 1.3751550745749752 8.426141631501217 0.27117503845363045 2.6065087775171305 2.4319264647938508 -0.11664611407391837 0.1821719923550448 0.286 0.285 0.992 0.992
J 1D3 True F99 58884.83981640941 4.405004536097899 2.794481550410394 21.290640868447408 -22.443635791966067 28.172567096479433 -1.7826689054878835 7.072977763771023 -1 -1 -1 -1
J-c 1D3 True F99 58883.780682143355 0.5314012831356866 8.019215489279649 0.2631128570195483 -0.7097561501213481 1.3624205944056775 -0.22347906930543013 0.0942623933815613 0.278 0.276 0.963 0.963
J-c-o 1D3 True F99 58884.10573963211 0.6991542865226943 8.518617893391967 0.17996078986139413 1.2891655641793176 1.4516510107612521 -0.10739666955573296 0.08222285923558299 0.64 0.631 0.915 0.922
J-c-o-ztfg 1D3 True F99 58883.11058173547 0.5130396577953598 8.489467366112525 0.10164519498756686 0.6424298704443047 0.9609618253732618 -0.051735835981740336 0.04598288226891311 0.507 0.499 0.989 0.99
J-c-o-ztfg-ztfr 1D3 True F19 58883.29950931671 0.5247666883556004 8.750428102635912 0.08944094946547426 0.8528819961787333 0.8598992760065765 -0.003352652927222543 0.047109699078135545 0.854 0.81 0.733 0.801
J-c-o-ztfg-ztfr 1D3 True F99 58883.29951810115 0.5248174263901865 8.7504268762684 0.08945304916529162 0.8527192997006516 0.8599386998184915 -0.003338935717577198 0.047135976459930534 0.812 0.773 0.799 0.852
J-c-o-ztfr 1D3 True F99 58883.64180345963 0.5157034707746158 8.395352418440433 0.1211708561930133 1.5135843337441088 1.0201666033942551 -0.11063225027312837 0.06171094180364494 0.403 0.402 0.999 0.999
J-c-ztfg 1D3 True F99 58883.07498853809 0.5485684525952891 8.470939133483967 0.1234037322509688 0.2991395202505058 1.1818481008047625 -0.05871891546189226 0.0482935075594327 0.487 0.48 0.924 0.928
J-c-ztfg-ztfr 1D3 True F99 58882.994126580146 0.49486254068186175 8.479242762538789 0.0959472807353253 0.7571996547736926 0.9816173864915982 -0.04760578738254578 0.044748267341791964 0.41 0.377 0.993 0.996
J-c-ztfr 1D3 True F99 58883.62465102465 0.5572308366075542 8.380734279796293 0.14147112168397857 1.4388016624296447 1.2746824784319384 -0.11318453957978442 0.06434315001500689 0.307 0.306 0.997 0.997
J-o 1D3 True F99 58883.47545070839 0.6235807983332479 8.446902438117437 0.19794177884646896 1.4034879867284067 1.4992130534583243 -0.08715860232351946 0.08719815333835076 0.497 0.496 0.961 0.961
J-o-ztfg 1D3 True F99 58883.028594545256 0.5842471778865109 8.534529875894009 0.11066175723205893 0.7268827458100631 1.1398312778937638 -0.035382503911276536 0.04812602438005908 0.457 0.449 0.989 0.99
J-o-ztfg-ztfr 1D3 True F99 58882.94148566459 0.4991488001524241 8.52031748761651 0.09055828265551194 1.0610345518964774 0.9220560821889787 -0.0347310641627825 0.04521928443444321 0.413 0.391 0.999 0.999
J-o-ztfr 1D3 True F99 58883.76810902526 0.7052810456070355 8.61908383474226 0.14516698517600937 1.981960239863084 1.2554274069309632 -0.06294648894491438 0.07577616827848561 0.401 0.399 0.998 0.998
J-ztfg 1D3 True F99 58883.15770243888 0.6558837417512652 8.512094879777324 0.15557510677274466 0.019971758022504955 1.7845737795378924 -0.04577817060740897 0.05436276359088232 0.201 0.2 0.977 0.977
J-ztfg-ztfr 1D3 True F99 58882.9041755788 0.6133122660670136 8.625025293139373 0.10324052713698052 1.140159047976936 1.0745581518205223 -0.02967618047814388 0.048147781272903055 0.302 0.277 0.997 0.998
J-ztfr 1D3 True F99 58883.415273159146 0.6096113125558873 8.443191283098441 0.15522400480817533 2.0030992060987445 1.51306948711278 -0.09414179481250508 0.07115623330329159 0.126 0.125 1.0 1.0
o  True F99 58883.407513170416 1.6500338022798429 6.817280712322665 4.454259762691784 1.5991380324865678 1.9249979214949209 -1.3515394950744934 3.6126866331136256 0.617 0.616 0.854 0.855
o-ztfg  True F99 58882.71274029698 0.9069970728011408 8.553973606350334 0.11862265613003879 0.6511211999010387 1.1164142435152304 -0.0009890974007726214 0.09096463069564069 0.491 0.49 0.971 0.972
o-ztfg-ztfr  True F19 58883.15434923325 0.6275408659760388 8.78838687447352 0.10029618834348071 0.8426586817119789 0.9294530387348361 0.03192091220065478 0.07537949022982372 0.794 0.747 0.78 0.838
o-ztfg-ztfr  True F99 58882.86227597663 0.6403321251573469 8.570725063911059 0.11375166033925999 0.9796718123820669 0.9490717000812892 0.02587618795867145 0.08370811629592843 0.389 0.388 0.999 0.999
o-ztfr  True F99 58883.38147314716 0.9444019193357831 8.119034273073996 0.851149408656242 1.7309177361374117 1.3758044704214965 -0.34834661210433027 0.6777006524423349 0.413 0.412 0.995 0.995
ztfg  True F99 58883.07647481511 2.0441904471593113 9.032527054697415 1.7671132476506557 1.1467624304203103 1.949939486147544 -2.0576197430440493 3.5841374698162145 0.168 0.168 0.846 0.846
ztfg-ztfr  True F19 58882.964710566164 0.6694222319834522 8.767033272923872 0.10783867567068701 0.5360266808035951 1.089796403300121 0.060309073209174786 0.08359094824924411 0.932 0.85 0.513 0.599
ztfg-ztfr  True F99 58882.70493190663 0.6817400389438889 8.56863916714433 0.12228170181968218 0.8393526355719065 1.1517127532951787 0.04217219502648488 0.09311220090536455 0.184 0.184 0.999 0.999
ztfr  True F99 58883.44764756274 1.675537193282314 8.951406967040707 12.611643792149605 2.02857104158581 2.1782249057401333 0.3201217035729555 10.199130102908214 0.181 0.18 0.982 0.982