bps_used variant success reddening_law calibration DM e_DM st e_st Tmax e_Tmax dm15 e_dm15 EBVhost e_EBVhost rchi2_data rchi2_data_model fitprob_data fitprob_data_model
c-o  True O94 0 38.60877529990376 0.4325486634941794 1.2158391778112534 0.1929874762229375 59312.375588864365 4.864934760534422 None None -0.36558882907445567 0.30775377066931886 1.09 1.08 0.364 0.372
c-o  True F19 6 38.63122815419459 0.3765577465300747 1.2593169394525074 0.20490065622283798 59311.92444093208 5.374150146271448 None None -0.3697830369480483 0.22882627470021272 1.1 1.092 0.354 0.361
c-o-ztfg  True F19 6 38.07345794840012 0.3187657861347374 1.0760800238957666 0.18064007849186678 59314.000942227365 1.1896680373808897 None None -0.051149376644998426 0.10087790897402131 0.933 0.928 0.526 0.531
c-o-ztfg-ztfr  True O94 0 37.68740072589143 0.14421411251027152 0.9648499221067902 0.07444918941653321 59314.259536102116 0.7365955103282186 None None 0.10754035278861865 0.08264519946586478 0.85 0.846 0.678 0.684
c-o-ztfg-ztfr  True F19 6 37.71609982475499 0.1320972572221063 0.9597593309834879 0.06981564232282125 59314.31626660531 0.6911399786378786 None None 0.043779519063206866 0.08091225499525631 0.875 0.871 0.643 0.649
c-o-ztfr  True F19 6 37.94930058574873 0.1890613232129891 0.969483159803072 0.07081987930746987 59314.47892629697 0.7865879515116085 None None -0.12618768616816214 0.13910776040041178 0.812 0.808 0.707 0.713
c-ztfg-ztfr  True F19 6 37.75298880151615 0.17114222382618413 1.011227726199485 0.11558799272582879 59314.276883467195 0.9152238837686019 None None 0.06095131432283828 0.08996920468838868 1.247 1.239 0.238 0.244
J-c-o 1D3 True O94 0 37.80647099737477 0.14682897060873987 0.9772889986524944 0.11353443242109514 59315.957531311964 1.5557979883046744 None None 0.08971628148882842 0.10201784530990815 0.989 0.984 0.462 0.467
J-c-o 1D3 True F19 6 37.82263020411531 0.11946393170543591 0.9641854005857716 0.09174696583941386 59316.03420661989 1.3262499672281376 None None 0.0250221781918321 0.10103275985987936 0.995 0.99 0.455 0.46
J-c-o-ztfg 1D3 True F19 6 37.81572508085733 0.11181022852625108 0.9785651425312664 0.08250919130028826 59314.565287125726 0.8570032933066838 None None 0.018622189118256926 0.07791273407336766 0.827 0.823 0.67 0.675
J-c-o-ztfg-ztfr 1D3 True O94 0 37.7368078310362 0.11126453856196374 0.9707296559243709 0.06808952899799553 59314.27485613256 0.6654242891106312 None None 0.08916268498451962 0.0721476745525139 0.818 0.813 0.738 0.745
J-c-o-ztfg-ztfr 1D3 True O94 1 37.75016719383256 0.11242348097589076 0.9706818313326093 0.06854304658967625 59314.27539795289 0.6697521761122224 None None 0.077162337317258 0.07128654840246881 0.833 0.828 0.717 0.724
J-c-o-ztfg-ztfr 1D3 True O94 2 37.76487206766184 0.11130211055179302 0.9746998071240511 0.06878648912096294 59314.22705773108 0.6729625809616119 None None 0.08255661869135525 0.07217067067614846 0.832 0.827 0.718 0.725
J-c-o-ztfg-ztfr 1D3 True O94 3 37.7332516659487 0.1118970264722703 0.9696661510431134 0.06768095854575906 59314.29102888108 0.6624187019503218 None None 0.06984851849409617 0.07159406524113719 0.811 0.807 0.747 0.754
J-c-o-ztfg-ztfr 1D3 True O94 4 37.736643040194025 0.11229032121672296 0.9705595329702842 0.06834141090501339 59314.279288476246 0.668355319356771 None None 0.06722758795426881 0.07155400516579317 0.832 0.827 0.718 0.725
J-c-o-ztfg-ztfr 1D3 True O94 5 37.76888155731627 0.11213083064894536 0.9736923513736309 0.06844811076693347 59314.2422359395 0.6706952046863934 None None 0.06713516857717661 0.07140614512407202 0.828 0.823 0.723 0.73
J-c-o-ztfg-ztfr 1D3 True F19 6 37.759997379372244 0.1028391357749112 0.9729395176687334 0.0650561682379027 59314.2964661743 0.6528867587611055 None None 0.026467033879232778 0.07378894393642565 0.834 0.829 0.715 0.722
J-c-o-ztfg-ztfr 1D3 True F99 6 37.75761794314607 0.10697341145393814 0.9702104350742858 0.06491286281780265 59314.32162069783 0.6603810509506849 None None 0.03135236565731611 0.07590131451363016 0.817 0.812 0.74 0.746
J-c-o-ztfg-ztfr 1D3 True O94 6 37.75270773323181 0.10637409959713652 0.9721268755283872 0.06758535371522095 59314.30164503049 0.6780943775413416 None None 0.031221912875032228 0.07613183817440576 0.824 0.819 0.73 0.737
J-c-o-ztfg-ztfr 1D3 True O94 7 37.73331987986314 0.10358818083855058 0.9685802449430166 0.06377553922722426 59314.331383394005 0.6423105080383179 None None 0.030451378822194283 0.07432921419512005 0.82 0.815 0.735 0.742
J-c-o-ztfg-ztfr 1D3 True O94 8 37.739146248172894 0.10120710360076544 0.9666793084416363 0.06239356672464016 59314.351574255525 0.6317900769775667 None None 0.03616089264672858 0.07617808650611019 0.814 0.809 0.744 0.75
J-c-o-ztfg-ztfr 1D3 True O94 9 37.73392976434202 0.10298103862382667 0.9676513943683522 0.06329013669879023 59314.339758122835 0.6387041503330043 None None 0.0320048668521107 0.07468375211503173 0.817 0.812 0.739 0.746
J-c-o-ztfg-ztfr 1D3 True O94 10 37.75076537576044 0.10720213043469094 None None 59314.42971356739 0.5837288471493343 1.0480443185084534 0.06655346747443024 0.12549893267990073 0.06926745294782419 0.761 0.738 0.812 0.84
J-c-o-ztfg-ztfr 1D3 True O94 11 37.76207954916301 0.10729068698226693 None None 59314.40590759896 0.5852760307995802 1.046569544181358 0.0666340017119149 0.11943446523476867 0.06907655965952567 0.768 0.745 0.803 0.831
J-c-o-ztfg-ztfr 1D3 True O94 12 37.782943987366934 0.10689850995536919 None None 59314.40173779834 0.5842729249638171 1.0457379479293007 0.06660038075543585 0.11951826778177492 0.06905283687159097 0.767 0.744 0.805 0.832
J-c-o-ztfg-ztfr 1D3 True O94 13 37.74517697366276 0.10786013853905929 None None 59314.271604956666 0.6003724005115492 1.04962357663505 0.06675806402521335 0.08556097200757827 0.0690287032572089 0.824 0.796 0.729 0.767
J-c-o-ztfg-ztfr 1D3 True O94 14 37.73929732676956 0.10599566307163426 None None 59314.40621548936 0.5852208090948194 1.0467569217649122 0.0666093217566759 0.10068692496711931 0.06924097446227703 0.769 0.745 0.803 0.831
J-c-o-ztfg-ztfr 1D3 True O94 15 37.78118658120801 0.10730429892635984 None None 59314.406839851246 0.5839903565988416 1.046170464225641 0.06647257809795089 0.09028042355918667 0.068320482168422 0.767 0.743 0.805 0.833
J-c-o-ztfr 1D3 True F19 6 37.776991497204754 0.10643830704326207 0.9571666370374657 0.06399344180383465 59314.890067821805 0.6641771464511667 None None -0.006800302222415995 0.0872156664752073 0.751 0.747 0.801 0.806
J-c-ztfg-ztfr 1D3 True F19 6 37.759886943313894 0.11474024737270293 1.0080398258494019 0.09559197873269888 59314.0747587958 0.8242999755764251 None None 0.04577643287086476 0.08384763347760923 1.272 1.262 0.205 0.212
J-o-ztfg-ztfr 1D3 True F19 6 37.716998992603486 0.0927590966270892 0.9460771626934723 0.050376486840572575 59314.604739068054 0.5079188071831529 None None 0.039143954640413724 0.06767485423767564 0.376 0.373 0.998 0.998
J-o-ztfr 1D3 True O94 0 37.698481348485124 0.10796988860816899 0.9301896660689881 0.053904698611063284 59315.005646983256 0.5693328138687889 None None 0.08375408688250642 0.08426078840322439 0.368 0.366 0.996 0.996
J-ztfg-ztfr 1D3 True O94 0 37.68915148656399 0.10034162247321558 0.9904846501519835 0.06108018815850338 59314.356676548814 0.519356782949941 None None 0.11944019378683629 0.06530901353068189 0.295 0.292 0.993 0.993
J-ztfg-ztfr 1D3 True F19 6 37.728556755385924 0.09072833496155541 0.9966193708587445 0.05471997051123595 59314.355796631695 0.4935828241353248 None None 0.06385592368536795 0.06678279902302922 0.268 0.265 0.996 0.996
o-ztfg-ztfr  True F19 6 37.65710115829787 0.10823459985772829 0.9271397254522482 0.052152491183448425 59314.65111211571 0.5150879282791526 None None 0.059698758944080936 0.072084560365484 0.385 0.383 0.996 0.996
ztfg-ztfr  True O94 0 37.60958453913586 0.10971483607743457 0.9764800074864604 0.05512525913643242 59314.42481507656 0.49075924761903306 None None 0.15368369475137805 0.06743183183959153 0.227 0.226 0.994 0.994
ztfg-ztfr  True F19 6 37.66840873467804 0.10364635476195817 0.9764144252711378 0.05511074467815889 59314.42533542516 0.490669956874323 None None 0.08602273166293235 0.06779753712783998 0.227 0.226 0.994 0.994