bps_used variant success reddening_law t0 e_t0 x0_mag e_x0_mag x1 e_x1 c e_c rchi2_data rchi2_data_model fitprob_data fitprob_data_model
c  True F99 59321.08886040877 5.800873701313485 15.729006388395703 17.11389240403247 2.6260654454054055 2.81982279312795 6.433667799653271 14.817197520224866 -1 -1 -1 -1
c-o  True F19 59313.94625143201 2.2069192567294014 7.958438686534776 0.2428326199686594 0.46735913861097245 1.3488728507363996 -0.2286065947374738 0.1866151703304394 1.544 1.532 0.087 0.091
c-o  True F99 59313.96420111592 2.1792155719591637 8.938625552674903 0.23848658961934702 0.4707133921850008 1.3415892987917948 -0.2612093722086904 0.184069221738305 1.405 1.404 0.141 0.141
c-o-ztfg  True F19 59314.76039740515 0.924498844472235 8.174373866704432 0.07795314624270305 0.32396395931453664 1.2404078465189987 -0.061391008541399714 0.0826521980067259 1.453 1.428 0.096 0.107
c-o-ztfg  True F99 59314.766774597214 0.9151164070224357 9.151115338547601 0.07724965510006665 0.3188281572199469 1.231667404211101 -0.09579153945455796 0.08159979564115537 1.156 1.155 0.289 0.29
c-o-ztfg-ztfr  True F19 59314.561942848275 0.5653189264368481 8.027529726156535 0.0690293390007023 -0.22579704010783547 0.7459207370291675 -0.025508625987508672 0.058471188050466014 0.863 0.849 0.672 0.693
c-o-ztfg-ztfr  True F99 59314.56261477555 0.5545639106875774 8.029267965654654 0.06838290843378647 -0.23547300157755818 0.733426506009694 -0.029292367714388694 0.05781181428411834 0.863 0.857 0.673 0.681
c-o-ztfr  True F19 59314.331740940645 0.7193517561928414 7.968234665926535 0.18578273628712777 -0.19951237745398442 0.7686528650505774 -0.1439659763918748 0.15119826654331847 1.273 1.204 0.167 0.224
c-o-ztfr  True F99 59314.33632781834 0.7048021062024077 8.947166492530407 0.18245503182334494 -0.19919173732617787 0.756667939066438 -0.17675922838486421 0.14879407816758214 0.955 0.951 0.524 0.53
c-ztfg  False F99 59303.29137800305 3.2433213142034014 9.428916439980645 0.38227732506953255 12.241805417739492 9.489377564451969 0.35865966250925274 0.26537463556818014 None None None None
c-ztfg-ztfr  True F19 59314.6332320105 0.6638796065257703 8.197241724007274 0.0761284093399216 0.5495598657649764 0.9784455332627493 0.03780979137198659 0.06340667624213348 1.526 1.42 0.099 0.141
c-ztfg-ztfr  True F99 59314.633776275485 0.6504789250928046 9.172693648814349 0.07505755776126127 0.5270821577979264 0.9595856062869694 0.003160773120934183 0.06253220557282105 0.777 0.775 0.686 0.688
c-ztfr  True F99 59314.55907270993 0.8226000824511343 9.080187095173724 0.21525934626867413 0.5190300672948562 0.999883113718243 -0.07289646163553325 0.1762522647136569 1.085 1.083 0.37 0.372
J 1D3 False F99 59316.7177259003 6.225112153982486 10.66707669764332 102.76998415273962 128.93305870022235 3254.651286236973 -0.043165676933674804 31.039466261993613 None None None None
J-c 1D3 True F99 59317.78413881516 1.235317310379258 8.346382617944267 0.19131104960909995 7.943480556598752 4.092477751306449 -0.013978761337894618 0.07329396533819303 0.708 0.696 0.493 0.498
J-c-o 1D3 True F99 59316.02827073641 1.227498077322651 8.077292166154177 0.14848343580792267 -0.3037316500955838 1.1406747541814612 -0.046464255640445686 0.07271676712548816 1.55 1.544 0.064 0.065
J-c-o-ztfg 1D3 True F99 59315.074643976346 0.7953599212025996 8.06119835868623 0.07725316874433139 0.05604226870256062 1.0824136900336885 -0.046310901723024545 0.0468607470008999 1.152 1.144 0.284 0.292
J-c-o-ztfg-ztfr 1D3 True F19 59314.64076689931 0.5617157857617988 8.027900524144666 0.06353450010849969 -0.19768983585551428 0.7391399081051763 -0.02719391025446553 0.043667868949935955 0.874 0.841 0.668 0.717
J-c-o-ztfg-ztfr 1D3 True F99 59314.649815502795 0.5589542314693112 8.156611958140305 0.063744804640422 -0.20691470009386378 0.7376898598328268 0.006080667737885548 0.04389113161257257 1.194 1.115 0.212 0.302
J-c-o-ztfg-ztfr 1D3 True O94 59314.64982791789 0.5588993030094469 8.156604923697643 0.063736966174114 -0.20700395722468445 0.7376261032260987 0.006079993315823312 0.043879984972264294 1.23 1.145 0.177 0.265
J-c-o-ztfr 1D3 True F99 59314.68907180334 0.6393854158949581 7.986660870703591 0.1038094601291182 -0.25683046693969636 0.7397099938669661 -0.05850873039271083 0.0688228344350101 0.986 0.978 0.485 0.496
J-c-ztfg 1D3 True F99 59318.06068630544 0.9433418272648691 8.345155961901686 0.10213182778697469 7.366979209456517 2.1142178547100094 -0.005602263949067194 0.049977487342937096 0.48 0.476 0.824 0.827
J-c-ztfg-ztfr 1D3 True F99 59314.7057155356 0.6663839865084076 8.062503531999283 0.06777010127608278 0.6311826832914069 0.9717911312274166 -0.016740698162668634 0.0433212755026648 0.817 0.81 0.668 0.676
J-c-ztfr 1D3 True F99 59314.81288817532 0.7697162475977856 8.013384396909862 0.1063616268994723 0.620682847183634 1.016397602014259 -0.04898077063981212 0.06743036336347935 1.038 1.036 0.41 0.412
J-o 1D3 True F99 59315.78693448559 1.3696352371402278 8.108357738851621 0.239954947354974 -1.516350572195789 1.2101474839079616 -0.008604137903343714 0.10979095802840327 1.149 1.148 0.305 0.306
J-o-ztfg 1D3 True F99 59314.93841271865 0.7117429741219194 8.02886065372824 0.08165980926029329 -1.033166658222728 1.0685051441226419 -0.0411257843147983 0.04786406377903637 0.806 0.8 0.695 0.703
J-o-ztfg-ztfr 1D3 True F99 59314.61402613506 0.5337266145814691 8.02215756318293 0.06581760545411988 -0.7028259855911324 0.7293272490894261 -0.025445069928026927 0.044351222820821566 0.631 0.625 0.934 0.938
J-o-ztfr 1D3 True F99 59314.62806978001 0.6467241233505704 7.985836353953614 0.12447738266880548 -0.791212194725687 0.7426723765347484 -0.04551254675299637 0.08100072373619684 0.721 0.715 0.835 0.842
J-ztfg 1D3 True F99 59315.12193942 1.5654341980023385 8.117915939597196 0.1780081276012192 1.4644760067490785 4.125256081216952 -0.024572510304152157 0.05357506468926496 0.892 0.889 0.444 0.446
J-ztfg-ztfr 1D3 True F99 59314.61861856355 0.6073744647730925 8.037462709370633 0.07057637550954729 -0.17933310491567608 0.9785388541105069 -0.015252300544042583 0.04471107656958617 0.397 0.389 0.971 0.974
J-ztfr 1D3 True F99 59314.69572669452 0.7412987848349969 7.988474525438074 0.12762337208559837 -0.2563080992485283 1.0168023246635591 -0.045588652847109515 0.08098855275424206 0.519 0.517 0.862 0.863
o  True F99 59313.613811271214 2.2563961179013012 0.20392936831048755 8.807531847644448 1.199015073970536 2.408483221277341 -8.185178476897 9.120108152534634 0.862 0.862 0.577 0.577
o-ztfg  True F99 59314.67048447369 0.805462292008621 9.122779271345578 0.0817494476702878 -0.8570936527892088 1.190612898229408 -0.08143192221316328 0.08189979346033942 0.74 0.74 0.745 0.746
o-ztfg-ztfr  True F19 59314.5272163482 0.5426098055156395 8.146473151261375 0.07293763409151104 -0.7540359204704711 0.7481981510033648 0.012620714663062388 0.060582289045488034 0.992 0.911 0.474 0.591
o-ztfg-ztfr  True F99 59314.52763494686 0.5336196431301617 9.123472226003884 0.0719663890791032 -0.7390523014176844 0.7341371548446157 -0.021894992751163706 0.05972736683948386 0.586 0.581 0.949 0.952
o-ztfr  True F99 59314.41783215469 0.6744401097990124 7.964169390311558 1.1775181199662617 -0.4061156405621107 0.8722458446217194 -0.960700549960039 0.9789800051958811 0.605 0.604 0.919 0.919
ztfg  False F99 59314.231714594716 1.5020337958521186 18.889970129294294 30.376715295758157 0.5540447517198018 7.47427566030465 17.01896746072265 43.61178004756828 None None None None
ztfg-ztfr  True F19 59314.557716609896 0.6020906990795166 8.174176923164215 0.07906724063066126 -0.27798610121997436 0.9885989912599459 0.040008045523149724 0.06491900054398522 1.085 0.946 0.369 0.489
ztfg-ztfr  True F99 59314.55871173636 0.5922383674909637 9.150837014887465 0.07794731358606716 -0.2716715655444796 0.9675323167206178 0.005474558865323819 0.0640129793464826 0.196 0.195 0.997 0.997
ztfr  True F99 59314.68449708741 0.6801531900745827 12.575911203066212 4.818057677346287 -0.8714382200709936 1.2239752829880317 2.6385308622524684 3.5349256047318085 0.207 0.206 0.975 0.975