bps_used variant success reddening_law t0 e_t0 x0_mag e_x0_mag x1 e_x1 c e_c rchi2_data rchi2_data_model fitprob_data fitprob_data_model
c  True F99 59334.19532935158 4.236725714304055 9.291129478831603 0.7062548028406997 1.69925352694804 4.530154054478072 0.21218613926064078 1.9556075788656802 0.418 0.416 0.659 0.659
c-o  True F19 59335.952966296565 1.0463630603367375 8.184189372211417 0.13530652196524076 1.4559190048796302 1.2659501794563754 -0.20424401104492815 0.11104795329993504 0.357 0.346 0.995 0.996
c-o  True F99 59335.96121356658 1.0357532178609967 9.213489033899329 0.13396721290534286 1.4639489081424821 1.2551233488330977 -0.22380185195396526 0.1097374587917977 0.267 0.266 0.999 0.999
c-o-ztfg  True F19 59336.565269288025 0.7793319470044988 8.222503590631465 0.08232862396454894 1.0771939653940228 0.9968752627467845 -0.15737360605130873 0.06626465781385833 0.365 0.352 0.998 0.999
c-o-ztfg  True F99 59336.58441264597 0.7692055060012092 9.25219486366052 0.08116154967197634 1.0675524116457096 0.9799128808619575 -0.17600958136486744 0.06524541393779074 0.259 0.257 1.0 1.0
c-o-ztfg-ztfr  True F19 59336.26645810001 0.7100984502843465 8.220603912913598 0.08078600274138363 1.1597151000199102 0.9408423259534201 -0.13067725008975337 0.062118538937187016 0.407 0.389 0.998 0.999
c-o-ztfg-ztfr  True F99 59336.28558123325 0.7021485595549682 9.250275506406803 0.07972899159155791 1.143146753425852 0.9266709029587915 -0.14880775384319606 0.06116909443531995 0.295 0.291 1.0 1.0
c-o-ztfr  True F19 59335.656250641834 0.8637706940054994 8.16850998995292 0.1301484172339498 1.51536375107661 1.1019014099044993 -0.19285989504982815 0.10633524920837671 0.365 0.35 0.998 0.999
c-o-ztfr  True F99 59335.65960731089 0.8544515224969644 9.197313464675506 0.12880015280814575 1.5214891622527873 1.0907131294061052 -0.21250110408900386 0.10510269777248911 0.263 0.26 1.0 1.0
c-ztfg  True F99 59336.75357854782 1.3729288674071125 9.243275893915671 0.10326717275091658 0.9280627541996973 1.345432381910217 -0.12582550634615353 0.24681611751175092 0.222 0.221 0.98 0.981
c-ztfg-ztfr  True F19 59336.38946198637 0.9132674797950813 8.225237170924173 0.09134729511360011 1.172711150456991 1.1414124439257964 -0.07498936729427558 0.08104926049146462 0.458 0.433 0.939 0.951
c-ztfg-ztfr  True F99 59336.410532676586 0.9048113011756976 9.254682681280716 0.09023223948043894 1.1609204580124624 1.1278299518234005 -0.0927649754842004 0.07982324187830521 0.248 0.246 0.996 0.996
c-ztfr  True F99 59335.420013820825 1.3282978704212853 9.21973526511173 0.16719051872091767 1.7071581540898384 1.4311520259539499 -0.15530326409279252 0.15514109670473836 0.169 0.169 0.991 0.991
J 1D3 False F99 59341.638815893064 4.8630775906909145 0.24255036795204113 172.74899982392625 452.90793149132014 34456.296230711654 -4.510558083719257 39.62176021041542 None None None None
J-c 1D3 True F99 59338.9331588367 2.048696103636058 8.241109058919479 0.12984951459225277 0.1306585103650666 1.958680422918011 -0.0109561584470695 0.08328158137275994 0.599 0.598 0.701 0.701
J-c-o 1D3 True F99 59336.64839639238 0.9346871526281861 8.235822301830321 0.12253515454238396 1.5864050567787393 1.276543297640691 -0.08763902870775159 0.08851039031026017 0.475 0.459 0.982 0.985
J-c-o-ztfg 1D3 True F99 59336.73464257323 0.7609221520715643 8.18375034494381 0.0804026634246395 1.2191325431894255 0.9813087276146206 -0.12022971045493518 0.05903120724206914 0.417 0.403 0.997 0.997
J-c-o-ztfg-ztfr 1D3 True F19 59336.46090745788 0.7107241433433014 8.256290453615147 0.07910161294119156 1.3572195480568239 0.9474503587060992 -0.08568586651717683 0.05751646688227632 0.505 0.476 0.991 0.995
J-c-o-ztfg-ztfr 1D3 True F99 59336.46087612085 0.7107510075167921 8.25628512008208 0.07910475236607618 1.357195257722334 0.9474800419964238 -0.08568512646326497 0.057520379591094344 0.496 0.467 0.992 0.996
J-c-o-ztfr 1D3 True F99 59336.249659101784 0.8114111809015683 8.223101598854548 0.116665020830275 1.817903885850658 1.1191139986841399 -0.08765585233027526 0.08755786834275134 0.428 0.413 0.996 0.997
J-c-ztfg 1D3 True F99 59336.46985185028 1.160795863280557 8.132068496907536 0.10193751067397568 0.7321646390344478 1.2492267324645323 -0.034344253380920606 0.07281494231703634 0.356 0.354 0.965 0.966
J-c-ztfg-ztfr 1D3 True F99 59336.58178220206 0.9089385293208223 8.179038936236486 0.08514888765795653 1.3441927579423505 1.1244346080423255 -0.053634423004695515 0.0622511448131137 0.363 0.357 0.988 0.989
J-c-ztfr 1D3 True F99 59336.21157148385 1.125486534533861 8.23330732039948 0.12347967232187988 1.994663397929172 1.4277268237010263 -0.02601303165158262 0.08816352721629632 0.405 0.398 0.945 0.948
J-o 1D3 True F99 59336.09926785543 1.2146228527741465 8.564944420312926 0.21175135605603987 1.425774140141399 1.7843566820967374 0.1445185070733147 0.14175494593710944 0.355 0.354 0.991 0.991
J-o-ztfg 1D3 True F99 59336.69956529807 1.0087173783306507 8.201902261476759 0.0969053486737608 1.2460818717629842 1.2992067520545922 -0.11081527456676964 0.0648880511063233 0.468 0.45 0.981 0.985
J-o-ztfg-ztfr 1D3 True F99 59336.40886939761 0.9144575516999779 8.201636981313609 0.09144822320488907 1.3385329512075037 1.1973448871464079 -0.0944102098556952 0.06297070095869362 0.444 0.429 0.993 0.995
J-o-ztfr 1D3 True F99 59335.855124309266 0.9999257857966434 8.424583880200018 0.17886969028279312 1.6119062955110428 1.4481845925308354 0.07133658510450805 0.134730651455722 0.397 0.388 0.994 0.994
J-ztfg 1D3 True F99 59339.39320980091 1.3922984612378813 8.200891478982363 0.0920783645212325 3.879467836040553 2.1615354136339127 -0.06598040911162685 0.06977205871457291 0.312 0.31 0.87 0.871
J-ztfg-ztfr 1D3 True F99 59338.92174627033 1.9678183680026458 8.24445651025897 0.09038399994605924 4.09200119533633 2.7398252582468836 -0.06803000100493245 0.0665336319058688 0.41 0.403 0.931 0.934
J-ztfr 1D3 True F99 59335.81284705574 2.187776017967418 8.373896588011046 0.19186610445452582 2.0952968923744306 2.9491978652283852 0.06942021117657109 0.1446320823660603 0.503 0.501 0.734 0.735
o  True F99 59337.48586262713 1.1962172041308892 22.725560455773454 15.852308491277032 1.2058432948759883 1.3963264439098044 8.415395463023199 8.905673216006791 0.181 0.181 0.999 0.999
o-ztfg  True F99 59336.45588287212 1.0315884874837167 9.259852008129439 0.09834144203459552 0.9464837616264761 1.3009336398468188 -0.1701362533115311 0.0703998845527011 0.266 0.265 0.999 0.999
o-ztfg-ztfr  True F19 59336.148402993174 0.9152348633704612 8.227160770352935 0.09515037887669041 1.0404480431999161 1.2004445671389408 -0.1240576774135321 0.06852566146706501 0.418 0.398 0.993 0.995
o-ztfg-ztfr  True F99 59336.1580812878 0.9028618990910928 9.256710648941267 0.09376591709949823 1.017175508818203 1.1767180805901494 -0.14215730899917214 0.06745296081468331 0.314 0.309 0.999 0.999
o-ztfr  True F99 59335.91688047594 1.1078164796067045 8.480949437695372 0.9180054271389129 1.8065755857486003 1.556482220811222 -0.8568725874187944 0.8432324369597489 0.241 0.24 1.0 1.0
ztfg  True F99 59338.79220629657 4.6474114764008725 9.229434382436548 0.32884258267281413 3.578886270578211 5.929937724354519 1.3185574352909595 3.2223817833565396 0.116 0.114 0.733 0.736
ztfg-ztfr  True F19 59336.740967313366 2.1542826039230416 8.242456231113229 0.13060869514300646 1.5622594691255678 2.566957776133302 -0.07008879388557142 0.08688846413298401 0.565 0.527 0.758 0.788
ztfg-ztfr  True F99 59336.74224390499 2.1324713080045754 9.271155343310312 0.12923330399533797 1.527883297176502 2.53019357240232 -0.08804580290770092 0.08581634044278556 0.293 0.29 0.941 0.942
ztfr  True F99 59335.896872386715 2.253318521340284 14.723382687940788 19.835470483102593 2.197794622076391 2.98756346617244 4.547402848601612 15.894518702237052 0.115 0.114 0.735 0.736