bps_used variant success reddening_law t0 e_t0 x0_mag e_x0_mag x1 e_x1 c e_c rchi2_data rchi2_data_model fitprob_data fitprob_data_model
c  True F99 58573.24113272189 53.30906322606108 9.035514948303117 7.8852697667354805 -12.107085646468867 171.24481002623358 -0.07067797660975737 10.860215297360183 -1 -1 -1 -1
c-o  True F19 58535.328105348875 0.5938459820377082 8.371743353582715 0.6797406228479547 1.0592583390066754 0.5602302113263224 0.8894954207560031 0.4265426007385454 1.741 1.268 0.058 0.236
c-o  True F99 58535.31335072873 0.5288549257560085 9.273022110130963 0.6618713148743347 1.093653112105241 0.5328119536249524 0.8264848344788734 0.4163887735112251 0.711 0.704 0.729 0.736
c-o-ztfg  True F19 58535.146437103205 0.510015252529341 7.269978061942288 0.08004761125579206 1.5341667368035543 0.5160479757899947 0.17131486654413614 0.05834804888712574 2.066 1.63 0.007 0.053
c-o-ztfg  True F99 58535.15963587481 0.46813299029651145 8.198358856905086 0.07859843702035041 1.5580162909516093 0.49013692790423824 0.12487045162846117 0.05649805722981445 0.793 0.785 0.696 0.705
c-o-ztfg-ztfr  True F19 58535.66795262681 0.34230143708123273 7.088225046708345 0.07686184487318859 1.1393711506092172 0.36944261131139916 0.14393797977075645 0.05560761240394407 0.815 0.706 0.732 0.863
c-o-ztfg-ztfr  True F99 58535.755471107375 0.2968048610122677 7.0900985495705555 0.07548985651905767 1.1100341834113483 0.3438063161302842 0.13928477260165292 0.05431766619339901 0.809 0.795 0.741 0.759
c-o-ztfr  True F19 58535.725064654864 0.3653255822536993 7.593714276983915 0.3243503382203935 0.9243927307637136 0.38328500336660515 0.42074425347487343 0.22093878750120097 2.196 1.524 0.001 0.059
c-o-ztfr  True F99 58535.77242098301 0.3105990081697293 8.516788728752964 0.3108197939855966 0.9197623226635239 0.3553090716345388 0.37063091132373444 0.21211994703759182 0.842 0.803 0.669 0.719
c-ztfg  True F99 58535.979814662904 1.061086039202154 8.005145713943417 0.10205580429860601 3.180982012366233 1.2903215327154198 -0.9835863761534239 0.6061229652520725 0.231 0.23 0.875 0.875
c-ztfg-ztfr  True F19 58535.830075007085 0.4385278998566967 7.261895531439905 0.08286063410294196 0.9440112647963192 0.46990187410053724 0.19894767383613565 0.06486851495885933 2.83 2.15 0.0 0.009
c-ztfg-ztfr  True F99 58535.92442131393 0.3739580404448311 8.19020885727419 0.08093331564954087 0.9265584583477067 0.4334345034560012 0.15184234791885182 0.06273771851792703 0.884 0.877 0.569 0.577
c-ztfr  True F99 58536.079902927995 0.41626128256921574 10.247808506455538 1.3769191941972725 0.6509871457068457 0.4624797633362977 1.618502401545871 0.9504576429569025 0.338 0.337 0.951 0.952
J 1D3 False F99 58532.38478569947 13.48915059294166 6.818122030127544 59.202838842334984 0.08477203868517459 -1.0 -0.00035327864121779696 21.454738734924213 None None None None
J-c 1D3 True F99 58528.3717050008 0.3492979209668599 13.799822093510896 26.002325207051864 749.9527283648715 16677.957337286367 1.776949976608172 2.0088213213810597 -1 -1 -1 -1
J-c-o 1D3 True F99 58535.014040620605 0.548207795230972 6.882660364957498 0.14957072647250613 1.4012103945879062 0.56979997682763 -0.021850636381357747 0.08574555163794836 1.225 1.186 0.258 0.286
J-c-o-ztfg 1D3 True F99 58535.066513278536 0.5002594351092373 7.040613429920237 0.06939009584014239 1.6864270862376218 0.5064553486728159 0.05945432275133877 0.042075878035360045 1.031 0.949 0.419 0.515
J-c-o-ztfg-ztfr 1D3 True F19 58535.654989757466 0.3502763167064242 7.021194738238517 0.06557357103890096 1.2285344677925563 0.37610863816035756 0.079552985535397 0.04317646268877612 1.117 0.854 0.307 0.682
J-c-o-ztfg-ztfr 1D3 True F99 58535.65483695151 0.3499253596746494 7.197155251730581 0.06576508778622495 1.2236460466885826 0.37559379161200035 0.1238388666917373 0.04334359076956045 2.343 1.649 0.0 0.018
J-c-o-ztfg-ztfr 1D3 True O94 58535.65517435457 0.34970763365176694 7.197083220282844 0.06574512571619566 1.2235436644635345 0.3754631409388478 0.12380228893874978 0.043324480558837565 2.515 1.76 0.0 0.009
J-c-o-ztfr 1D3 True F99 58535.73575601088 0.31591429469399895 6.812994792270244 0.12266085759655794 0.9713074511108994 0.3714587955004852 -0.053099850565322314 0.07800764418571716 0.993 0.969 0.469 0.502
J-c-ztfg 1D3 True F99 58535.19391579582 0.9062901812904773 7.071989901600079 0.09405809621003473 1.785453864417355 0.9559865027211975 -0.006368953902175598 0.06029165946846566 1.2 1.187 0.309 0.314
J-c-ztfg-ztfr 1D3 True F99 58535.92433919626 0.3938652059736839 6.999796194992686 0.06618155956402595 1.0692785872208428 0.44433227803781455 0.050839968536180405 0.04209324343865388 1.397 1.243 0.145 0.236
J-c-ztfr 1D3 True F99 58535.86031721627 0.41782049733086707 6.76062778390353 0.1323807566286184 0.5704173605884366 0.4782749394968128 -0.08010035937162341 0.08162117856892107 1.161 1.132 0.315 0.336
J-o 1D3 True F99 58535.17500090363 0.5437803521282519 6.742551469545622 0.16855339353670945 1.684603313716492 0.5852029394495238 -0.1093994726382937 0.10025763760968198 0.624 0.616 0.795 0.802
J-o-ztfg 1D3 True F99 58535.15915479945 0.5119091991993744 7.035653890787035 0.06869211775485352 1.8785821702157528 0.5180507080411929 0.05358808325342273 0.041727726469045025 0.766 0.685 0.717 0.802
J-o-ztfg-ztfr 1D3 True F99 58535.80864964031 0.3098013444342279 7.000164427672354 0.061574571913497016 1.3173185178659899 0.3597818227826814 0.05494631211592636 0.039758094025023144 0.92 0.833 0.578 0.703
J-o-ztfr 1D3 True F99 58535.81880806945 0.3157246832256903 6.7310858017661594 0.13475751600168864 1.115172992144473 0.38159616776555266 -0.10964767577829451 0.0875534620163309 0.685 0.673 0.845 0.857
J-ztfg 1D3 True F99 58535.37881324004 0.9607875857791679 7.093357308209249 0.09355656861525906 2.3812467078694635 1.019650820681519 0.00644756491402871 0.05877259561586282 0.09 0.09 0.913 0.914
J-ztfg-ztfr 1D3 True F99 58536.034900528466 0.39794174172504715 6.999363313134797 0.06587376438924379 1.2532663581539691 0.4599665815730728 0.046924830703867965 0.04195101244165424 1.143 0.982 0.319 0.463
J-ztfr 1D3 True F99 58536.000631806644 0.4147504332615951 6.689584830179516 0.143110573860889 0.8033626529663033 0.49903859495008257 -0.13094454835551922 0.09069282153486884 0.404 0.4 0.901 0.903
o  True F99 58535.015897715966 0.7363115686598104 6.247352583773001 5.260582813786565 2.333490725422645 2.1034757226979446 -1.2381821655646315 3.8651903934597933 0.67 0.66 0.737 0.746
o-ztfg  True F99 58535.23429014112 0.47482627114302994 8.189230422401064 0.0771497653301327 1.7404337993585375 0.5022964407631036 0.11596550733571734 0.05563590616110871 0.498 0.493 0.936 0.939
o-ztfg-ztfr  True F19 58535.723645912905 0.34527393709894344 7.249548985720361 0.07577718818507904 1.2520205096804977 0.37839444014912094 0.1747069950254567 0.05503745754953827 2.144 1.544 0.001 0.043
o-ztfg-ztfr  True F99 58535.809729713816 0.29846948694695213 8.177547866418376 0.07438926644324506 1.2149005364257417 0.35143677330741374 0.12803689720962408 0.053732513825098485 0.652 0.639 0.9 0.911
o-ztfr  True F99 58535.81495637879 0.31356833850235166 8.121872974333563 0.4345492202420514 1.059010019556887 0.3805557414861017 0.09600490634532477 0.3031911750253403 0.698 0.685 0.825 0.838
ztfg  True F99 58534.31990241964 1.569044900078042 10.541649612492844 9.642239301611115 1.2103872946262269 0.9887216715777952 4.2938679495237135 13.634874699768778 0.056 0.056 0.813 0.813
ztfg-ztfr  True F19 58535.93342839451 0.43962076958375307 7.257216573638672 0.08161137069140315 1.1380719908406083 0.48851262097354514 0.19083115215169738 0.06407323305701189 2.791 2.047 0.001 0.021
ztfg-ztfr  True F99 58536.02128036158 0.37541764695335267 8.184474792793406 0.07970715490074098 1.0992442210924664 0.44827320225080697 0.14353080579851496 0.06194585584935244 0.562 0.556 0.861 0.865
ztfr  True F99 58536.5113146146 0.48673928130043065 24.050929687520494 14.39723079865169 0.3373955215839244 0.37537625825958026 10.908976281004275 8.471320818533083 0.26 0.256 0.955 0.957