bps_used variant success reddening_law t0 e_t0 x0_mag e_x0_mag x1 e_x1 c e_c rchi2_data rchi2_data_model fitprob_data fitprob_data_model
c  True F99 59129.65165135659 13.997678237209364 8.141685406958512 6.585088341802556 -5.1098234117700505 13.414982158815729 0.27469757566286074 7.941983865633124 -1 -1 -1 -1
c-o  True F19 59125.05894937145 0.9229623418047471 8.659672888585112 0.3736981856206832 1.0776712279665577 1.254881378894841 0.2816831127926439 0.24065179753875116 2.236 2.061 0.002 0.004
c-o  True F99 59125.05581425456 0.9109770235722059 8.186310192904827 0.3715595399654572 1.073407886773901 1.2463262840618308 0.1488457260901081 0.23927478225559762 0.679 0.677 0.844 0.845
c-o-ztfg  True F19 59125.033243677404 0.5166891227542108 9.04537655550245 0.10784446474462837 1.1309415029697858 0.8366152105001919 0.541260133513938 0.07413012330753348 2.598 2.4 0.0 0.0
c-o-ztfg  True F99 59125.04059083901 0.5105365161546308 8.574784937638832 0.10674483020687306 1.1332837553448953 0.8284107928773261 0.4102301997836125 0.07316312648137291 0.498 0.496 0.993 0.993
c-o-ztfg-ztfr  True F19 59125.22184587721 0.3461026535471626 8.496305046148393 0.09168076202759239 0.4261222739212339 0.569571350233793 0.3656386371031255 0.06386682155663714 0.414 0.4 1.0 1.0
c-o-ztfg-ztfr  True F99 59125.22284506826 0.3401167214624745 8.497680881100994 0.09065460361365868 0.4065911402210315 0.5584162019668708 0.34785373855356566 0.0631651278978965 0.415 0.411 1.0 1.0
c-o-ztfr  True F19 59125.26184767651 0.4640127208663455 8.681801215246576 0.34976090210579297 0.34675591787969934 0.7340603345987139 0.2772705410685643 0.2473939932292522 3.158 2.646 0.0 0.0
c-o-ztfr  True F99 59125.258447820976 0.45541746065192323 8.20993017049853 0.34857230671040024 0.3268439413269947 0.7197890922594805 0.14487155372866645 0.24673792560917113 0.489 0.482 0.997 0.997
c-ztfg  True F99 59124.638755714055 0.6612522423159587 8.721646546452105 0.17097608340556858 0.9286147420058914 1.2568381624178557 0.8024030286625434 0.29635344499914357 0.284 0.283 0.996 0.996
c-ztfg-ztfr  True F19 59125.149031704765 0.3726646526753277 8.94004709142885 0.09522599956636152 0.25167229701040233 0.6272674509039996 0.4530516462341822 0.06967215612434759 3.936 3.314 0.0 0.0
c-ztfg-ztfr  True F99 59125.15381162327 0.36606407547015385 8.467917968494309 0.0936088929903504 0.2403055936864716 0.6133303419671007 0.3201043042397443 0.06847266075832552 0.297 0.295 1.0 1.0
c-ztfr  True F99 59124.71575477667 0.5919702412665503 7.690708641627769 0.39202772123181934 -0.5308816971665727 0.9266072621901964 -0.24201959509629767 0.2849370571973403 0.205 0.203 1.0 1.0
J 1D3 True F99 59128.018952769264 2.0045943432028532 10.299556174638512 62.049049498167534 52.608639959590185 771.1468201083226 0.6509023495057285 24.7574050482992 -1 -1 -1 -1
J-c 1D3 True F99 59126.58721441283 0.8409694161301862 8.505750680438998 0.5467988095769619 2.945705329746818 5.334755307183315 0.2701948207158619 0.15826230977958647 1.189 1.182 0.312 0.315
J-c-o 1D3 True F99 59125.88972325197 0.7235745020865706 8.330166829587206 0.1471652973347883 1.6178029562102831 1.168824321319562 0.22957772365727078 0.06332836054056235 0.696 0.693 0.848 0.851
J-c-o-ztfg 1D3 True F99 59125.16697243134 0.5099091116996664 8.504875174576252 0.09172430464131194 1.0029375031698358 0.8194341652169528 0.3263761770630472 0.04212082702409312 0.639 0.597 0.954 0.974
J-c-o-ztfg-ztfr 1D3 True F19 59125.169409028844 0.3259667471855714 8.449556144632634 0.07093914778550617 0.3501889025624166 0.5506172999318282 0.323575517993278 0.04049217477133134 0.517 0.419 0.999 1.0
J-c-o-ztfg-ztfr 1D3 True F99 59125.246713297325 0.32465120277311615 8.455860201597812 0.06859152399340049 0.40386262570773807 0.5454256592800143 0.3080273406589723 0.037451336737512324 2.804 2.386 0.0 0.0
J-c-o-ztfr 1D3 True F99 59125.54921303208 0.44113418678016486 8.3707808989605 0.09753062256206675 0.6655151622308614 0.7058647367949803 0.2550382756313826 0.05470846401916777 0.518 0.512 0.995 0.996
J-c-ztfg 1D3 True F99 59125.33188283067 0.6692571591068097 8.553232680488616 0.13189372370051772 1.3437088383869569 1.2651584012836272 0.323412070786647 0.050626689073688 0.562 0.553 0.921 0.927
J-c-ztfg-ztfr 1D3 True F99 59125.23840148788 0.347777054054578 8.45265341118305 0.07286588767658159 0.3159458282354014 0.6067651080621043 0.30075012117749667 0.03829174208729995 0.368 0.36 1.0 1.0
J-c-ztfr 1D3 True F99 59125.56581995542 0.5070583747078675 8.372995196121963 0.1044782320302978 0.5756412371671726 0.8395469624735252 0.25256356758871024 0.05566452390805474 0.425 0.417 0.991 0.992
J-o 1D3 True F99 59126.16504016932 0.8042236154091023 8.319073142440908 0.16183544419396745 1.810332193790856 1.3672754653285186 0.219368366687151 0.07390470870527517 0.704 0.701 0.81 0.814
J-o-ztfg 1D3 True F99 59125.08163854531 0.5224403099722561 8.508249101464397 0.09302783014776983 0.7813484985274051 0.8354281642651524 0.3297056780306189 0.04300600956541468 0.583 0.544 0.971 0.983
J-o-ztfg-ztfr 1D3 True F99 59125.15291160166 0.33227379497833176 8.46176587799118 0.06902895335809349 0.234894998726569 0.5553696913657974 0.31356532483861677 0.03791591481830155 0.422 0.403 1.0 1.0
J-o-ztfr 1D3 True F99 59125.37783234984 0.4949796378200554 8.397855351320885 0.10085490931656067 0.3873106542123616 0.7713307365584706 0.27529689569180626 0.05829922671939704 0.483 0.476 0.997 0.997
J-ztfg 1D3 True F99 59125.250544909286 0.6797248951893402 8.546712220228548 0.13403360269904024 0.9612107789429869 1.281933542697601 0.32253904487894985 0.05179310808969956 0.389 0.385 0.974 0.975
J-ztfg-ztfr 1D3 True F99 59125.11874605065 0.357130138531419 8.456857460760832 0.07314156025484005 0.09692675559846042 0.6187853490547384 0.30593175719413707 0.03876568900631614 0.261 0.254 1.0 1.0
J-ztfr 1D3 True F99 59125.26093101544 0.5881341711131459 8.404489926238245 0.10762067996407575 0.08386656500739872 0.9460461204455396 0.278866691825431 0.06058756563433533 0.305 0.301 0.998 0.998
o  True F99 59125.55164411731 1.1990933887066535 12.086741865115815 4.425869447559478 0.45898020120660293 1.2807788186201636 2.5369103931461594 2.502890309761367 0.659 0.658 0.816 0.817
o-ztfg  True F99 59124.938827296704 0.5304052414667983 8.574808531050127 0.10816668641670348 0.9077051895485528 0.8480246715752728 0.40873071377138614 0.07437683070706595 0.428 0.427 0.997 0.997
o-ztfg-ztfr  True F19 59125.12142489355 0.35505903092802404 8.977465135863135 0.09325655203170415 0.24524111164114715 0.5814797795983966 0.4872722028865759 0.0651004718418697 3.177 2.697 0.0 0.0
o-ztfg-ztfr  True F99 59125.12616922806 0.34877538916610185 8.505656227565394 0.09196826071708386 0.23288320487166575 0.5698403727941862 0.35491278388994085 0.06423373964752184 0.349 0.347 1.0 1.0
o-ztfr  True F99 59125.15314173218 0.4611074062780597 9.012862964460195 0.4933096143706384 0.12269760636600972 0.7167785953158573 0.7145153854218842 0.34170516748537294 0.394 0.393 0.999 0.999
ztfg  True F99 59125.822233869665 1.5204532669828146 8.750444488542765 1.614783869730321 2.2469840872482036 1.8779235253872237 -3.2322816096645295 3.699475040124697 0.126 0.126 1.0 1.0
ztfg-ztfr  True F19 59125.016525513936 0.3846480379868773 8.941944341367497 0.09604789780338656 0.011519410605048805 0.642815797259133 0.45586335635313546 0.07057486942882726 4.109 3.391 0.0 0.0
ztfg-ztfr  True F99 59125.02118393202 0.3775299763907217 8.470250777235659 0.09438286584931949 0.003799135418290141 0.6276634876773008 0.3232410947102501 0.06935050553352967 0.162 0.162 1.0 1.0
ztfr  True F99 59125.904994010445 0.6717355125392132 25.70606826758654 16.01501978046828 -0.15653717035051878 0.7022304568325929 11.422444073919147 9.61685063936394 0.113 0.112 1.0 1.0