bps_used variant success reddening_law t0 e_t0 x0_mag e_x0_mag x1 e_x1 c e_c rchi2_data rchi2_data_model fitprob_data fitprob_data_model
c  False F99 58636.23486354778 0.9588719300609363 8.17426222381313 5.081353194211953 -0.06807630852871424 -1.0 0.001971206313799918 7.636394635247011 None None None None
c-o  True F19 58646.988517477716 1.1795757512643006 6.924022423253878 0.46120189569676284 -0.4776722689434185 1.3797809996483423 -0.22884797385820504 0.305269672471747 0.526 0.468 0.664 0.704
c-o  True F99 58646.997725267225 1.1242645178990693 6.92634792056968 0.4072702980346166 -0.43483303769115483 1.2900294557678693 -0.22327309188929964 0.2692718708174464 0.512 0.506 0.674 0.678
c-o-ztfg  True F19 58644.77034755587 0.24469559633103743 7.205598741777709 0.037170708744598636 -1.7331545575549747 0.352868716776088 -0.05726895948380301 0.04582844694487832 0.859 0.746 0.636 0.773
c-o-ztfg  True F99 58644.76519451746 0.23072248618127758 7.1925739880590545 0.03595379577381166 -1.7370092791906784 0.3281402677104018 -0.06468524416041749 0.0434511761013073 0.837 0.822 0.664 0.683
c-o-ztfg-ztfr  True F19 58644.890297110614 0.19576494522220203 7.213403484612571 0.03551680446213914 -1.5633032204027695 0.2681977905176196 0.0042669838350908726 0.03404914234660121 0.858 0.7 0.688 0.888
c-o-ztfg-ztfr  True F99 58644.89199784638 0.18185338725502792 7.212373589311131 0.03442059841303715 -1.5647703584743835 0.24640954456222988 0.0010175172071927817 0.03244317625954976 0.858 0.801 0.689 0.771
c-o-ztfr  True F19 58645.354337419645 0.34510878935542927 7.030755621265232 0.2332597439929196 -1.7203192289101037 0.4119481126005381 -0.12335828382206993 0.16311569595836575 0.96 0.745 0.495 0.74
c-o-ztfr  True F99 58645.319466163 0.30680608265209675 7.056009041364192 0.20232218904409557 -1.6839813739947 0.3684602565413683 -0.10268770890228561 0.14119838366301785 0.953 0.877 0.503 0.59
c-ztfg  True F99 58644.76949561064 0.24007013745018346 7.151995337918054 0.06163938118316328 -1.4848931354146617 0.37808325089111927 -0.2996322347957759 0.26401997414187817 0.606 0.594 0.839 0.849
c-ztfg-ztfr  True F19 58644.791829794885 0.19688672896773315 7.244385992008305 0.03673846469294478 -1.604692418871631 0.27736133366934423 0.05646892432053713 0.04129922472589843 0.55 0.459 0.959 0.987
c-ztfg-ztfr  True F99 58644.79283514158 0.1820782905928467 7.232406247299589 0.0356143069969399 -1.6134936117262932 0.2537142248208532 0.05195453322058996 0.039164246139838106 0.529 0.512 0.968 0.974
c-ztfr  True F99 58644.88515201382 0.346290743375344 7.4129102278300785 0.26348954104526867 -1.5881060944051564 0.39869271803700035 0.18732446785099183 0.1902422587797972 0.318 0.312 0.96 0.962
J 1D3 True F99 58643.095581664384 5.813828865675051 7.201677084638881 53.27898655926703 -15.559796945961752 21.780270984323916 0.15670330463877877 18.569576523375854 -1 -1 -1 -1
J-c 1D3 False F99 58644.5921203038 -1.0 -15.257666676302058 -1.0 -8.771860346968392 -1.0 -7.958695489200764 -1.0 None None None None
J-c-o 1D3 True F99 58645.02340194961 1.1937496049938718 7.320461203418914 0.14943578271761268 -1.7793754453283062 1.3112066774340094 0.04884100985777712 0.08776417034913399 1.332 1.194 0.23 0.302
J-c-o-ztfg 1D3 True F99 58644.82837687046 0.2275882051107198 7.224027915865371 0.033071975852401014 -1.6484395213174705 0.3264392727171333 0.0017751367554275687 0.026452968048420192 1.203 0.925 0.232 0.561
J-c-o-ztfg-ztfr 1D3 True F19 58644.88988117896 0.19464733276612864 7.219814526390414 0.033123110112506626 -1.5621342450939866 0.26761533476637517 0.014576989244956375 0.026602708001809534 0.847 0.65 0.716 0.939
J-c-o-ztfg-ztfr 1D3 True F99 58644.88988406629 0.1946488444348977 7.231825440562407 0.03312873856047525 -1.5621160881205314 0.2676119056672315 0.017633193819480395 0.026607387096167487 0.867 0.658 0.685 0.934
J-c-o-ztfg-ztfr 1D3 True O94 58644.88989104164 0.19464522466862297 7.231826909590346 0.03312780789717563 -1.5621052256248027 0.267606091835584 0.017634202564215995 0.026605906151232043 0.868 0.658 0.683 0.934
J-c-o-ztfr 1D3 True F99 58645.183318524345 0.278274056490819 7.213471059697344 0.08692750602376724 -1.6045431097346812 0.34101631987847203 0.01039901157870156 0.050812836218393845 0.938 0.846 0.531 0.647
J-c-ztfg 1D3 True F99 58644.72704621582 0.22850346151689618 7.226662274049548 0.03389245532111384 -1.67795288397965 0.3423846348195631 0.027968160064726952 0.029329685671762445 0.678 0.648 0.808 0.837
J-c-ztfg-ztfr 1D3 True F99 58644.78400101408 0.18005755945629026 7.224974364313848 0.03220819460558206 -1.6094208771587017 0.2527426769256315 0.036953724878373145 0.02567992955265848 0.535 0.498 0.974 0.984
J-c-ztfr 1D3 True F99 58644.99792903433 0.28235008868329625 7.1877436405178505 0.09634332302487532 -1.7256901174941892 0.3762639539540644 0.018354083873452845 0.05253026353845941 0.463 0.416 0.927 0.95
J-o 1D3 True F99 58644.78884328919 1.076325852024889 7.428447158470728 0.16939577681571097 -2.855337226751301 1.291078886989576 0.10772602421662639 0.09527541577033342 0.98 0.954 0.437 0.454
J-o-ztfg 1D3 True F99 58644.79481456396 0.23285173338634121 7.224355915050015 0.03306072548355017 -1.5994145957454426 0.3338428922056011 0.003287247112325099 0.02647050192428574 1.2 0.93 0.239 0.551
J-o-ztfg-ztfr 1D3 True F99 58644.84322626122 0.18397830477271285 7.22078239379465 0.03174789398580809 -1.527581012622227 0.2492304974416469 0.015174511968638046 0.024366170077816277 0.836 0.757 0.729 0.836
J-o-ztfr 1D3 True F99 58645.168824257315 0.2998864382859648 7.210921957503866 0.08999200133854322 -1.589528886576965 0.35965718783347606 0.008966941647852892 0.05264808769788609 0.997 0.894 0.458 0.581
J-ztfg 1D3 True F99 58644.661220029404 0.23679154401714206 7.2278971275159 0.033920595763151255 -1.6016486699906078 0.35079198951521046 0.033176836563958145 0.029504836641383522 0.572 0.56 0.889 0.897
J-ztfg-ztfr 1D3 True F99 58644.72075915811 0.18727670170369065 7.225273403502996 0.032177713046165124 -1.551162129169182 0.25751702049929376 0.03893630263629955 0.025697207953363964 0.471 0.436 0.988 0.993
J-ztfr 1D3 True F99 58644.814406725025 0.3392886975061218 7.167965937751925 0.09811789579063236 -1.5733958562576276 0.40233518964863374 0.008049675930861356 0.05395846640055996 0.347 0.34 0.968 0.971
o  True F99 58646.299291236166 1.5302559428563383 3.5806959492287396 6.330622297424053 -0.6798828782452874 1.432201729334224 -2.690123203687996 5.007417774830543 0.578 0.571 0.561 0.565
o-ztfg  True F99 58644.73789646282 0.23521923350635757 7.193745791408874 0.035999185642154936 -1.697325046534876 0.3347547314181569 -0.061252612011465014 0.04353192798399364 0.851 0.838 0.64 0.656
o-ztfg-ztfr  True F19 58644.85355590851 0.20073898442311125 7.225424975325382 0.03546356434673855 -1.522605328857643 0.2724997057730401 0.007734335291431924 0.03396073448814146 0.859 0.703 0.683 0.88
o-ztfg-ztfr  True F99 58644.851708558606 0.18684509727417817 7.211969625299066 0.03435368310590786 -1.524469063708013 0.2504530591584938 0.0014046736542414446 0.03235468909274343 0.846 0.79 0.702 0.78
o-ztfr  True F99 58644.95704947793 0.34514045979876595 5.197957102060124 1.2620669671407874 -1.7501251412937455 0.36040660876781005 -1.4644038957462482 0.957280953652274 0.575 0.568 0.887 0.892
ztfg  True F99 58643.938983438 0.3286788500005927 13.19161160390983 6.93851186272322 -2.3644286887264467 0.3341210856358384 9.31168062711647 8.822714209312219 0.511 0.501 0.898 0.904
ztfg-ztfr  True F19 58644.732330800296 0.20425494535506325 7.245746299702855 0.03671021635917841 -1.5484979266940635 0.28201674470166677 0.059510693271659615 0.04119797743586804 0.469 0.408 0.983 0.993
ztfg-ztfr  True F99 58644.727861151405 0.18947050402106697 7.233250528683961 0.03556181497400929 -1.5571567497347485 0.2581567657375885 0.05497459567234484 0.039059166150194786 0.452 0.443 0.987 0.988
ztfr  True F99 58644.803938204204 0.4762554281780997 5.970728016930517 5.591072849253682 -1.5379552229623528 0.43476138711796086 -0.8851878300552508 4.237910349615171 0.353 0.346 0.929 0.933