bps_used variant success reddening_law t0 e_t0 x0_mag e_x0_mag x1 e_x1 c e_c rchi2_data rchi2_data_model fitprob_data fitprob_data_model
c  True F99 59071.78281215119 1.9325682968767819 7.849671458380678 1.4874434639279686 0.8912494274923846 3.492379444255438 0.27548739137384537 2.2735818298579775 0.25 0.25 0.909 0.91
c-o  True F19 59072.86836652021 0.5384671047210023 7.827784742035288 0.07766952739962395 0.3030891668344563 0.47918901448833234 0.11483969198920009 0.06558811312523317 0.777 0.648 0.776 0.909
c-o  True F99 59072.862746192404 0.5174606864285467 7.7305233348720765 0.07498251258114838 0.30279926561424453 0.46299376527249336 0.08726508236303426 0.06311472795053047 0.358 0.356 0.999 0.999
c-o-ztfg  True F19 59072.05717762672 0.30149620680423367 7.867976099673098 0.0326220034691332 0.3859917549269822 0.34770608343183473 0.15169244935318849 0.03547526150561347 0.979 0.781 0.513 0.86
c-o-ztfg  True F99 59072.07318296835 0.2948429692466723 7.770260855542709 0.03203189537544754 0.38118801791005474 0.3388137895717656 0.12348189170160806 0.03438839877848958 0.416 0.406 1.0 1.0
c-o-ztfg-ztfr  True F19 59072.32771793528 0.2226087580472754 7.7874201224850985 0.031004815876121916 0.7273062167526227 0.246076244335324 0.1374480278547528 0.028341579013585 0.427 0.392 1.0 1.0
c-o-ztfg-ztfr  True F99 59072.349527163155 0.2158597102069777 7.788459860854636 0.030571379181753518 0.7299667379281678 0.238875574645456 0.1334951418573097 0.027761313193009136 0.427 0.418 1.0 1.0
c-o-ztfr  True F19 59072.65124374879 0.2714874390034458 7.841322772618024 0.07290122484155966 0.7807585955458989 0.2805394853655027 0.12580932002015038 0.059125564799198956 0.798 0.596 0.883 0.996
c-o-ztfr  True F99 59072.66338542984 0.2603293781742853 7.744811268759076 0.0705566869213717 0.7832973912234573 0.27092693532781087 0.09843948856857343 0.057164816836237205 0.395 0.387 1.0 1.0
c-ztfg  True F99 59071.61688619617 0.37020760694365185 7.810874421779842 0.043413826738310894 0.510281413083343 0.44377254511184694 0.2520349471065342 0.09537220647606032 0.234 0.232 1.0 1.0
c-ztfg-ztfr  True F19 59072.232087404875 0.24230000836120263 7.895065725549626 0.032166337896213454 0.8658179523758236 0.2743813527810372 0.1708226063011074 0.032375856911655926 0.952 0.715 0.588 0.961
c-ztfg-ztfr  True F99 59072.25667493619 0.2354968048177107 7.797521385411228 0.03163997649399407 0.8679198718752528 0.266776636531646 0.14230537544931632 0.0317351045394967 0.397 0.389 1.0 1.0
c-ztfr  True F99 59072.58749313239 0.29902210641566457 7.768759110851466 0.07800092070065394 0.9680092032242301 0.31441620642571483 0.1174276430184863 0.06783748584360672 0.353 0.348 1.0 1.0
J 1D3 True F99 59070.712152907225 6.406767446188083 11.012094844048601 55.2253502352471 33.55546814258773 410.91584513999356 0.9331706704310095 18.175518937397833 -1 -1 -1 -1
J-c 1D3 True F99 59070.73116104616 0.5043893626775691 7.628710186357953 0.06834557295432385 1.905542708552956 0.9790526253086566 -0.07115782410057522 0.0464262904730116 0.171 0.17 0.991 0.991
J-c-o 1D3 True F99 59071.51364011592 0.29677654908740453 7.585205815790186 0.05520331976497728 0.361179679381789 0.4633210814699108 -0.03878724218778982 0.03896102917271805 0.92 0.836 0.586 0.712
J-c-o-ztfg 1D3 True F99 59071.65664708897 0.21550310211677565 7.7322479776067174 0.029119871984459495 0.3863465975367757 0.3396412956274127 0.05900219528519733 0.025067269288282686 0.868 0.669 0.734 0.965
J-c-o-ztfg-ztfr 1D3 True F19 59072.105739399776 0.2042924665884182 7.750428583589143 0.02830747154295507 0.762910445730784 0.2498617758846027 0.08764298070272616 0.023814871609008272 0.907 0.576 0.723 1.0
J-c-o-ztfg-ztfr 1D3 True F99 59072.10544985689 0.2043314358191533 7.849589878198761 0.02835292139359464 0.7611517689592708 0.2497956307457782 0.11223081663042053 0.02386116438891348 1.301 0.839 0.029 0.862
J-c-o-ztfg-ztfr 1D3 True O94 59072.10534432296 0.20429535692838113 7.849571529476288 0.02834628652729417 0.7611692165591458 0.24977324306040258 0.11221748400132817 0.02385116817797604 1.347 0.869 0.016 0.809
J-c-o-ztfr 1D3 True F99 59071.99442275973 0.2041325006866999 7.6321214712614625 0.049664428355618066 0.7956990171916503 0.27702775496092935 -0.0007223812586412359 0.036635604124846594 0.704 0.652 0.969 0.988
J-c-ztfg 1D3 True F99 59071.423998079794 0.24934287028713326 7.738052527569296 0.03132895151836644 0.6862640954062367 0.4396947962918347 0.020605294918226956 0.03175715597503386 0.677 0.569 0.904 0.97
J-c-ztfg-ztfr 1D3 True F99 59071.82259764105 0.18910086657448655 7.753584266169173 0.02804343103807515 0.9164935776673908 0.2737289040035942 0.0762703767368852 0.02395107435311541 0.866 0.652 0.779 0.989
J-c-ztfr 1D3 True F99 59071.81721616147 0.23041627560009767 7.638271877215075 0.05094392415732383 1.0787816798625673 0.32835817337869533 -0.009437579014224986 0.03830743949497272 0.724 0.666 0.922 0.962
J-o 1D3 True F99 59071.45046169617 0.3113318840560431 7.415748359444306 0.11752172216020564 -0.10188173533112847 0.5284040720056801 -0.11552438131665257 0.06803445284640822 0.799 0.794 0.718 0.725
J-o-ztfg 1D3 True F99 59071.550037240224 0.224836018390351 7.74230261227841 0.031901303551699116 0.18722657365713935 0.3725195543537529 0.05960507649279033 0.02544820494295504 0.875 0.677 0.7 0.946
J-o-ztfg-ztfr 1D3 True F99 59071.910775137425 0.17922859463738713 7.757037719561744 0.02961843274895602 0.69914464408398 0.2533997029949498 0.08619518390210525 0.022935267805245216 0.879 0.679 0.775 0.988
J-o-ztfr 1D3 True F99 59072.05382577097 0.21952140712129742 7.4575792221390715 0.09017402742619685 0.7548843676932595 0.28868312956371805 -0.11602847514937414 0.06206349393952961 0.692 0.682 0.967 0.972
J-ztfg 1D3 True F99 59071.22778970601 0.2716676785239829 7.753641244856227 0.03505059754714762 0.33281672499910625 0.5103613598710771 -0.0006441602383127921 0.03402083776581995 0.331 0.328 0.998 0.998
J-ztfg-ztfr 1D3 True F99 59071.76647443955 0.1963246999118526 7.760296284018417 0.030351845061859607 0.8999740470348894 0.29030128243165254 0.07418918796498333 0.024471818314582533 1.019 0.757 0.434 0.921
J-ztfr 1D3 True F99 59071.881685374836 0.23947593258390368 7.528628092504731 0.08800246084910172 1.016769360011053 0.3464062166222716 -0.07607038266344801 0.05900058744871771 0.724 0.712 0.899 0.91
o  True F99 59072.78243039797 0.6428473090942955 4.208120365811528 3.434892350053283 0.9188741364039761 0.770731101054025 -2.5949686906055156 2.8367249276627247 0.352 0.35 0.993 0.994
o-ztfg  True F99 59071.95110223834 0.31690112710217316 7.776042953353482 0.03442954104569292 0.23510798431145213 0.37564183162559744 0.1228390170796394 0.034803710436435376 0.416 0.413 1.0 1.0
o-ztfg-ztfr  True F19 59072.304260750956 0.23207050160214454 7.894513925938876 0.0333643360483798 0.7165756118292353 0.2579821620194357 0.1653067070655213 0.02902965342761525 0.92 0.687 0.678 0.985
o-ztfg-ztfr  True F99 59072.32765472917 0.22512490524346096 7.79725201642414 0.03288831915083101 0.7185487504040936 0.25009639003777995 0.13724287730831772 0.028453664030706278 0.444 0.436 1.0 1.0
o-ztfr  True F99 59072.73605962706 0.2704926067746426 7.302197251829416 0.44871236670457937 0.85466551856196 0.29354044395726014 -0.2320963718913351 0.33887866249603105 0.402 0.396 1.0 1.0
ztfg  True F99 59071.27661283691 0.8495621691404222 8.188058884748434 2.003455150651188 -0.10685277712442229 1.4883622779649681 1.5305778903406342 5.044796514369705 0.25 0.247 0.999 0.999
ztfg-ztfr  True F19 59072.205575738044 0.25398976353628155 7.903617757896719 0.03433751741973197 0.8665187400922214 0.2897703668666725 0.1736421818118081 0.032763290032321715 0.968 0.703 0.545 0.958
ztfg-ztfr  True F99 59072.23205194753 0.24715317819393226 7.806332423598468 0.0338529269211183 0.8698904147430648 0.28177905577031404 0.14536205046368528 0.03215336335632905 0.419 0.413 1.0 1.0
ztfr  True F99 59072.62845019855 0.3084365819882162 12.677241322829104 5.0965764442455885 0.5198430107177756 0.5103481030815249 3.660719678599982 3.4862550029142545 0.373 0.368 1.0 1.0