bps_used variant success reddening_law t0 e_t0 x0_mag e_x0_mag x1 e_x1 c e_c rchi2_data rchi2_data_model fitprob_data fitprob_data_model
c  True F99 59180.15929555333 0.7993868053442644 6.753413103226932 0.1650646718076241 -0.1261934060806349 1.0296966032700365 -1.7395536706198855 1.2560658369597144 1.864 1.863 0.097 0.097
c-o  True F99 59179.11012009454 0.30972562202399634 7.334947098761159 0.10828161754141125 -1.3593066463202992 0.47375776038180484 0.0013691285818998832 0.08534514972424813 1.169 1.163 0.267 0.273
c-o-ztfg  True F99 59179.16845769873 0.22936522985686442 7.313501373104996 0.06413263535808793 -0.9594182283625962 0.35595931781068885 -0.045324701332742676 0.055201756277824345 0.862 0.848 0.693 0.715
c-o-ztfg-ztfr  True F99 59179.33869637085 0.18806386000378722 7.364069968753938 0.05603359775659378 -0.49923823707479764 0.2902729632087835 -0.04161611470470589 0.04165185604331275 0.739 0.728 0.924 0.934
c-o-ztfr  True F99 59179.38555044569 0.2284919233786563 7.442315685459668 0.09421828359803207 -0.4658505258270666 0.3418825150945461 0.01941683671907628 0.07045529583862982 0.89 0.883 0.674 0.687
c-ztfg  True F99 59179.184724084655 0.26487445137844084 7.292130011422191 0.07851939019274681 -0.7555185320834248 0.43013024100557956 -0.18804126282625905 0.13193929724532197 0.725 0.723 0.78 0.783
c-ztfg-ztfr  True F99 59179.24038261702 0.1960713227105051 7.375137315873699 0.059331988149277246 -0.4388675346739275 0.31512171367880487 -0.05041408969474241 0.04628816569960179 0.644 0.636 0.956 0.96
c-ztfr  True F99 59179.23706278739 0.24419923662318754 7.444367248328414 0.1015440178178287 -0.3719693511024761 0.3817746635695857 0.003268660984821966 0.07981816166472325 0.862 0.857 0.666 0.673
J 1D3 False F99 59172.55955797793 7.109746710400879 7.506493409164131 47.050771661208856 0.05048632344157698 -1.0 -0.00016627425903147357 19.811628301170238 None None None None
J-c 1D3 True F99 59178.93902787853 0.32171289655655727 7.294840780802964 0.11886116947915736 -1.2207865181100712 0.7312208607576199 -0.09933295224659956 0.05534278777739375 1.769 1.764 0.101 0.102
J-c-o 1D3 True F99 59179.33146937538 0.27110407334095654 7.2160490468000855 0.09172667118831558 -1.3073214647229618 0.4846765579975303 -0.11556316401294794 0.05008215579282547 1.326 1.27 0.14 0.178
J-c-o-ztfg 1D3 True F99 59179.24116943211 0.2042610646567248 7.297677120987066 0.05993168951907167 -0.922753530454588 0.35438370325047364 -0.07411030552841114 0.036463000288803296 0.859 0.838 0.702 0.734
J-c-o-ztfg-ztfr 1D3 True F99 59179.40204350923 0.1832372167885297 7.33540036192148 0.05363991827280309 -0.3843305079669944 0.2995026401821921 -0.0689645381195535 0.03363446866332689 0.785 0.748 0.873 0.915
J-c-o-ztfr 1D3 True F99 59179.4239511645 0.22581492429795724 7.387952473146335 0.07415536861062073 -0.45603668234965117 0.3437767265430126 -0.030642170740157744 0.046995609174036224 0.905 0.885 0.649 0.685
J-c-ztfg 1D3 True F99 59179.07282335994 0.221026677056352 7.324613413717417 0.06796769719119844 -0.8326649159089952 0.4157772379309778 -0.09291744953799727 0.04242715173707115 0.722 0.715 0.792 0.799
J-c-ztfg-ztfr 1D3 True F99 59179.253144554394 0.19156133255145838 7.368511100967073 0.05474007599120842 -0.43584604956655415 0.3156227754120158 -0.05913607932969358 0.03536563013107955 0.632 0.622 0.964 0.969
J-c-ztfr 1D3 True F99 59179.24929958647 0.24402671125790776 7.396957187458764 0.07692745150568336 -0.38004488921779433 0.3834919759241539 -0.042523043018899774 0.04904170407732873 0.864 0.847 0.667 0.693
J-o 1D3 True F99 59180.52807827585 0.9386729154971399 7.506895482211723 0.30672731174603146 -0.13852514362084772 0.9173737291639109 0.04775128333234989 0.16702846653297906 0.772 0.769 0.68 0.683
J-o-ztfg 1D3 True F99 59179.560759354354 0.28428740543837916 7.315976620972188 0.07339335578728155 -0.453566487794741 0.47091135770772397 -0.061487365219410284 0.03981645000262686 0.516 0.51 0.975 0.977
J-o-ztfg-ztfr 1D3 True F99 59179.62111961869 0.2225284683385812 7.3642596941658915 0.05836285783745296 -0.1301538562264308 0.3333367437525214 -0.04973576074323152 0.035625527775786016 0.476 0.47 0.999 0.999
J-o-ztfr 1D3 True F99 59179.84319922325 0.30395729310531694 7.28746430127851 0.11898085358553578 0.1291977996469036 0.4024613114679757 -0.10421682550194478 0.07486491252647054 0.601 0.594 0.966 0.968
J-ztfg 1D3 True F99 59179.33817020587 0.3458999302468132 7.333709135685558 0.08430232434140691 -0.5099132214407425 0.5587162549842003 -0.073692790327899 0.04700923868574959 0.108 0.107 1.0 1.0
J-ztfg-ztfr 1D3 True F99 59179.575004660306 0.24584578160630557 7.3484744905971 0.06225216038386701 -0.04759478143907167 0.37248407692280977 -0.0741055943319622 0.0377375911302528 0.372 0.354 0.999 1.0
J-ztfr 1D3 True F99 59179.647946849 0.34761336094235046 7.401838761960558 0.11964907076967754 0.10278728740179754 0.455546458569312 -0.04002201684876146 0.07472153173128715 0.441 0.438 0.98 0.98
o  True F99 59180.457835136585 0.9531732869978535 5.049557134436329 4.447762802944724 0.39048964084589266 1.2439496152426406 -1.7890047882235414 3.524157771464342 0.793 0.79 0.647 0.65
o-ztfg  True F99 59179.48394596303 0.3296615293718276 7.324195565133051 0.07545199276548094 -0.5007093592825187 0.47809733997201936 -0.04376581907255969 0.05595753854854372 0.526 0.523 0.969 0.97
o-ztfg-ztfr  True F99 59179.61236217583 0.23584471085051384 7.366622880849363 0.062191219967411934 -0.13491948453679392 0.3357017107554602 -0.04693313276118608 0.04373325803507239 0.486 0.481 0.998 0.999
o-ztfr  True F99 59179.79896747225 0.31663992448056 7.41111787572412 0.5759315797472906 0.056994141285766235 0.4144943970565892 -0.021282788409138945 0.43010773146051084 0.603 0.598 0.962 0.965
ztfg  True F99 59178.87145104813 1.1459455842501423 7.913504964454097 3.127855674581658 -1.0654354688702181 1.5626237168275474 1.8280724691868833 7.0819769658359775 0.102 0.101 0.999 0.999
ztfg-ztfr  True F99 59179.511282065185 0.25197631172381346 7.37622883839839 0.06515056903333853 -0.12452051989965145 0.36527717692205836 -0.0509924049298021 0.047547753526666445 0.332 0.33 1.0 1.0
ztfr  True F99 59179.549315375225 0.4124148587838898 4.208986314428744 5.012068123949339 0.18267241524998273 0.5029485469278823 -2.5981706212446607 4.189489826472751 0.445 0.442 0.975 0.976