bps_used variant success reddening_law t0 e_t0 x0_mag e_x0_mag x1 e_x1 c e_c rchi2_data rchi2_data_model fitprob_data fitprob_data_model
c  True F99 58854.924561938315 2.0420993091242456 6.618840444187429 1.3409434131501772 1.370127824033074 18.38759304894454 -1.0122120596470867 2.5979249606625867 -1 -1 -1 -1
c-o  True F19 58853.750088276895 0.46736605272899073 7.1305031448263705 0.1546962756321866 0.4527603069093628 0.5942972086592107 -0.12109889174621989 0.10416002039446177 1.618 1.377 0.086 0.176
c-o  True F99 58853.73128274831 0.43400117395340226 7.052699610849865 0.14403999289161196 0.4929218655498535 0.5534436826022942 -0.13897616128889412 0.09737714672243662 1.161 1.154 0.308 0.314
c-o-ztfg  True F19 58853.28711858296 0.4235181826751873 7.271816411076733 0.04484015587334863 0.3355242147132169 0.37791643310246353 -0.01462068364977982 0.042892391768225166 1.632 1.384 0.048 0.133
c-o-ztfg  True F99 58853.292610385266 0.3934294576919097 7.185049615956059 0.04337372458448693 0.34093693966816163 0.35676325605369347 -0.03836295203817017 0.04083765873261679 1.011 0.993 0.441 0.462
c-o-ztfg-ztfr  True F19 58853.3058227507 0.4191437910544878 7.1864102662262965 0.04387126429756931 0.3633487853248135 0.3324937620322901 -0.031421021819994954 0.03873155598618028 0.785 0.704 0.754 0.847
c-o-ztfg-ztfr  True F99 58853.312845599445 0.3882270755881109 7.18728373164835 0.04248180471189521 0.3663983918270535 0.31368090061409465 -0.0339583260484614 0.03697923588336387 0.785 0.77 0.754 0.773
c-o-ztfr  True F19 58853.74352315289 0.460037674245346 7.121114424243837 0.14256548398295393 0.3903917833996988 0.44477849311696466 -0.12641778964849334 0.10008057502502372 1.252 1.042 0.214 0.407
c-o-ztfr  True F99 58853.72079563428 0.42414923621248657 7.041751007733837 0.13338086236405045 0.41858619890406046 0.41614481652600976 -0.14485701130942094 0.09382597303703016 0.799 0.793 0.697 0.703
c-ztfg  True F99 58853.56996148426 0.4681972650638123 7.262986694615629 0.06415367415200234 -0.5000082134080837 0.6016672104194283 0.3008676969682942 0.17611737315529502 0.193 0.188 0.979 0.98
c-ztfg-ztfr  True F19 58853.15007850678 0.5769327346565272 7.281774669977013 0.04583145643967282 0.3574414122110203 0.4197554782712423 0.014419279569823362 0.052015062262315184 1.289 1.044 0.217 0.405
c-ztfg-ztfr  True F99 58853.153443770876 0.5515511368390902 7.194929436682847 0.04442119169959217 0.3602058040526975 0.4008382467266925 -0.009380834527431454 0.04917578257300968 0.428 0.416 0.953 0.958
c-ztfr  True F99 58854.16169499714 0.6640908901219502 6.943954215102297 0.21366190548729627 0.1523252206126602 0.6734056129410747 -0.2148420514670078 0.15663401476926342 0.144 0.143 0.99 0.99
J 1D3 True F99 58852.24939377523 3.8322057945945067 7.206409234845404 73.45806956567958 1.3504193181987283 133.49212083248463 -0.002124045822187488 25.0350011297534 -1 -1 -1 -1
J-c 1D3 True F99 58852.311459586424 0.17252805107313526 7.54791385938897 0.2102197141940639 3.7796499973671027 2.015420515488044 0.10134074414590503 0.06758545744342434 0.537 0.535 0.657 0.658
J-c-o 1D3 True F99 58852.46604970112 0.14752854896389705 7.3370604129198735 0.08604039353772687 1.214169515790302 0.5471243196210303 0.05398006036609941 0.04443604987279735 1.902 1.679 0.025 0.058
J-c-o-ztfg 1D3 True F99 58852.371628778084 0.151146744179483 7.20923223859646 0.04032383402487355 0.6283660585891323 0.3666865036684644 -0.011783980662492116 0.027272630488109642 1.389 1.084 0.12 0.36
J-c-o-ztfg-ztfr 1D3 True F19 58852.93262647229 0.3229707487359536 7.219171198471184 0.04163981638843211 0.46572598128829873 0.3286657074125827 0.011060262422978882 0.03033087989955736 2.024 0.808 0.002 0.737
J-c-o-ztfg-ztfr 1D3 True F99 58852.931379867485 0.3226119056858217 7.3081338088879555 0.04170986330885525 0.4614835898078876 0.32842658490686444 0.03388115239978885 0.030381559179228263 2.762 1.176 0.0 0.248
J-c-o-ztfg-ztfr 1D3 True O94 58852.931127246986 0.32247199308214686 7.3081500953921354 0.04170302273832027 0.4615658424848796 0.32838104231753773 0.03388674990519947 0.030370119354648423 2.835 1.204 0.0 0.221
J-c-o-ztfr 1D3 True F99 58852.36976192414 0.15147413894769918 7.282552069038783 0.07544284532473154 0.9893148501878694 0.4105885810001787 0.021742006227439853 0.042504151666576714 1.072 0.997 0.373 0.461
J-c-ztfg 1D3 True F99 58852.29682775817 0.15175687142451214 7.199376924778842 0.042912421440448364 0.6258378376400625 0.45573489328071776 0.0031307091692804115 0.029216013578078348 0.746 0.726 0.667 0.686
J-c-ztfg-ztfr 1D3 True F99 58852.29075050853 0.15325530209729313 7.202720520179408 0.040402775239803415 0.6256217144457588 0.36228463491868723 -0.0009424612527860762 0.02787201576469376 0.517 0.492 0.933 0.946
J-c-ztfr 1D3 True F99 58852.29075405603 0.15545801681294927 7.288064211897809 0.09088369886790199 1.1794501574122471 0.5829347297829267 0.029104791071644716 0.04381897795813076 0.607 0.597 0.793 0.8
J-o 1D3 True F99 58852.31280072713 0.15253290827312221 7.338293519454332 0.11123254188457847 0.5903020790102194 0.6196126710404712 0.050738790781710716 0.05697377205272007 1.406 1.387 0.179 0.188
J-o-ztfg 1D3 True F99 58852.31205973729 0.15500490266838823 7.199180300708935 0.041692034193403726 0.3511700940951568 0.40671542234183294 -0.014920579836102406 0.027892909290294334 1.391 0.975 0.141 0.478
J-o-ztfg-ztfr 1D3 True F99 58852.31504557411 0.154638051497268 7.2012303559165645 0.040602869452776684 0.48150594842844696 0.3309517938357555 -0.013651142980234253 0.0275707670365595 1.002 0.742 0.457 0.793
J-o-ztfr 1D3 True F99 58852.42749800562 0.1448812330189857 7.340950554580619 0.09244179900541533 0.7152191170008537 0.4287416225025493 0.0661781910371601 0.05139640127818321 1.243 1.196 0.23 0.266
J-ztfg 1D3 True F99 58852.22451003984 0.15733428321118875 7.178132914329664 0.043907901013662334 0.22708907021986718 0.5443264658061576 -0.0037437046425774436 0.029406838586365478 0.046 0.046 0.999 0.999
J-ztfg-ztfr 1D3 True F99 58852.33405089662 0.15095969230486592 7.197956040334402 0.04190730452063894 0.34856762946138836 0.3849849760222223 0.012593978396521823 0.02840863163725026 0.707 0.576 0.733 0.85
J-ztfr 1D3 True F99 58852.234729380914 0.15924285097929428 7.242435263997664 0.11804247788995882 0.70346768237354 0.6136306815494612 0.01548030545327363 0.055785610031252736 0.125 0.124 0.987 0.987
o  True F99 58853.42639127714 0.622033135917201 6.852304853022856 4.141305708655374 0.4573612440796239 1.5841483575107798 -0.2769184292797007 2.899372889343664 1.726 1.716 0.098 0.1
o-ztfg  True F99 58853.16607874241 0.5280809399924011 7.1883532330523385 0.045791376866729905 0.058165029862765644 0.4072928088882839 -0.03705346602682512 0.043032387338875995 1.011 1.003 0.437 0.444
o-ztfg-ztfr  True F19 58853.23487119559 0.5852234529554142 7.281201766730632 0.04664612514298196 0.18602525763828584 0.37807360595826617 -0.0037668116514294994 0.040924516947478985 1.394 1.138 0.117 0.303
o-ztfg-ztfr  True F99 58853.24103683219 0.5246621652601258 7.19489442936109 0.04515781832784281 0.19375638095430792 0.351637986460002 -0.027009069071024246 0.03909279302095592 0.774 0.763 0.741 0.753
o-ztfr  True F99 58853.432072927055 0.6095298932455054 6.987619736821442 0.5713389649594971 0.415300585643515 0.43608698807083773 -0.18243194448149563 0.4089214936079832 0.989 0.982 0.459 0.466
ztfg  True F99 58852.118661887886 2.1425345454512033 7.103421717196881 0.44349079042844664 0.5468756708129975 2.5991249799296696 -0.4335957588657338 3.4108441475968054 0.109 0.108 0.897 0.897
ztfg-ztfr  True F19 58851.435392627696 2.2126178302426034 7.251038098329558 0.07513129887904849 0.7057526792908002 0.808734059183275 -0.0033795272700503786 0.06450057459881672 1.605 1.205 0.141 0.3
ztfg-ztfr  True F99 58851.394630732626 2.141231014114312 7.163389649923483 0.07349158378559692 0.7233340706982074 0.7741824729707382 -0.027824712739703144 0.06182766932640411 0.161 0.16 0.987 0.987
ztfr  True F99 58855.625610950345 3.1517347058062413 10.262402470029606 9.204789407838204 -0.5146937014555356 0.8469946673869617 2.1854269607335035 6.4015959158526 0.086 0.085 0.918 0.919