bps_used variant success reddening_law t0 e_t0 x0_mag e_x0_mag x1 e_x1 c e_c rchi2_data rchi2_data_model fitprob_data fitprob_data_model
c  True F99 59306.8029033207 1.4851461296039112 8.28160807414621 3.239521149203211 0.261351906764251 4.549506396826679 0.5883120388854637 4.138376776996449 0.876 0.874 0.416 0.417
c-o  True F19 59307.31289228418 0.4113183062932977 6.728302712822838 0.056664832464199 0.35630958424435455 0.32511612573360404 -0.03428293494584006 0.052256078138348476 0.454 0.39 0.968 0.985
c-o  True F99 59307.31302090633 0.4112930912202881 6.728720718729484 0.056659485710142905 0.3566144487148303 0.32513912840300063 -0.036289047654640194 0.05225502190074479 0.454 0.39 0.968 0.985
c-o-ztfg  True F19 59307.08089235777 0.202240799122861 6.7442390149024245 0.02906966830567769 0.24784502065102473 0.19089249335136022 -0.04970873906175119 0.03207498931034872 0.914 0.54 0.619 0.99
c-o-ztfg  True F99 59307.11249416982 0.17680988562943295 7.786496919510081 0.027593744909323942 0.2268145058082538 0.1724966326256342 -0.06506212317423526 0.030098035396213814 0.305 0.286 1.0 1.0
c-o-ztfg-ztfr  True F19 59307.08163239659 0.16477642386064198 6.688852420774349 0.02743908459610907 0.25890529905690074 0.15125842156127234 -0.050781457278896935 0.025600296198098216 0.307 0.232 1.0 1.0
c-o-ztfg-ztfr  True F99 59307.12395944835 0.14085228117843338 6.691742962097179 0.026026927719760614 0.23004745345594352 0.13493524223148345 -0.05163147686397361 0.024252470509918238 0.305 0.279 1.0 1.0
c-o-ztfr  True F19 59307.16332181594 0.23327646176226866 6.791229013460415 0.05453087828635216 0.30030119476344924 0.19693536218205374 -0.005885959752265387 0.04539869664602473 0.851 0.518 0.715 0.991
c-o-ztfr  True F99 59307.20456500397 0.19150451074925742 7.834717658339934 0.048430573487277605 0.2614335061042461 0.17394495654378794 -0.01966867881584842 0.04074185972918752 0.368 0.35 1.0 1.0
c-ztfg  True F99 59307.08923076726 0.20316872339240805 7.771689802796564 0.041973217579565 0.270854634659078 0.2052616663334859 -0.1045548977618024 0.08093421425434856 0.275 0.268 1.0 1.0
c-ztfg-ztfr  True F19 59307.058745911316 0.17804715496408757 6.753636811939364 0.028927266379400646 0.2885602619414764 0.16658062050750438 -0.02938111216251844 0.030493110713683737 0.93 0.523 0.6 0.995
c-ztfg-ztfr  True F99 59307.10669891421 0.15293826170930191 7.795673195928021 0.027545986219575207 0.25661259096055106 0.14886271222836342 -0.04545339035321932 0.02906858240507245 0.299 0.271 1.0 1.0
c-ztfr  True F99 59307.20360510463 0.22521844425607548 7.849978856080865 0.05388121913425695 0.3104784871592655 0.20497693182733212 -0.002066413481930676 0.04990567857172851 0.373 0.364 0.995 0.996
J 1D3 True F99 59307.133507322884 1.3281673126109397 -13.464094770074592 80.3257619898879 7.253327510760351 23.067233496921848 -7.739064670797192 29.42937769259594 -1 -1 -1 -1
J 2D True F99 59307.17105516893 1.1502815096597663 -17.936781425785654 79.9490967293602 5.126995523471276 16.96981154264113 -9.372150486705749 29.540912166623333 -1 -1 -1 -1
J dehvils False F99 59307.9950630043 -1 6.419480133660428 -1 31.669441586584586 -1 -1.0477870767617434 -1 None None None None
J-c 1D3 True F99 59307.52659720376 0.5552054385395634 6.740760228696588 0.044224960063614156 0.9198690581322373 0.6290824131059832 -0.04666975047335546 0.04065396961364788 0.387 0.379 0.888 0.893
J-c 2D True F99 59307.47422048448 0.6067822950086073 6.729875569103875 0.06142489280966582 0.9588758983566852 0.6532584991627506 -0.06268241050881321 0.07497102695131187 0.363 0.356 0.903 0.907
J-c dehvils True F99 59307.742368267616 0.32332561250461284 6.75700788777306 0.04129556201705047 0.8307570851332522 0.6043107064793605 -0.025687526412689485 0.03472985799392786 0.502 0.485 0.775 0.787
J-c-o 1D3 True F19 59307.38193380921 0.36870292176313685 6.783624522333382 0.046002494980166765 0.38032876103590074 0.3176686099199721 -0.027636477667051323 0.03653795164971091 0.887 0.574 0.604 0.933
J-c-o 1D3 True F99 59307.38193952684 0.3688176742334779 6.783625349717424 0.04601585729397386 0.3803923995606539 0.3177320199332128 -0.0276376640653287 0.036550989897641994 0.838 0.55 0.669 0.946
J-c-o 2D True F19 59307.38353681764 0.37083315460361505 6.722305158321332 0.05123840770143373 0.3823468904185289 0.3211227651527385 -0.04305924240959096 0.04444774860316485 0.389 0.328 0.993 0.998
J-c-o 2D True F99 59307.38268394205 0.37080921036047326 6.783551508327189 0.05128977706162328 0.38052429584416525 0.32100458756784855 -0.027736321482195563 0.04449565648451035 0.833 0.547 0.675 0.948
J-c-o dehvils True F19 59307.45107721169 0.3422007282269614 6.732775410228742 0.04533203446644287 0.37043901019389824 0.3155740990249589 -0.03263357384075663 0.03533355090771498 0.454 0.354 0.979 0.996
J-c-o dehvils True F99 59307.45093698298 0.3420760138315998 6.794676225582642 0.04537543541947798 0.3672982193944958 0.3153415900399742 -0.01657713684158886 0.03536301080783811 0.936 0.586 0.537 0.919
J-c-o-ztfg 1D3 True F99 59307.15116746088 0.17122579399700927 6.6890895990958095 0.025528849279163816 0.23368350556407422 0.1723852296192202 -0.06269255923634467 0.024140107247485863 0.298 0.28 1.0 1.0
J-c-o-ztfg 2D True F99 59307.14558800752 0.17198504823553526 6.685753928150058 0.026782251641066478 0.23453611108476982 0.17250387007514092 -0.06815761730540977 0.02767485743394826 0.292 0.274 1.0 1.0
J-c-o-ztfg dehvils True F99 59307.242111559885 0.16143147021504056 6.696920809923363 0.025153974214353104 0.24794517385384784 0.17248778927615618 -0.05408858625183956 0.02274975943167494 0.382 0.35 1.0 1.0
J-c-o-ztfg-ztfr 1D3 True F99 59307.147912068904 0.13796376217209846 6.690766417039353 0.024430459466347473 0.23658203918987958 0.13489031538412524 -0.05384476213544616 0.021144507488573685 0.301 0.276 1.0 1.0
J-c-o-ztfg-ztfr 2D True F19 59307.10182609949 0.16236970960397343 6.687195111474865 0.026804754257056446 0.26260542271544657 0.15131400904118825 -0.053725220236765694 0.024314442876802293 0.303 0.227 1.0 1.0
J-c-o-ztfg-ztfr 2D True F99 59307.10105290922 0.16238309447529448 6.7479042467325865 0.026824060713396856 0.2618921673931084 0.1513011782496588 -0.038899886528972194 0.024334835162342167 0.752 0.439 0.921 1.0
J-c-o-ztfg-ztfr 2D True O94 59307.101095588325 0.16235313230839682 6.747906029180564 0.026819156314071998 0.2618674011117793 0.15127770818217628 -0.03889750029150447 0.024327430200637903 0.791 0.457 0.877 1.0
J-c-o-ztfg-ztfr dehvils True F99 59307.21257589194 0.13273345122006486 6.696653353166199 0.024117763740863017 0.2471800063305851 0.13475198638853475 -0.04821126391306501 0.020370240555577266 0.349 0.322 1.0 1.0
J-c-o-ztfr 1D3 True F99 59307.23997787967 0.18470050959984038 6.719091089493101 0.039705842246225045 0.28792722553233596 0.17270538567484184 -0.03557569688728389 0.03099465686916665 0.371 0.342 1.0 1.0
J-c-o-ztfr 2D True F99 59307.24329892698 0.18544413903064458 6.722497002269438 0.04436401403095324 0.28501111799494033 0.17322167122896606 -0.03231486120966327 0.03627536541837894 0.362 0.339 1.0 1.0
J-c-o-ztfr dehvils True F99 59307.339266691604 0.17080038192541272 6.729404865336035 0.038289508711295536 0.3027041609237152 0.1713307240821127 -0.027452919803854843 0.029146954475382802 0.418 0.39 0.999 1.0
J-c-ztfg 1D3 True F99 59307.128987314325 0.19465073003240482 6.689770883547494 0.02750476353889682 0.2825580360443923 0.20613970265825002 -0.06688232326404062 0.033380097467561425 0.296 0.275 1.0 1.0
J-c-ztfg 2D True F99 59307.12087660382 0.19485571609038443 6.677757132952594 0.03238148787085084 0.2766583786075248 0.20560784443336194 -0.09307223219557216 0.05081985258753375 0.261 0.253 1.0 1.0
J-c-ztfg dehvils True F99 59307.243516014 0.18045509146640187 6.7001707107727295 0.02665065411426676 0.29838679239320787 0.20730216739407437 -0.05159805692939187 0.029070351874084206 0.425 0.386 0.995 0.998
J-c-ztfg-ztfr 1D3 True F99 59307.134688279024 0.1492559607210614 6.693066083224121 0.02511546327395713 0.26424691020555346 0.14893049173405182 -0.05065508991443128 0.023623732788597022 0.299 0.271 1.0 1.0
J-c-ztfg-ztfr 2D True F99 59307.13356346306 0.1500117433183583 6.692456601568432 0.02652860702276424 0.2643862485707901 0.14898651706435154 -0.05154620043030532 0.026791553205432778 0.297 0.269 1.0 1.0
J-c-ztfg-ztfr dehvils True F99 59307.21172856292 0.1426617425774568 6.699427458921967 0.024697515640741817 0.2750315770205548 0.14889278094654354 -0.044008436120089686 0.022424446326404578 0.358 0.33 1.0 1.0
J-c-ztfr 1D3 True F99 59307.24430741822 0.21440262328285375 6.722971589421294 0.04047720633196734 0.35414682331684494 0.20364776895018358 -0.031945904669551675 0.03334535515608799 0.4 0.363 0.996 0.998
J-c-ztfr 2D True F99 59307.25334468848 0.21602552163950042 6.729529648081264 0.04683087448412445 0.34751479367060784 0.20433127931854161 -0.025045369844935998 0.04145241464638635 0.376 0.357 0.998 0.998
J-c-ztfr dehvils True F99 59307.37379857976 0.19275107561340604 6.734184358792415 0.03876067735657838 0.36788534362717396 0.20213933058709607 -0.02247066105553317 0.030835590745720343 0.475 0.433 0.984 0.992
J-o 1D3 True F99 59307.31873689142 0.32330971161143196 6.689750265341793 0.11303655352677593 0.168414767228396 0.32245269801810844 -0.058280979644512156 0.06565629076528517 0.317 0.312 0.992 0.993
J-o 2D True F99 59307.2966492411 0.33143480174635265 6.645708361069163 0.17810589249479228 0.17162307633739157 0.323464088475083 -0.08776356251765588 0.11341960345364126 0.304 0.299 0.994 0.994
J-o dehvils True F99 59307.51624867966 0.25775741883827713 6.738056135686858 0.10256594934273004 0.2202290440233228 0.31871840933733775 -0.028583272287075124 0.056952218394089565 0.415 0.408 0.965 0.968
J-o-ztfg 1D3 True F99 59307.11934105111 0.17299844327668892 6.6695532723733155 0.029625385807001907 0.12267645331250471 0.18106906975258988 -0.0682626353916823 0.0243072754077426 0.2 0.196 1.0 1.0
J-o-ztfg 2D True F99 59307.11332991674 0.1738493000184704 6.666479025713558 0.03051192824994739 0.12353725157888316 0.18121568371303456 -0.07368631249785756 0.027721756253847922 0.194 0.189 1.0 1.0
J-o-ztfg dehvils True F99 59307.216177772505 0.1631708649429446 6.677442926379113 0.02942813407137213 0.1405891449182079 0.18138832813037967 -0.05971696608165006 0.022997664184091823 0.298 0.281 1.0 1.0
J-o-ztfg-ztfr 1D3 True F99 59307.129547569675 0.1386772870665966 6.672218272828541 0.028085538846161016 0.16787314590805671 0.13885823692138877 -0.061789855056491136 0.021919208472755924 0.228 0.218 1.0 1.0
J-o-ztfg-ztfr 2D True F99 59307.12701350715 0.1392541525236827 6.67065622572872 0.029054284936636803 0.16799644454719065 0.13890979136441536 -0.06371400538188768 0.023814092449466476 0.227 0.215 1.0 1.0
J-o-ztfg-ztfr dehvils True F99 59307.19612490189 0.13356454057092348 6.678637234358225 0.027809154953003155 0.18056862466208196 0.13885323082487844 -0.05581298175992737 0.021155622544346383 0.284 0.271 1.0 1.0
J-o-ztfr 1D3 True F99 59307.21545696167 0.18853868817285396 6.653142952714099 0.08770996397299538 0.21322722786157705 0.1792485429364476 -0.07550129477209952 0.05820935130399536 0.296 0.283 1.0 1.0
J-o-ztfr 2D True F99 59307.20343265946 0.19026128934990993 6.594797671544876 0.14132583134588902 0.2171242346946527 0.17976997883949786 -0.11731590853585941 0.09862888291542983 0.281 0.272 1.0 1.0
J-o-ztfr dehvils True F99 59307.31680176785 0.174665378516219 6.690157783411518 0.07719363191270262 0.234461703713845 0.17862123395031645 -0.049875843802471176 0.04977861759938941 0.375 0.355 0.999 1.0
J-ztfg 1D3 True F99 59307.09376775309 0.1971620268620832 6.669096156091484 0.03119409960340948 0.1279694024621641 0.22151740669431022 -0.06662113835455345 0.03388559025299454 0.146 0.143 1.0 1.0
J-ztfg 2D True F99 59307.08659673645 0.19795643083246608 6.662629129727508 0.03347947418162982 0.1354418816849422 0.22211254101903863 -0.0913760295708205 0.05906781615591888 0.129 0.126 1.0 1.0
J-ztfg dehvils True F99 59307.21939095248 0.1821331490003814 6.6771826680726525 0.03098957011897497 0.14267255902476367 0.2227036445931506 -0.0526004672279184 0.029152365864110855 0.287 0.28 0.999 0.999
J-ztfg-ztfr 1D3 True F99 59307.11660417282 0.1500246854647188 6.673364822896227 0.028680865549958225 0.17967066167735604 0.154420389672964 -0.05769724349066418 0.023985255297333086 0.2 0.191 1.0 1.0
J-ztfg-ztfr 2D True F99 59307.114976189165 0.15086097351073238 6.672518020636872 0.02988933345572178 0.17976581817587434 0.1544643863676347 -0.0589396173312513 0.027064342315950708 0.198 0.189 1.0 1.0
J-ztfg-ztfr dehvils True F99 59307.196257711614 0.1435156399541492 6.679921650875345 0.028367105597166632 0.1925030968346021 0.154520991989302 -0.050840309441356056 0.022832562746307357 0.269 0.262 1.0 1.0
J-ztfr 1D3 True F99 59307.22133394307 0.22003654256442606 6.6508263156841085 0.0888231711250184 0.24718705138384664 0.21529143384148344 -0.07378621903602695 0.05839899928009 0.282 0.274 0.999 0.999
J-ztfr 2D True F99 59307.20491235333 0.22373882249266788 6.601084943775314 0.145332980464941 0.24682997431293607 0.21553014147463379 -0.11059191129714929 0.10333512646191888 0.267 0.258 0.999 0.999
J-ztfr dehvils True F99 59307.354228780394 0.19823382537522521 6.685157008734018 0.07901242563418515 0.2725291563579836 0.21508551148584396 -0.04912790299283664 0.04991049934482986 0.402 0.39 0.986 0.988
o  True F99 59307.101221230594 0.41813611201291045 8.927995293756947 1.444624227897109 -0.17649575983749588 0.4897461511775998 0.6908206064798652 0.919681387538218 0.325 0.32 0.975 0.976
o-ztfg  True F99 59307.07758816813 0.17845443747700288 7.766986329184176 0.031077359490000223 0.11398543676735144 0.18108348238911673 -0.0703745174312663 0.03007023855832996 0.193 0.189 1.0 1.0
o-ztfg-ztfr  True F19 59307.06474753281 0.16568014475285703 6.732740192007284 0.030648262191719587 0.1860886254242491 0.1563297651450233 -0.04349787472173021 0.026187082542031996 0.681 0.382 0.957 1.0
o-ztfg-ztfr  True F99 59307.1042901874 0.1415665056020839 7.772514849285949 0.02966575189338189 0.16152461767325596 0.13882765923515075 -0.06053354616831039 0.02501783549277143 0.226 0.216 1.0 1.0
o-ztfr  True F99 59307.17506764848 0.19647693249337356 7.620660569216727 0.3576236727994408 0.21877956804562793 0.18550303504806032 -0.1704667438214975 0.25689113955444287 0.3 0.292 1.0 1.0
ztfg  True F99 59306.75086737152 0.6151419889734164 8.056851802402429 0.8285053724445429 -0.2157400502726615 0.6950178458907756 0.8442735872975454 2.115157151474857 0.101 0.098 1.0 1.0
ztfg-ztfr  True F19 59307.04396332936 0.17919727753014225 6.7360860555039155 0.03178547986495322 0.20043813461581278 0.17361126895582096 -0.03557281273874117 0.030629722041636245 0.734 0.394 0.875 0.999
ztfg-ztfr  True F99 59307.087432719985 0.15369134325081962 7.7755850274894325 0.03077512371747431 0.17195114087417385 0.15424304530607313 -0.05301675932161116 0.029276122148665967 0.188 0.182 1.0 1.0
ztfr  True F99 59306.927878689945 0.376604791362276 0.7976860122541541 6.573241335927865 0.3236537937305262 0.3302133485168963 -5.680736582397449 5.680902589804308 0.296 0.286 0.995 0.995