bps_used variant success reddening_law t0 e_t0 x0_mag e_x0_mag x1 e_x1 c e_c rchi2_data rchi2_data_model fitprob_data fitprob_data_model
c  True F99 58724.73759992943 11.122737532591572 7.213193860350046 1.5728879915117815 2.7876263755317403 12.79510569475505 -0.681696039899052 3.620923154183169 -1 -1 -1 -1
c-o  True F19 58727.032797848115 0.6079683064476084 7.644854267800455 0.09130192445703722 0.13082738554833614 0.6062950338592762 0.08152539340794718 0.08447570415623187 1.167 1.073 0.286 0.375
c-o  True F99 58727.03521820458 0.5694439632476285 7.603154059246581 0.0874156197785926 0.13551752976521036 0.5807555282848937 0.06861932820861259 0.08035429623748744 1.098 1.091 0.35 0.357
c-o-ztfg  True F19 58726.689905712585 0.32274347671030723 7.649246586669101 0.03532951595756107 -0.01016266784424985 0.38606416268846405 0.08896216062213826 0.04170945515973784 0.874 0.785 0.661 0.788
c-o-ztfg  True F99 58726.700132810714 0.3098927805210523 7.60908618411016 0.034557685939362946 -0.010260897755206754 0.3738773450524982 0.07672625015254753 0.03999907000774682 0.751 0.745 0.829 0.836
c-o-ztfg-ztfr  True F19 58726.77324692976 0.21900444335184707 7.617053000399368 0.033899524261829204 -0.031697240539257855 0.267004941932387 0.11572047177533404 0.031483266143337026 0.875 0.772 0.708 0.865
c-o-ztfg-ztfr  True F99 58726.76983390667 0.20392446965547653 7.617286272946837 0.033142158906518365 -0.015803327895318242 0.2542157918577544 0.11232631584405489 0.03045620123816098 0.876 0.848 0.707 0.755
c-o-ztfr  True F19 58726.90630353249 0.27100778553713595 7.650781802508121 0.0883206130430717 0.05440230265938022 0.3135694829234024 0.11707117119693222 0.07063070786974698 1.211 1.025 0.192 0.427
c-o-ztfr  True F99 58726.89240236298 0.24832620472484626 7.608482193390493 0.08461521224687682 0.08468446818089845 0.29756326482202916 0.10230270470248744 0.06749511851326746 1.128 1.092 0.285 0.332
c-ztfg  True F99 58726.50578921171 0.3699449537726514 7.6131121316834465 0.05181142641738411 -0.1322478185832422 0.4751698563259197 0.10578136367341731 0.12127128729869847 0.271 0.267 0.997 0.997
c-ztfg-ztfr  True F19 58726.689099473064 0.23600403840711728 7.664992911031507 0.035278685366363055 -0.0849919848486387 0.29846560805615846 0.14834969007933907 0.03577836604224064 0.8 0.665 0.772 0.918
c-ztfg-ztfr  True F99 58726.688439171514 0.2189223239237954 7.625225591649518 0.034453353191799804 -0.07334960573885702 0.283145392646457 0.13571793716959601 0.03461248264749804 0.634 0.623 0.94 0.946
c-ztfr  True F99 58726.80823501108 0.2764847139013694 7.657586444779257 0.09515350167028061 0.02431527771755258 0.34593598409321075 0.1575603426942708 0.08005905497197814 0.934 0.919 0.529 0.546
J 1D3 False F99 58724.65361910446 -1.0 770.1305457800067 -1.0 -15.900722399612263 2.779037050006835 254.1387204110342 -1.0 None None None None
J-c 1D3 True F99 58726.8626599135 0.20230614305780337 7.64821947118328 0.07135163782980292 0.15409717557661612 1.1810973539634821 0.13677997600556585 0.03748089294263067 7.819 7.28 0.0 0.0
J-c-o 1D3 True F99 58726.90203094609 0.19125443523680907 7.662056897234405 0.06402365517819537 -0.0724248655475998 0.49550431125394523 0.13340139110764948 0.03800709546527822 2.307 2.118 0.001 0.003
J-c-o-ztfg 1D3 True F99 58726.8215366756 0.1748886716609001 7.624133081036355 0.03226217803674405 -0.12887937254255474 0.356363282388636 0.11428676813742708 0.025142575209750433 1.602 1.402 0.017 0.065
J-c-o-ztfg-ztfr 1D3 True F19 58726.77978889606 0.20245350815780375 7.620625436020123 0.03149943111030296 -0.045293403142535944 0.2623590254039642 0.12116264413582327 0.024948882282494946 1.33 0.804 0.062 0.832
J-c-o-ztfg-ztfr 1D3 True F99 58726.77956035278 0.20238578257255174 7.661362029513445 0.03152007315828564 -0.0471179023400261 0.26228829410533466 0.13153926419124853 0.02496698977553998 1.468 0.873 0.019 0.72
J-c-o-ztfg-ztfr 1D3 True O94 58726.77956805858 0.20236264748223928 7.6613629767844476 0.03151709937383622 -0.04710395374562046 0.2622711239297902 0.13153970414310998 0.0249622210653657 1.481 0.879 0.017 0.709
J-c-o-ztfr 1D3 True F99 58726.875114819384 0.1578081966903078 7.637224745483375 0.05588801288030286 0.028436747433890464 0.2832962514699537 0.12828171418588327 0.03714347332174557 1.691 1.598 0.007 0.014
J-c-ztfg 1D3 True F99 58726.77217527261 0.18521679408701344 7.62053353643177 0.034132085995675486 -0.1683802333008338 0.4676331251861033 0.12773027273337417 0.028122217307499295 1.634 1.54 0.048 0.071
J-c-ztfg-ztfr 1D3 True F99 58726.78119757583 0.1536441665878192 7.623675025390721 0.03083009419567637 -0.05186544885093792 0.27610204392938964 0.1319837801626274 0.024269603267797694 1.293 1.232 0.121 0.169
J-c-ztfr 1D3 True F99 58726.846319471224 0.16508417810772408 7.6340213877430685 0.05609771907001877 0.04874909992430071 0.3277544868875281 0.13577555443732908 0.03712337888045242 2.024 1.916 0.005 0.009
J-o 1D3 True F99 58726.89725113876 0.1904025139088616 7.761724638489257 0.12968009724538795 0.0389162109577241 0.5952401016154277 0.17764073067588346 0.06113097264343979 2.885 2.766 0.0 0.0
J-o-ztfg 1D3 True F99 58726.82251676398 0.1752155681311194 7.621254168610539 0.035453091530024405 -0.18357515686559445 0.37471591138241206 0.11398914676107172 0.025292968952805504 1.809 1.588 0.005 0.025
J-o-ztfg-ztfr 1D3 True F99 58726.816660851095 0.1477151679607705 7.620007183989935 0.03272860988048076 -0.061709444490413407 0.2546028292152843 0.12052612146806659 0.023777387744839167 1.442 1.358 0.029 0.057
J-o-ztfr 1D3 True F99 58726.87568972351 0.15877213991799027 7.631454019113089 0.07954607094828865 0.004750537748532223 0.29627774797654083 0.12555426958110638 0.04845695620833584 1.903 1.793 0.002 0.004
J-ztfg 1D3 True F99 58726.76954682642 0.18556639039886713 7.611246143280942 0.03792695201230733 -0.2913190854412705 0.5086974866647771 0.12674637158109764 0.02812437975257946 2.087 1.972 0.012 0.019
J-ztfg-ztfr 1D3 True F99 58726.779168961715 0.1543190907414785 7.6178628591290884 0.03320924026208979 -0.08801994701193719 0.28492183256721826 0.1302935861046902 0.024560907510416945 1.453 1.385 0.054 0.081
J-ztfr 1D3 True F99 58726.843906004986 0.1673801466969606 7.611009775358545 0.08157847293178061 -0.0020962179039948786 0.34723697467110565 0.12421716644550079 0.04837751477464085 2.52 2.402 0.001 0.002
o  True F99 58726.94139302619 0.8141187743083547 6.1348494384746886 5.143404214207062 0.4475244804054907 1.539747642533772 -0.967225959665797 3.7935513563354863 1.422 1.414 0.147 0.151
o-ztfg  True F99 58726.70114716909 0.31339200056631755 7.6086811442576 0.03698010681069973 -0.056082532917559706 0.39499781970352216 0.07673369572612002 0.040136766449657316 0.855 0.848 0.671 0.681
o-ztfg-ztfr  True F19 58726.77398222085 0.22019270881938577 7.6532407527790305 0.03610862198920683 -0.060345169774322374 0.2741384013477838 0.12417537369304016 0.03183661972868766 1.077 0.912 0.34 0.631
o-ztfg-ztfr  True F99 58726.77018083849 0.2050023129332898 7.613494071352206 0.0353981804187792 -0.04152343273411237 0.2607662183720181 0.11111272074583953 0.030860787946514468 0.951 0.921 0.56 0.616
o-ztfr  True F99 58726.8559018262 0.25307996163592283 6.93777460938122 0.48666492289314167 0.13187910199258587 0.3166145500017574 -0.38856472327989616 0.363311174876369 1.161 1.149 0.257 0.27
ztfg  True F99 58726.002019216074 0.38266187172190325 10.019652591393179 3.872684491372219 -0.986436870718225 0.5277421476535231 4.87577881305608 5.771141339522231 0.224 0.221 0.994 0.994
ztfg-ztfr  True F19 58726.68566776954 0.23772226078745273 7.658901265165379 0.03734800783916676 -0.1284034547438781 0.3090128217765423 0.14690124778396463 0.035869623057501486 0.872 0.728 0.651 0.839
ztfg-ztfr  True F99 58726.684586478324 0.22039100125615765 7.619379561519646 0.03657187368274506 -0.1132817170903394 0.29259526129733304 0.13418212524576895 0.034743615527227795 0.711 0.7 0.857 0.868
ztfr  True F99 58726.26918968465 0.34767536646064967 -7.547482150741839 4.3524149904133 0.07036695806838171 0.3796852291991865 -13.23148541170395 4.1981187804466265 0.448 0.442 0.934 0.938