bps_used variant success reddening_law calibration Tmax e_Tmax DM e_DM st e_st EBVhost e_EBVhost rchi2_data rchi2_data_model fitprob_data fitprob_data_model
c-o  True O94 0 59345.1761959438 0.5450518983271246 34.89321700565263 0.10128897179740369 1.0724584797678631 0.04800634141110334 0.10883425371704913 0.06817614492254755 3.972 3.348 0.0 0.0
c-o  True F19 6 59345.17923247233 0.5451144505538452 34.92409010977071 0.09874508122236675 1.0724343096221736 0.04801451108579929 0.06789011796385648 0.06757701473373663 3.978 3.353 0.0 0.0
c-o-ztfg  True F19 6 59345.2690812485 0.39938803383432914 34.803481437517526 0.08818158285958891 1.0307493712934408 0.036606818690141096 0.11250951472288252 0.06310704524877837 4.287 3.705 0.0 0.0
c-o-ztfg-ztfr  True O94 0 59345.215402996604 0.3905320081559965 34.7787265006987 0.09319467603069995 1.0410080183353936 0.03495171066268321 0.1631732996559775 0.062410605850864054 3.097 2.656 0.0 0.0
c-o-ztfg-ztfr  True F19 6 59345.23165118785 0.38042108118925994 34.8145229646332 0.08661787313076165 1.0369047438685899 0.03383098978777326 0.11107434871937862 0.0620359772959007 3.119 2.674 0.0 0.0
c-o-ztfr  True F19 6 59345.08170507023 0.4206727476008747 34.92069477594473 0.08838546368774211 1.0721410657266357 0.03635016561905521 0.06668958045795771 0.06335902264941377 2.193 1.826 0.0 0.0
c-ztfg-ztfr  True F19 6 59345.33593458307 0.37855590079368934 34.7462199273677 0.0912139589298346 1.0183204540974244 0.033298143168294936 0.13433860855146165 0.06285800103513194 2.192 1.941 0.0 0.0
J-c-o 1D3 True F19 6 59345.21351372636 0.4856479741099419 34.798614237336174 0.09917659494845733 1.045186106553157 0.04160537641088668 0.13484192694017041 0.06794124348397827 8.244 6.646 0.0 0.0
J-c-o-ztfg 1D3 True F19 6 59345.172981166885 0.39189254226890136 34.748519316521076 0.09104664776475432 1.0224919172112947 0.03575574552381859 0.1434234355897464 0.0627180170578568 5.475 4.547 0.0 0.0
J-c-o-ztfg-ztfr 1D3 True F19 6 59345.19331924965 0.37607451167420236 34.76057103074512 0.0893290181327567 1.0278561213401527 0.033383111454148094 0.1411321711664243 0.061895158149431 3.963 3.294 0.0 0.0
J-c-o-ztfr 1D3 True F19 6 59345.18089588975 0.4128991898435485 34.80505356190731 0.09252293138052671 1.0458294422234187 0.035088572263292504 0.13221743927598606 0.0642909946054439 4.456 3.588 0.0 0.0
J-c-ztfg-ztfr 1D3 True F19 6 59345.316436522924 0.3697935060919566 34.662270747561635 0.09301708656328143 1.0055360277356453 0.03251491639806665 0.17368037602543018 0.06168184172097123 2.54 2.196 0.0 0.0
J-o-ztfg-ztfr 1D3 True F19 6 59345.10827100278 0.366349532172155 34.77623656727588 0.09291671899044043 1.0496940533854935 0.033199812093186794 0.18066373005561043 0.06155505421472351 2.508 2.021 0.0 0.0
J-ztfg-ztfr 1D3 True F19 6 59345.15409228876 0.3570190136059671 34.70294389505936 0.0952927252769316 1.0346046281273298 0.0320797287015329 0.20023047885889403 0.060851310876270666 1.217 0.961 0.136 0.553
o-ztfg-ztfr  True F19 6 59345.069209030975 0.3655628832415672 34.85820719873578 0.08834455263693687 1.070702537518719 0.033673112830999025 0.14006746766647624 0.06134154511969753 1.544 1.282 0.003 0.059
ztfg-ztfr  True O94 0 59344.99552593743 0.3567793622415799 34.77290250927337 0.09670225966278895 1.0788909906649424 0.033441691132231825 0.20339667227368713 0.061036221351077155 0.57 0.443 0.993 1.0
ztfg-ztfr  True F19 6 59344.99737536063 0.3531208777864239 34.83111891444426 0.08999691756801001 1.0787659388929682 0.03270544412919483 0.15735039501119158 0.06075345183259112 0.569 0.444 0.993 1.0