bps_used variant success reddening_law t0 e_t0 x0_mag e_x0_mag x1 e_x1 c e_c rchi2_data rchi2_data_model fitprob_data fitprob_data_model
c  True F99 58646.19594943302 1.5354267706109972 7.9330385484168655 3.013629454905024 -2.3148311576032494 9.256481513763246 -1.9052902759347408 4.048852950202081 -1 -1 -1 -1
c-o  True F19 58642.97084028427 0.7001503746998523 8.094051850720636 0.13421169305590536 1.751301938555177 0.7900467808840252 0.018766226556504804 0.10213645718210143 0.515 0.481 0.962 0.975
c-o  True F99 58642.97393267843 0.6875167782056387 9.126255131735215 0.13025417028002265 1.7980590233309508 0.7746202253396294 -0.0016017238684581034 0.09930953469401753 0.4 0.397 0.992 0.992
c-o-ztfg  True F19 58641.66723946858 0.33291925363217234 8.077117525047843 0.04381027301001794 0.48532042734236885 0.39606272960360245 0.04168471432761356 0.04312232618282275 0.776 0.704 0.834 0.911
c-o-ztfg  True F99 58641.66592794876 0.32755069865996117 9.107244190592723 0.04334034720739872 0.49326711363067455 0.3897205961046517 0.020081830823296808 0.04246521444212258 0.565 0.561 0.985 0.986
c-o-ztfg-ztfr  True F19 58641.98755459102 0.2627933209161657 8.021487014606427 0.0401407564526328 0.7047086314565125 0.2967770058156752 0.05565212356058285 0.033672682971051984 0.52 0.489 0.999 1.0
c-o-ztfg-ztfr  True F99 58641.98730109487 0.25546957733204684 8.023485329411194 0.039617500005374055 0.7121476507946447 0.29015665523246076 0.05216668095675016 0.03318518987288736 0.52 0.512 0.999 1.0
c-o-ztfr  True F19 58642.75451882406 0.3617120727504862 8.053940966714187 0.11195573126920874 1.2438147755774063 0.3971085832719406 0.017787163455458204 0.09047934726744358 0.502 0.438 0.998 1.0
c-o-ztfr  True F99 58642.74822546057 0.3495952448536133 9.084985990940247 0.10835868047125374 1.268097985270645 0.38772639061302655 -0.002410362956217225 0.08769195833995656 0.353 0.348 1.0 1.0
c-ztfg  True F99 58641.53565906908 0.3748905281603162 9.09486595847152 0.04718097116369389 0.2649152400233882 0.4726347241748136 0.05408361647857536 0.1506311710484421 0.672 0.665 0.815 0.821
c-ztfg-ztfr  True F19 58641.922780044406 0.27686138395392146 8.08738628052351 0.04109538510346194 0.564123646401939 0.32079734331513227 0.0879567232369059 0.03755298432293822 0.797 0.704 0.823 0.926
c-ztfg-ztfr  True F99 58641.93367120012 0.2689486151722124 9.117444997767105 0.04058752151535471 0.5704970588632041 0.31352282727652514 0.06764256523188876 0.03698159506524572 0.538 0.534 0.994 0.994
c-ztfr  True F99 58642.70670200685 0.38944576416285187 9.098762391473596 0.11887511849258368 1.096973741158011 0.4449131756636105 0.026819055191626244 0.10131622604677984 0.339 0.336 0.999 0.999
J 1D3 True F99 58647.69480166756 3.4876969390155708 7.440296079201008 58.79608359668403 -25.96091287160752 62.60259595046339 0.12497131212674054 23.286151103190196 -1 -1 -1 -1
J-c 1D3 True F99 58645.510470803914 0.6436694950927538 6.085132355555544 0.9388955048553967 -5.191833488538851 1.0633231521376976 -0.7559382141837886 0.35014105603132994 0.26 0.25 0.771 0.779
J-c-o 1D3 True F99 58643.15282073723 0.6808738214990043 7.942930137271456 0.10238602950450168 1.725395048551153 0.7735591509190067 -0.08003924550727279 0.06014154393493917 0.486 0.453 0.981 0.988
J-c-o 2D True F99 58643.13916100711 0.6819796570977091 7.9472632083150065 0.10643701827904783 1.728126977156407 0.775610031747781 -0.07584456073493914 0.06667638633512833 0.463 0.447 0.987 0.989
J-c-o-ztfg 1D3 True F99 58641.669797474904 0.32266678193118276 8.003351515254082 0.041668958183707173 0.5116254041380977 0.39088497524942 0.00570778734651993 0.029952185755669675 0.627 0.614 0.969 0.974
J-c-o-ztfg-ztfr 1D3 True F99 58641.901852156334 0.2502668383518384 8.0023370485938 0.03675551474540559 0.7118900788578648 0.2925807857027208 0.018541219949603442 0.02610513822457904 0.676 0.574 0.98 0.998
J-c-o-ztfg-ztfr 2D True F19 58641.926239233784 0.25942796902154436 8.007597390581578 0.03818361718688059 0.718720717513599 0.2979992961281898 0.032954335545240604 0.029036547019959984 0.608 0.517 0.995 1.0
J-c-o-ztfg-ztfr 2D True F99 58641.929005245336 0.2594207836403191 8.080645041024196 0.038240531192461354 0.7178853131640639 0.29797258292816936 0.05100460628040672 0.0291031816948842 0.767 0.641 0.921 0.99
J-c-o-ztfg-ztfr 2D True O94 58641.9289885105 0.25940425742499923 8.080643716304952 0.038236522758157046 0.7179414380920995 0.2979578546353198 0.05099887375242223 0.029097216884835263 0.785 0.655 0.901 0.987
J-c-o-ztfr 1D3 True F99 58642.81880285728 0.3491862086147598 7.911160018710318 0.07069237094969878 1.299141453417476 0.39074113268744676 -0.06994103333706306 0.04850187698530386 0.409 0.387 1.0 1.0
J-c-ztfg 1D3 True F99 58641.56540752762 0.3777839135962785 7.9933945468308965 0.04594661404037903 0.33151190285119714 0.4607113578182706 0.0005580960963274472 0.035973879141236675 0.778 0.769 0.729 0.739
J-c-ztfg-ztfr 1D3 True F99 58641.84030749588 0.26540129760556824 7.997273242231733 0.03823843805208483 0.6113592503765019 0.31741121189463883 0.024051553638060816 0.027418246266351236 0.772 0.64 0.862 0.97
J-c-ztfr 1D3 True F99 58642.82300088406 0.38983495355878683 7.899703869777101 0.07631168689098888 1.1758357721031467 0.4519540178355664 -0.07160701370573375 0.05029921497418089 0.463 0.423 0.994 0.997
J-o 1D3 True F99 58643.10909530909 0.8441159664343723 7.880742453978606 0.13310463440153483 1.919604679732432 0.8742385264044935 -0.11251485191321377 0.08163648466583728 0.439 0.433 0.985 0.986
J-o-ztfg 1D3 True F99 58641.53261188224 0.33320520506368023 7.9923401288779745 0.04296669546949231 0.3578223560540495 0.39243500822529226 0.0037682885617941627 0.030080418560140456 0.533 0.526 0.991 0.992
J-o-ztfg-ztfr 1D3 True F99 58641.83229269157 0.2551726588794709 7.99803911382018 0.0382099518047324 0.6430404174629897 0.2943372776874262 0.01913071945666392 0.02662993228828703 0.613 0.539 0.993 0.999
J-o-ztfr 1D3 True F99 58642.71054108598 0.3646231260378745 7.838120193307817 0.08924554504893054 1.239902407075522 0.39610363391931885 -0.11576497966460535 0.06079786348252146 0.358 0.353 1.0 1.0
J-o-ztfr 2D True F99 58642.695850378026 0.36521453519418967 7.807984740170616 0.11321012997148623 1.2348668121925332 0.39618599712011865 -0.13969174772695273 0.08250172764794536 0.349 0.345 1.0 1.0
J-ztfg 1D3 True F99 58641.388232395824 0.3974931542599085 7.977210020491953 0.04717242115623095 0.12187982798027155 0.4584500693485954 0.0008697031772003201 0.03647323094076181 0.531 0.523 0.925 0.93
J-ztfg-ztfr 1D3 True F99 58641.72034659234 0.2691481204329979 7.986048315797065 0.03934511555726162 0.519361339671328 0.31750812749030444 0.019251684417916283 0.027498810960914354 0.735 0.589 0.895 0.983
J-ztfg-ztfr 2D True F99 58641.74197815973 0.272006835014832 7.989381547264458 0.03995383248912283 0.5131013266985234 0.3170634833251127 0.026109498778627956 0.030281709182069825 0.623 0.575 0.972 0.987
J-ztfr 1D3 True F99 58642.684108718146 0.40879792771385365 7.833250043218171 0.09537908369966921 1.0876146893365242 0.4550996110253295 -0.10844308645139625 0.06237146435428656 0.364 0.36 0.999 0.999
o  True F99 58642.8761686099 0.8134801906625068 6.508467626151745 2.5698696828549603 2.450474145772155 1.1299476808445197 -2.12220192565931 2.238229745419212 0.36 0.357 0.994 0.994
o-ztfg  True F99 58641.50992825662 0.3380139371265627 9.092958311810523 0.04459063436181971 0.3337574653558752 0.39188433074568735 0.010775774739691501 0.04268218970338439 0.463 0.46 0.997 0.997
o-ztfg-ztfr  True F19 58641.90091834437 0.26957608289532253 8.087082803026403 0.04179528640767884 0.6379781423868534 0.2984590920438694 0.0691441480966887 0.03432868639844817 0.679 0.598 0.974 0.995
o-ztfg-ztfr  True F99 58641.90797106143 0.2625908514328084 9.117473797833071 0.04140031964185479 0.650054777501011 0.29239509137246444 0.04835858591752308 0.03391603844371281 0.49 0.481 1.0 1.0
o-ztfr  True F99 58642.631049171854 0.3676807402713263 8.56139215223817 0.5695769698603546 1.2409628234131125 0.40133275470921354 -0.42115370794944906 0.46411950495537696 0.318 0.315 1.0 1.0
ztfg  True F99 58641.74770437833 0.713813383375793 9.188865987965809 0.3235259533978123 0.5084686039481828 0.6901962087381747 -0.9198350555965467 1.3590090696295376 0.298 0.295 0.99 0.99
ztfg-ztfr  True F19 58641.81072156988 0.28307157835419783 8.07631632607017 0.042564527344796134 0.46445164786544757 0.3224094905847645 0.08102728638361023 0.03803082036709935 0.737 0.643 0.882 0.957
ztfg-ztfr  True F99 58641.82169373926 0.27484278390553424 9.106260597065445 0.04212886778313427 0.46954821396982344 0.3150072484750165 0.06056490979918511 0.037497416813725926 0.478 0.474 0.997 0.998
ztfr  True F99 58642.69222280859 0.4238651818021806 5.980602294859683 1.9454861303143207 1.5147425166311934 0.5730240039953969 -2.686391788551965 1.7798351607860503 0.219 0.218 1.0 1.0