bps_used variant success reddening_law t0 e_t0 x0_mag e_x0_mag x1 e_x1 c e_c rchi2_data rchi2_data_model fitprob_data fitprob_data_model
c  True F99 58911.74033436456 1.8544576520876268 5.907740519332006 1.4519150998510413 -6.39173340254616 2.690344699886767 0.25789990605488583 0.7479876120325155 0.469 0.465 0.493 0.495
c-o  True F19 58918.86816006189 0.8291107145238131 7.333263435231256 0.21816948307840375 0.10047725502369412 0.8826654139873524 -0.3395210911159615 0.1595748002554714 1.254 1.177 0.239 0.293
c-o  True F99 58918.8641535934 0.7940497464663826 7.186482424422246 0.21217668074876028 0.11618481575267567 0.8667482964696758 -0.38080586767368363 0.1547519264574022 0.772 0.771 0.68 0.681
c-o-ztfg  True F19 58919.98231414385 0.42015191688748205 7.479830512982781 0.09720999068445343 -0.26314985747606556 0.5919858117935162 -0.2037021189840923 0.07503598110694422 1.419 1.316 0.116 0.171
c-o-ztfg  True F99 58919.97328954832 0.4060641091418693 7.3357230007148075 0.09464201228125937 -0.2644479919665005 0.573172951524298 -0.2417942845802625 0.07251085446557831 0.865 0.859 0.616 0.623
c-o-ztfg-ztfr  True F19 58919.9490508287 0.3648576391526337 7.34394387798343 0.09311411167048064 -0.18436125709256607 0.5090386781094993 -0.22420015503723387 0.06729284494896356 0.731 0.691 0.804 0.846
c-o-ztfg-ztfr  True F99 58919.94190220609 0.351406516476978 7.348870606028067 0.09084212568287792 -0.18885976473551247 0.49163800715468814 -0.22745135569920272 0.06556476601813627 0.731 0.726 0.805 0.811
c-o-ztfr  True F19 58919.07445487701 0.6788424900287939 7.390377547398039 0.18029831860750503 0.3494342328622733 0.7112360884160136 -0.310716416452 0.142012259205846 1.138 1.054 0.312 0.394
c-o-ztfr  True F99 58919.063304494324 0.6538714001123114 7.242739007931117 0.17511391695446205 0.3660047884784945 0.6949733449144075 -0.35254620660715674 0.1373951801995239 0.602 0.601 0.885 0.886
c-ztfg  True F99 58920.77636767968 1.0282087185195659 7.205253226511902 0.20170623842747148 -0.45626712483280923 1.1230969363065288 -0.4888843402795511 0.4807805071645074 0.546 0.544 0.742 0.743
c-ztfg-ztfr  True F19 58920.24406782257 0.3945436776792757 7.447943608467893 0.10510891451530867 -0.41392000082328506 0.6119241068183244 -0.18507099897711038 0.08453603226352385 1.292 1.185 0.228 0.295
c-ztfg-ztfr  True F99 58920.24819675833 0.3792365650441311 7.301254633840161 0.10159768632041263 -0.4211509631686944 0.5825360489264568 -0.22489706455711062 0.08174848565169512 0.383 0.381 0.955 0.956
c-ztfr  True F99 58918.82566666038 1.9242563418143717 7.263938952915135 0.250708466727396 0.9395328813525262 1.617362990988667 -0.3746135861246167 0.2622682672359302 0.281 0.281 0.924 0.924
J 1D3 False F99 58918.522112 6.987253111792634 7.8847808837890625 35.26745134285025 0.0 -1.0 0.0 16.748126287026416 None None None None
J-c 1D3 True F99 58914.66988239112 2.3285251438623944 6.405797699714157 1.196888505866324 -3.36145226830311 4.962426356899363 -0.349100218004229 0.3190884484836598 0.357 0.354 0.7 0.702
J-c-o 1D3 True F99 58919.44770284579 0.5512605484948391 7.37750788271609 0.11899652136926261 0.31035332948890143 0.8108235288485646 -0.22289695604168291 0.05693441956106592 0.827 0.805 0.632 0.655
J-c-o 2D True F99 58919.50328697513 0.5614631463685057 7.397401800800205 0.12482547918232025 0.3271377849992001 0.8080091254190794 -0.2064614597871982 0.06507095141791461 0.85 0.832 0.606 0.627
J-c-o-ztfg 1D3 True F99 58919.97348006924 0.40604511168203794 7.3378279999068035 0.08345804845203413 -0.26047233493170885 0.5672606617986133 -0.23912681123304494 0.04514633737582862 0.818 0.812 0.681 0.688
J-c-o-ztfg-ztfr 1D3 True F99 58919.937923735866 0.34942502655100705 7.344244409420758 0.07963655895894323 -0.19666810296810155 0.48578965115069606 -0.23265109485539637 0.04396856543113237 0.699 0.693 0.846 0.851
J-c-o-ztfg-ztfr 2D True F19 58919.95366608894 0.3636871160869386 7.3493317970627565 0.0856943353313829 -0.1770445373016394 0.5064613721071848 -0.21788679880224887 0.051854540367907646 0.7 0.661 0.844 0.881
J-c-o-ztfg-ztfr 2D True F99 58919.954046377505 0.36362710865950487 7.502375836486323 0.08595109232845041 -0.17334391472387667 0.5065408338441271 -0.1783896229956688 0.05208545899540577 1.203 1.105 0.232 0.331
J-c-o-ztfg-ztfr 2D True O94 58919.95392982207 0.36357231082497105 7.502413903214106 0.08593599738132435 -0.1732125938435753 0.5064900317942828 -0.17837322505088832 0.05206754563830855 1.257 1.15 0.188 0.283
J-c-o-ztfr 1D3 True F99 58919.48284171344 0.4605206187890005 7.389011153987191 0.10619802717618841 0.36427554570340853 0.6635844441510375 -0.2219883553575983 0.05642256605691175 0.643 0.628 0.86 0.873
J-c-ztfg 1D3 True F99 58920.34548418952 0.49488667240962625 7.276077930816095 0.10350689044020615 -0.500955046860416 0.7581910889819694 -0.2687277415602425 0.04808518979087753 0.424 0.421 0.888 0.89
J-c-ztfg-ztfr 1D3 True F99 58920.22656961721 0.3771029865316149 7.281611001954393 0.09145169784582188 -0.4420453258381475 0.5784289871214111 -0.2571051865989158 0.045905230268489916 0.378 0.367 0.965 0.969
J-c-ztfr 1D3 True F99 58919.730571702225 0.6518992115367009 7.372852061087071 0.14989942470802167 0.4016870780545826 1.1622655283607484 -0.22752566623571924 0.06393893847052366 0.289 0.287 0.942 0.943
J-o 1D3 True F99 58918.90764884233 0.7576361133251321 7.510376971792654 0.17768010652765523 -0.02698961151825898 0.8846754125261712 -0.1473216520034299 0.09343176957947333 0.977 0.975 0.452 0.453
J-o-ztfg 1D3 True F99 58919.770370188926 0.5642318088413403 7.361184699896766 0.09982773966079102 -0.4057232554439092 0.5986461782849845 -0.22406361438154193 0.05626703594791458 0.986 0.98 0.462 0.468
J-o-ztfg-ztfr 1D3 True F99 58919.803240171444 0.4649393683599865 7.364537285167254 0.09735611086223492 -0.2686328201764877 0.4973371872338332 -0.22164589955423702 0.05401763670764121 0.799 0.793 0.696 0.704
J-o-ztfr 1D3 True F99 58919.05342684907 0.6576428804106178 7.506884590421825 0.15608802978826514 0.27429532343100543 0.6962991760920041 -0.15507182491419835 0.08486067887609831 0.684 0.683 0.769 0.77
J-o-ztfr 2D True F99 58919.05373634078 0.6558823499109205 7.552915134296317 0.16598727555549328 0.2648297902460822 0.6943415032931375 -0.12086605523079533 0.09457662885841372 0.685 0.684 0.768 0.769
J-ztfg 1D3 True F99 58921.15252534476 0.8085016581620855 7.051778097928924 0.236752340289579 -1.129515681385198 1.0306159918755478 -0.35894871526211025 0.09391990245779147 0.001 0.001 0.975 0.975
J-ztfg-ztfr 1D3 True F99 58920.50669956072 0.5595217866000888 7.214966363977275 0.13387787009884558 -0.5183044757364409 0.5742952968935072 -0.28540713723734046 0.06170343524760129 0.343 0.321 0.914 0.927
J-ztfg-ztfr 2D True F99 58920.63951221212 0.7067041158258545 7.186561410313409 0.20791022096621034 -0.6724328333389213 0.8910604008122951 -0.2801780976296395 0.08440181151186721 0.339 0.333 0.889 0.893
J-ztfr 1D3 True F99 58919.029465679974 1.8773630547766857 7.536106360102585 0.39728648942856404 0.7383293106846962 1.627771254892741 -0.14912976810988782 0.1931841477453481 0.095 0.095 0.758 0.758
o  True F99 58919.24583357417 0.8611875311115033 10.226233918638775 4.110575347426335 -0.6736915583417895 1.1736730592009623 1.6569638012956545 2.5558303801371163 1.065 1.064 0.383 0.384
o-ztfg  True F99 58919.771013662204 0.5649199912812146 7.358528155587459 0.11104776831753864 -0.4100005519278087 0.6033480051457508 -0.22729280458812068 0.08175331899288714 1.068 1.062 0.382 0.388
o-ztfg-ztfr  True F19 58919.82825629317 0.4788380844314106 7.512760172444081 0.11262746697051527 -0.25004724736313444 0.5183403012371611 -0.17745946787316308 0.0771998153367018 1.439 1.328 0.113 0.169
o-ztfg-ztfr  True F99 58919.805153610745 0.4641537281050494 7.371970267747099 0.10971070770008987 -0.2579566359689159 0.5029479361760743 -0.2138250100945817 0.07529710363981498 0.847 0.841 0.632 0.639
o-ztfr  True F99 58919.053208525125 0.6591895224859561 7.451866162260278 0.8254070351853021 0.28547337362644587 0.7177572840222557 -0.19604801776539854 0.6103745092637413 0.745 0.744 0.695 0.697
ztfg  True F99 58920.93990307974 1.9281514900369174 7.107333889383987 0.6977922015476732 -1.2813478531371194 1.6982266763889087 0.097512373832494 4.004482332692212 -1 -1 -1 -1
ztfg-ztfr  True F19 58920.70448332456 0.7453735484232026 7.326669282398882 0.21483051763187452 -0.729449976844965 0.9237928599780074 -0.2260702970384153 0.09871648289716614 2.0 1.78 0.092 0.13
ztfg-ztfr  True F99 58920.70639345456 0.7262546287770902 7.180712890512579 0.2104848917061628 -0.7269100429307669 0.8986241199848798 -0.2662901599650238 0.09596194724102222 0.395 0.392 0.812 0.814
ztfr  True F99 58919.18101117448 1.7404521594508142 25.12371038169454 45.88705920203106 -0.12920203886384526 1.0672028263989102 11.656510904400971 28.5207258340904 -1 -1 -1 -1