bps_used variant success reddening_law calibration Tmax e_Tmax DM e_DM st e_st EBVhost e_EBVhost rchi2_data rchi2_data_model fitprob_data fitprob_data_model
c-o  True O94 0 60077.371477143744 0.38006485904675996 34.85763243336528 0.09373690917987786 0.7334725968145985 0.03837771473177422 0.07079131427248211 0.06466945209194602 1.044 0.939 0.405 0.515
c-o  True F19 6 60077.372251723165 0.38014975418740315 34.91233796424005 0.09031473665230536 0.7334599114670837 0.038394705254027446 0.06441569590864316 0.06378301170024694 1.047 0.942 0.402 0.512
c-o-ztfg  True F19 6 60077.546365705755 0.3595370628699542 34.828981668763504 0.08688126801774741 0.7102128807000424 0.033657249986659976 0.0938975786127669 0.06179068536848067 1.525 1.346 0.035 0.101
c-o-ztfg-ztfr  True O94 0 60077.47624126364 0.35609529067971896 34.77462423344224 0.08630679329434869 0.7134257806893148 0.03213417439462455 0.07686015346544585 0.06179145058812811 1.174 1.033 0.198 0.41
c-o-ztfg-ztfr  True F19 6 60077.52739692587 0.35385109196622067 34.83937683180742 0.08589919976435581 0.7192728307340018 0.031921043866660226 0.09192486686636486 0.06121040383866663 1.211 1.07 0.157 0.347
c-o-ztfr  True F19 6 60077.48869562213 0.35221124062976883 34.90408226347811 0.08660994640096739 0.7421929412527065 0.03156734920791964 0.07768301699926915 0.06151251906045863 0.672 0.607 0.912 0.955
c-ztfg-ztfr  True F19 6 60077.65972628642 0.38395211451076666 34.81981236795369 0.08936051573277355 0.7121145187268688 0.03344144628146484 0.10081146694422126 0.06286398289460395 1.261 1.114 0.144 0.299
J-c-o 1D3 True F19 6 60077.40124115267 0.36687323426198476 34.914965321267466 0.08786535146088215 0.7343940458237467 0.03586916783932066 0.057527725186544976 0.06188338314027167 1.033 0.925 0.417 0.544
J-c-o-ztfg 1D3 True F19 6 60077.53718667389 0.3602292001470098 34.85267686995666 0.08621170887421323 0.7110184360525807 0.03381788114959302 0.07932047261374679 0.06155325462283224 1.611 1.424 0.016 0.057
J-c-o-ztfg-ztfr 1D3 True F19 6 60077.53203263495 0.3547041188905479 34.85896323203509 0.08561813708404374 0.71950568024218 0.03206445038584737 0.07928497855275564 0.06112432201355543 1.319 1.165 0.068 0.202
J-c-o-ztfr 1D3 True F19 6 60077.483806410055 0.35184228286719793 34.91278076392333 0.08644763713735043 0.7418984136667462 0.03153828573254932 0.06500952250810643 0.06115145547395369 0.673 0.604 0.923 0.964
J-c-ztfg-ztfr 1D3 True F19 6 60077.74265926509 0.3809888042706799 34.857832203705534 0.08725185588296946 0.7078907105348309 0.033788571994089744 0.07631521687371431 0.06213302039831852 1.46 1.284 0.037 0.118
J-o-ztfg-ztfr 1D3 True F19 6 60077.476476158045 0.34813783564687034 34.87665123146145 0.08587611714423125 0.7334135103250132 0.03116156109135599 0.10020939119378627 0.06070914680654873 0.655 0.585 0.959 0.985
J-ztfg-ztfr 1D3 True F19 6 60077.59053152014 0.3563167350736352 34.87837317215367 0.08534514217314353 0.732557490918966 0.031330296181014496 0.10033641026500144 0.060740170026777854 0.429 0.384 0.997 0.999
o-ztfg-ztfr  True F19 6 60077.44890024676 0.3480895242996924 34.87129334367177 0.08575199356553513 0.7346047332785275 0.031127408964210204 0.10686757343068373 0.06080037976715904 0.628 0.565 0.966 0.987
ztfg-ztfr  True O94 0 60077.41881082145 0.35180820343979796 34.78830991573039 0.08557089269568553 0.7388264782655171 0.0307731191025693 0.11851179873609913 0.06086544639332297 0.215 0.195 1.0 1.0
ztfg-ztfr  True F19 6 60077.419161835336 0.35098818603503734 34.83283640101222 0.08604564936711546 0.7387956232376792 0.030719394441394335 0.12753081931671748 0.06058591393584247 0.215 0.194 1.0 1.0