bps_used variant success reddening_law t0 e_t0 x0_mag e_x0_mag x1 e_x1 c e_c rchi2_data rchi2_data_model fitprob_data fitprob_data_model
c  True F99 58627.41849252691 1.7026727829129025 9.984746874995915 2.643176149420816 -1.818301956929277 1.053182748447548 2.9518689480592832 2.5551683460555505 -1 -1 -1 -1
c-o  True F19 58630.42015272532 0.28352485855574894 6.415719486058081 0.06830810717038291 0.7192620704796295 0.24655118232315498 -0.013845432493938787 0.053025945670358794 1.525 0.824 0.058 0.692
c-o  True F99 58630.466516610744 0.22861360673912698 7.469454998396747 0.057323544820405706 0.7590655350588617 0.2094254188274507 -0.025219186609208903 0.045526323941567755 0.966 0.929 0.504 0.553
c-o-ztfg  True F19 58630.57859291287 0.18646563888684178 6.35994759920662 0.034912850022947806 0.646164207838299 0.17704571951781245 -0.053190589984777346 0.0302428587164308 1.452 0.859 0.037 0.712
c-o-ztfg  True F99 58630.641796193726 0.1448987527729814 7.422431827829517 0.03185349554935092 0.6564786989253552 0.15357274986342329 -0.05806673859830079 0.027900227646412104 0.966 0.897 0.528 0.648
c-o-ztfg-ztfr  True F19 58630.597680418396 0.14901909255121898 6.308186633217174 0.03216325279789551 0.5676687154147495 0.13840527076527967 -0.0555482769050024 0.02594924673388068 0.8 0.549 0.858 0.998
c-o-ztfg-ztfr  True F99 58630.63496152942 0.11555181542306109 6.317748399773316 0.029358175970228304 0.5706847024934043 0.11939728349539962 -0.05117956439085797 0.024027710366030103 0.796 0.736 0.864 0.931
c-o-ztfr  True F19 58630.54943413368 0.18441733496464202 6.42510659296159 0.06522372442861378 0.5637308238602018 0.1648918860373338 0.006542057865889553 0.0493493615121911 1.137 0.644 0.255 0.961
c-o-ztfr  True F99 58630.5788387352 0.14464567423142952 7.477873642183729 0.05452864672164611 0.577605108420127 0.14092145979232384 -0.0064349173943975425 0.04207886320246334 0.763 0.718 0.86 0.908
c-ztfg  True F99 58630.77230369514 0.19495643829103976 7.353097270668663 0.04526901586651593 0.515702854141225 0.1961870752781232 -0.20020683845115028 0.08389783758491091 0.716 0.697 0.771 0.79
c-ztfg-ztfr  True F19 58630.64075855972 0.179128057572487 6.3525976508967545 0.0340904171180553 0.4532292659338818 0.1581530732469583 -0.03977900038350103 0.03159476601191679 1.177 0.705 0.22 0.899
c-ztfg-ztfr  True F99 58630.65386874246 0.13688331865073344 7.408572027873348 0.03117389559981201 0.4429400364088978 0.138285863503993 -0.050127211501995665 0.029623284669313545 0.697 0.608 0.906 0.965
c-ztfr  True F99 58630.5939158028 0.18755845238215016 7.49392476100479 0.06169028146276838 0.3445367943640145 0.17584795789988755 0.02635193611245401 0.05360317677736933 0.444 0.429 0.979 0.982
J 1D3 False F99 58626.15411651552 -1.0 4.779481057674933 -1.0 -30.19737458808646 -1.0 -0.3717038044004354 -1.0 None None None None
J 2D False F99 58626.37913945815 -1.0 4.355260239350225 -1.0 -30.293723011186657 -1.0 -0.5243829192668141 -1.0 None None None None
J-c 1D3 True F99 58628.271217758156 0.16624333817380674 6.131750612063165 0.05798617485565056 0.4469964826270004 0.5367844687499316 -0.19330193255428452 0.033372122260358815 2.24 1.968 0.107 0.14
J-c 2D True F99 58628.38956441769 0.1808193738561935 6.1296186002000725 0.05727948337040478 0.48110178865663883 0.5333735177343308 -0.20869960569042806 0.03447307631779281 1.732 1.558 0.177 0.211
J-c-o 1D3 True F99 58629.12484016364 0.16376273460866364 6.2120527208523075 0.04252158612011989 0.5152758395872798 0.20701221564784691 -0.13410714582071318 0.02902091137048202 3.957 3.306 0.0 0.0
J-c-o 2D True F99 58629.30366246728 0.17996117955925464 6.20747941400204 0.04262258480764264 0.5588469537041233 0.2098038341347505 -0.1447515691630174 0.029401446602519397 3.635 2.92 0.0 0.0
J-c-o-ztfg 1D3 True F99 58629.9884573248 0.13999193460675252 6.265710942676305 0.02898499106651363 0.38865611881695517 0.15172927083990376 -0.08848193579211652 0.021431079147925827 3.857 3.21 0.0 0.0
J-c-o-ztfg 2D True F99 58630.1591483463 0.14256220906313324 6.266273171519443 0.028979540696098576 0.45541611037181257 0.1530631871449609 -0.09992054956369315 0.021691282745359117 3.34 2.629 0.0 0.0
J-c-o-ztfg-ztfr 1D3 True F99 58630.20900940434 0.11340020215150186 6.279458356751796 0.026928119768230833 0.4140443152038073 0.11884575687112307 -0.0713787853126396 0.019791831130014367 3.003 2.42 0.0 0.0
J-c-o-ztfg-ztfr 2D True F19 58630.58480825525 0.1475207670342115 6.301435404278767 0.030926770294797314 0.569065314284458 0.1383050512568022 -0.06300405055507984 0.02336675301044594 2.786 0.585 0.0 0.995
J-c-o-ztfg-ztfr 2D True F99 58630.583680894175 0.14750984000654924 6.351342376151424 0.030941418354781976 0.5682640599097197 0.13828216667024534 -0.050623136133145744 0.02337868209279456 3.038 0.721 0.0 0.947
J-c-o-ztfg-ztfr 2D True O94 58630.58368245895 0.14747587283528807 6.351346396772582 0.03093625978010706 0.568290371584518 0.1382591020822728 -0.05061908838107684 0.023372152540335756 3.07 0.736 0.0 0.936
J-c-o-ztfr 1D3 True F99 58629.90702989869 0.14151989622930955 6.27380245956871 0.04057357102758953 0.4153725554445796 0.14041142813710175 -0.07708086701262719 0.028246262732952214 3.752 2.781 0.0 0.0
J-c-o-ztfr 2D True F99 58630.07108957597 0.14494550743204238 6.260174882357106 0.040590680765250256 0.4783042086398088 0.14204852311375382 -0.09447830844829877 0.028497393605461534 3.179 2.316 0.0 0.0
J-c-ztfg 1D3 True F99 58629.60510295395 0.1694552078994956 6.198115513148699 0.03266427100939398 -0.06759494298506008 0.19511221778597518 -0.1270808324778283 0.026411577311497635 6.407 5.546 0.0 0.0
J-c-ztfg 2D True F99 58629.9058528209 0.18505744563637386 6.212858302040281 0.03286822564129357 0.10207848485015258 0.19863781864118243 -0.14854368540575108 0.027750653827173545 5.025 4.443 0.0 0.0
J-c-ztfg-ztfr 1D3 True F99 58630.072368702065 0.1322646520304517 6.252762466448284 0.028252421093027513 0.21144621402570418 0.13837721486875332 -0.07866378178236963 0.021592984470243225 4.31 3.247 0.0 0.0
J-c-ztfg-ztfr 2D True F99 58630.23906009305 0.13432303192229847 6.25348820924761 0.028170850939154023 0.29566962814899045 0.13921814376791938 -0.09331097741739362 0.021858976408133293 3.578 2.602 0.0 0.0
J-c-ztfr 1D3 True F99 58629.53909529708 0.15488866121362418 6.216867047227144 0.041576417013088535 0.10156204816730913 0.17556447726063465 -0.10127483744285307 0.029196741555063785 6.724 4.322 0.0 0.0
J-c-ztfr 2D True F99 58629.76989026057 0.1799955002101221 6.21513014134075 0.042069135242429105 0.20705259645425042 0.180132430590642 -0.11584475483879855 0.029787377096320903 5.216 3.609 0.0 0.0
J-o 1D3 True F99 58629.152164515006 0.17075480862427894 6.157813108558589 0.08357991801398378 0.5665921052414047 0.2302609585583223 -0.1638092847477839 0.04861464295052374 4.179 3.709 0.0 0.0
J-o 2D True F99 58629.372430430056 0.19466052432093692 6.093340630663446 0.08684841430611288 0.6454806140115513 0.23495629238075835 -0.2083561690573072 0.05138306126463362 3.525 3.173 0.0 0.0
J-o-ztfg 1D3 True F99 58630.00618816474 0.1420752255004837 6.2527040541791505 0.03302397235361004 0.38331145524031796 0.1624335441684757 -0.09263663227583714 0.022250752068661925 4.082 3.406 0.0 0.0
J-o-ztfg 2D True F99 58630.180750172396 0.14421293355143808 6.252794680534869 0.03302033472890495 0.45600497973867465 0.16438930436881238 -0.10412189609213171 0.022480459996335554 3.498 2.767 0.0 0.0
J-o-ztfg-ztfr 1D3 True F99 58630.2209461065 0.1137195901193581 6.261390857984548 0.030415343187609117 0.40509494939376167 0.1239069816570298 -0.07973598284248852 0.020815709301855438 3.038 2.492 0.0 0.0
J-o-ztfg-ztfr 2D True F99 58630.34004263485 0.1145195265498876 6.255475574366104 0.030311987582969865 0.4544939869171832 0.12483352609685336 -0.09236517791816887 0.020870691810031903 2.63 2.021 0.0 0.0
J-o-ztfr 1D3 True F99 58629.91917348594 0.14266527728530046 6.198906303924415 0.06953706133920924 0.41634456804431036 0.14727981792889747 -0.12205907041618885 0.044155692457558036 3.477 2.945 0.0 0.0
J-o-ztfr 2D True F99 58630.09314807654 0.1445277623512095 6.123984820345831 0.07257467182063447 0.4782188898984736 0.14866690185320616 -0.17786358348294973 0.04666361172718579 2.684 2.368 0.0 0.0
J-ztfg 1D3 True F99 58629.560393715874 0.1660514528088356 6.164245727976414 0.03821275615720926 -0.21659669991826766 0.21094834900209697 -0.13375806097628246 0.026553165444808326 7.531 6.426 0.0 0.0
J-ztfg 2D True F99 58629.86637681227 0.190440860878329 6.188841234885379 0.03902472410555509 -0.008880062443604383 0.22242913948196097 -0.1528722254127737 0.028024981975321783 5.87 5.178 0.0 0.0
J-ztfg-ztfr 1D3 True F99 58630.07268981767 0.13280957110409294 6.226001390591776 0.032108335625832804 0.16092126427256032 0.1457386051340008 -0.08790740951507134 0.022161965850410092 4.469 3.415 0.0 0.0
J-ztfg-ztfr 2D True F99 58630.24187259724 0.13482596651286538 6.227481708836752 0.03204298850308715 0.25095153346520876 0.14711758675620762 -0.10217984005360124 0.02239237682285123 3.675 2.706 0.0 0.0
J-ztfr 1D3 True F99 58629.53702905666 0.15680317162334242 6.088402835481201 0.07409773824938985 -0.0009888391769259995 0.18636173312167204 -0.17042406662167126 0.044674080641747695 5.517 4.818 0.0 0.0
J-ztfr 2D True F99 58629.78304834921 0.17952386671334372 6.03750205382976 0.07697621122974405 0.09852639929399964 0.19073596083255695 -0.2145707170649876 0.04723632533464209 4.285 3.821 0.0 0.0
o  True F99 58630.506155718 0.2367047911793855 6.183175558668855 1.4874314093058905 1.3265438264126206 0.501381233559 -0.9243896147822949 1.0702738235278682 0.865 0.826 0.623 0.671
o-ztfg  True F99 58630.677730022435 0.1460994370961319 7.412366705454275 0.035990296811492115 0.6969993339395314 0.1672253201914422 -0.059789269703283195 0.028654858159089247 0.887 0.855 0.656 0.708
o-ztfg-ztfr  True F19 58630.613671388375 0.1491536816107664 6.342697773551302 0.03518086351460164 0.5809726941183695 0.1452694538586148 -0.051371814968231753 0.026774861222516863 1.052 0.645 0.371 0.979
o-ztfg-ztfr  True F99 58630.651776167346 0.11578904742810078 7.399359433330938 0.033157482811790914 0.578209725921282 0.12523476768983552 -0.06077520320917441 0.02519338372512788 0.727 0.696 0.932 0.955
o-ztfr  True F99 58630.59365775046 0.14701374338701445 7.3715736416389035 0.2893261054488518 0.6309650806596326 0.15096212808120946 -0.08207981741590097 0.2029274416836005 0.742 0.711 0.873 0.904
ztfg  True F99 58631.538214627064 0.3441324500709557 7.260179572716947 0.10677569405142401 1.6297822898260526 0.528851258111352 -2.06466899782868 0.8337299433640918 0.436 0.428 0.95 0.953
ztfg-ztfr  True F19 58630.65492435366 0.17943895342326532 6.335683597486687 0.03701076687045374 0.4494532687316042 0.1683176843922359 -0.044920513178343835 0.031751600353364044 0.94 0.593 0.563 0.964
ztfg-ztfr  True F99 58630.66464329344 0.1372326371688211 7.385986523321182 0.034843301303763896 0.4239317982841295 0.14701938709646048 -0.05756278872869639 0.02989626303556057 0.53 0.514 0.985 0.988
ztfr  True F99 58630.62877986537 0.20205586581645898 8.120087768113418 2.9485778559843365 0.3505771000700694 0.2584976545494691 0.4801068466897043 2.1295679040744293 0.426 0.411 0.972 0.977