bps_used variant success reddening_law t0 e_t0 x0_mag e_x0_mag x1 e_x1 c e_c rchi2_data rchi2_data_model fitprob_data fitprob_data_model
c  True F99 59130.39459087215 3.4064717547960552 8.240411189414399 0.7839323613285374 2.955430578113993 3.90826442185911 -0.20404231302509054 1.4187825081341465 -1 -1 -1 -1
c-o  True F19 59136.533414337944 0.4330189111426871 7.4382483758212565 0.07280832295638699 -0.1707428912963327 0.6083333848402296 -0.05526910833520118 0.061231452197210136 3.28 2.55 0.0 0.001
c-o  True F99 59136.52415513294 0.4056282127923257 8.387706570049719 0.06956669061933912 -0.16006775215255442 0.580406091466273 -0.09761468316326202 0.05818255827348635 1.344 1.333 0.172 0.178
c-o-ztfg  True F19 59136.42101779572 0.31272414109641045 7.499843866719103 0.037170999162934995 0.3327924062102573 0.4172270450073383 -0.01896108572324956 0.035947280665481855 2.65 2.032 0.0 0.001
c-o-ztfg  True F99 59136.4281970653 0.3001361512323014 8.449585862411155 0.03625574786625882 0.31980788102157015 0.4048759330235608 -0.06047888033320276 0.034505450553832195 0.819 0.805 0.737 0.756
c-o-ztfg-ztfr  True F19 59136.411260618275 0.2369751611350881 7.347901878220522 0.034553610047338444 0.2581645706275685 0.27613029178921017 -0.046915004598843305 0.03079847612268704 0.655 0.586 0.959 0.985
c-o-ztfg-ztfr  True F99 59136.41331983048 0.2248823718440821 7.34840106933681 0.03373430272756356 0.24537279454918576 0.2631604785307873 -0.052731823172914666 0.029833681698600532 0.655 0.64 0.959 0.966
c-o-ztfr  True F19 59136.47688250318 0.2835854615377856 7.4461757258427745 0.07004028537574991 0.10268159083092715 0.31548492833152164 -0.04617485994338959 0.05707584921103061 2.575 1.874 0.0 0.003
c-o-ztfr  True F99 59136.4711096071 0.26516862265320634 8.395060204965958 0.0670648129477242 0.10048326459300391 0.29745988586596295 -0.08895973620900005 0.05450715480267067 0.849 0.835 0.694 0.714
c-ztfg  True F99 59136.014252306035 0.44458950935789043 8.505920196728388 0.0540669391363871 0.7387605788513995 0.5301312682746688 0.06727838670356147 0.10872174050622395 0.291 0.285 0.995 0.996
c-ztfg-ztfr  True F19 59136.2817984283 0.2755353533296108 7.507149274259784 0.035710248867384914 0.3630635391820143 0.3052509950172145 0.0011710035290354215 0.03704135616485757 2.474 1.788 0.0 0.006
c-ztfg-ztfr  True F99 59136.286732892484 0.2630173282927387 8.456573926287012 0.03484041308286705 0.34411949144799897 0.291436058125515 -0.04071695098327209 0.035949871363074495 0.381 0.369 0.999 0.999
c-ztfr  True F99 59136.31204459698 0.3388691466809133 8.40489864127888 0.07357014486008003 0.20807242269751636 0.3437715893840745 -0.07800709222942588 0.06728016587352346 0.562 0.552 0.896 0.903
J 1D3 True F99 59136.900148902525 5.1796457452957245 7.916115121856608 42.58169079283371 -8.206723627649165 59.10175534510497 -0.05923268887913647 14.538568984982122 -1 -1 -1 -1
J-c 1D3 True F99 59135.49979799792 1.092758597685323 7.332087543866297 0.07490714111897577 0.9259432209149738 1.2742327434280498 -0.03654653775285205 0.05642615175809905 0.887 0.872 0.447 0.455
J-c-o 1D3 True F99 59136.425510266665 0.3509269510138892 7.342056016623255 0.0615855551304556 -0.2535873374107446 0.5557614752764634 -0.039467714099056514 0.045204048834872314 1.318 1.235 0.17 0.227
J-c-o-ztfg 1D3 True F99 59136.35484689715 0.2740626743100242 7.362970156822079 0.034917135706549 0.29416780179473545 0.3997651662977639 -0.036643666054365386 0.029113407612621378 0.822 0.778 0.745 0.806
J-c-o-ztfg-ztfr 1D3 True F19 59136.38883956712 0.22728144054541957 7.357131181363409 0.03347217591878701 0.2392215192825978 0.27394552916393783 -0.03428700586516186 0.028034224350605104 0.653 0.566 0.965 0.992
J-c-o-ztfg-ztfr 1D3 True F99 59136.38579777621 0.22720493347415363 7.5091200926626165 0.03356286127153428 0.23692726018337223 0.27383402796908024 0.0032808097410255846 0.028126777037798832 2.098 1.55 0.0 0.01
J-c-o-ztfg-ztfr 1D3 True O94 59136.38578135314 0.2271477743651405 7.509121570123337 0.03355417417842548 0.2368659201188517 0.27376998048978063 0.0032757792249222123 0.02811235951478109 2.242 1.641 0.0 0.004
J-c-o-ztfr 1D3 True F99 59136.4396841662 0.24715939339504067 7.349642398502422 0.058248719999558336 0.04849086883170001 0.2907392172700368 -0.03893975548003151 0.04394666351645489 0.87 0.82 0.674 0.749
J-c-ztfg 1D3 True F99 59136.150377038815 0.3765421462465467 7.383163836037779 0.037957452818833226 0.7511349630747903 0.5243723336641917 0.002127667992744118 0.03862053558491333 0.275 0.263 0.999 0.999
J-c-ztfg-ztfr 1D3 True F99 59136.271934423334 0.24775767515239547 7.366268204504131 0.03292919993341215 0.31573404184947534 0.2869222961163032 -0.0246506023573846 0.029810885817634778 0.377 0.353 0.999 1.0
J-c-ztfr 1D3 True F99 59136.32047190496 0.3073582768154777 7.353625377903832 0.05854743766850087 0.1350083980256801 0.3295933578445904 -0.027298743655430245 0.046911213626413935 0.554 0.515 0.926 0.948
J-o 1D3 True F99 59136.6447923573 0.3596076838186502 7.5257889260683655 0.13122029840969643 -0.42285860927650887 0.632573004310626 0.07063385926003334 0.07887769705397872 1.083 1.078 0.368 0.373
J-o-ztfg 1D3 True F99 59136.40866319748 0.2830681162267232 7.379147271740239 0.039906189131862065 0.30173419918600636 0.42821899924155726 -0.030538870890086684 0.030036807187186498 0.765 0.726 0.802 0.847
J-o-ztfg-ztfr 1D3 True F99 59136.41102450222 0.21770748959540015 7.3748620512949055 0.03682366042158878 0.22481799025043941 0.2686114866686131 -0.02880514858205765 0.02815606662944892 0.608 0.58 0.978 0.986
J-o-ztfr 1D3 True F99 59136.5255951522 0.25329792772416054 7.452154292545401 0.1033862319939313 0.054302200751016355 0.30343739061917596 0.028014819207824594 0.06936150001426071 0.768 0.742 0.798 0.83
J-ztfg 1D3 True F99 59136.2571606947 0.3968543161364697 7.39734592878867 0.04411503431710785 0.8316987375119131 0.588271647542493 0.002236488010308953 0.0403956618330219 0.078 0.078 1.0 1.0
J-ztfg-ztfr 1D3 True F99 59136.31017134159 0.255030607071976 7.379708701107516 0.03721348763018907 0.3268225919831884 0.29883738027177814 -0.01885640326480155 0.030559752128240702 0.27 0.254 1.0 1.0
J-ztfr 1D3 True F99 59136.42574319128 0.3180404559685137 7.442847133347318 0.10350291316673006 0.14537796815161913 0.3497203475745859 0.029335354346807382 0.06863848924276235 0.315 0.311 0.99 0.991
o  True F99 59136.881738303884 0.5394266479240303 9.493468790789171 1.8485475149556723 -0.5001918879081707 0.644350016024483 0.6507310834629247 1.2099257337382234 1.263 1.256 0.239 0.244
o-ztfg  True F99 59136.49716904527 0.3123911182102786 8.465119671609916 0.04105316512569401 0.33512936391859904 0.4351348344531317 -0.055413283391834295 0.035373975259537345 0.749 0.747 0.804 0.807
o-ztfg-ztfr  True F19 59136.447470763305 0.24243936212894487 7.510953679520105 0.03894657112594265 0.2588009627914388 0.28490611832873025 -0.004089655257814356 0.03226010605379915 2.167 1.551 0.0 0.016
o-ztfg-ztfr  True F99 59136.45024651456 0.2301332461367427 8.461422891212209 0.038190701507961715 0.24773816577765856 0.27128450991880837 -0.04539142989042841 0.03139229931834502 0.602 0.593 0.975 0.978
o-ztfr  True F99 59136.53467664721 0.26900098970115427 8.119014475548468 0.4622531353574584 0.06340799089483198 0.3055819211184657 -0.28896742337784864 0.3399346485145238 0.793 0.788 0.751 0.757
ztfg  True F99 59136.442133825265 0.7749012267811651 8.421800581225941 0.10634258248100656 1.0951137183849968 0.9704229886712754 -0.638089808036039 1.8853760940235071 0.094 0.093 1.0 1.0
ztfg-ztfr  True F19 59136.3259285441 0.28499583580672505 7.519485959460275 0.03979510064891201 0.37382540481653925 0.31823795925012444 0.006270037332573209 0.0377756236001177 2.175 1.498 0.001 0.056
ztfg-ztfr  True F99 59136.33053609407 0.2721923925803385 8.469703084115995 0.03901197300064079 0.3559567615286925 0.30355645311508844 -0.0350229101742654 0.03676427565198328 0.263 0.26 1.0 1.0
ztfr  True F99 59136.493167463195 0.36518465886210644 11.317973036825256 6.46348044024755 -0.12756060967857058 0.7248128065567054 2.059228737523597 4.568545637893083 0.394 0.388 0.95 0.952