bps_used variant success reddening_law t0 e_t0 x0_mag e_x0_mag x1 e_x1 c e_c rchi2_data rchi2_data_model fitprob_data fitprob_data_model
c  True F99 58901.428487446006 1.8550294547495119 19.980894627020906 21.872325207438088 -4.981831280891528 1.2979822179643103 11.041486494428357 16.97192368095764 -1 -1 -1 -1
c-o  True F19 58895.51213463879 1.3459858277363874 7.449088353831984 0.4218293283644353 -1.8372706348366283 0.8364685100368252 -0.0023286496016851014 0.2523397034700374 1.956 1.834 0.048 0.066
c-o  True F99 58895.50445845491 1.0693358534031605 7.387452428363625 0.36093964355443614 -1.7940172648196695 0.737409910144177 -0.02053393374410527 0.21818833641252822 1.811 1.809 0.07 0.07
c-o-ztfg  True F19 58893.51102359092 0.27328271168709845 7.591413707941038 0.04695928853163941 -1.4039049646764776 0.3396288460565594 0.1378118746310707 0.050982472501865425 1.838 1.485 0.014 0.079
c-o-ztfg  True F99 58893.59627182557 0.25750498683486883 7.531906904231997 0.04519464229485905 -1.4344618626682957 0.3171885399324416 0.11945165333451205 0.04595297290673635 1.599 1.578 0.047 0.052
c-o-ztfg-ztfr  True F19 58893.59107369564 0.23876175853019588 7.541224714016527 0.046487612979443135 -1.323171540751603 0.3100001698157923 0.12429477542879144 0.03910234450926784 1.173 0.979 0.239 0.497
c-o-ztfg-ztfr  True F99 58893.65031090999 0.22511412158734417 7.53856353090118 0.04477049208840947 -1.3473885797125096 0.2888618059691328 0.12088265276793272 0.036965572643677024 1.168 1.153 0.243 0.261
c-o-ztfr  True F19 58894.03680943532 0.4404507948466362 7.339360189344417 0.2878134841910364 -1.4640353513551085 0.5370645724759578 -0.04806896351521258 0.20401339758977258 1.457 1.232 0.09 0.22
c-o-ztfr  True F99 58894.096714041094 0.4080297714586007 7.2660923996205735 0.2565499493281337 -1.4704193919651671 0.4913990704196757 -0.07550047063028587 0.18057685232321627 1.305 1.294 0.168 0.175
c-ztfg  True F99 58893.21275560535 0.29741947492232557 7.603967318114959 0.06977082301710585 -1.3663887564259691 0.39753228214571434 0.34329297076739157 0.2057105229232263 1.201 1.196 0.284 0.287
c-ztfg-ztfr  True F19 58893.47697729099 0.25065779095990165 7.612850261125443 0.0493724226907736 -1.153352792316829 0.3395687642421954 0.14754298411699157 0.045344162119826496 1.124 0.982 0.316 0.481
c-ztfg-ztfr  True F99 58893.499071370636 0.23812009267935424 7.557844769675744 0.04778207085169615 -1.1403495133917287 0.31976887989978686 0.13255403835917753 0.04353334683258489 0.862 0.854 0.637 0.648
c-ztfr  True F99 58893.93716984708 0.596263003202813 7.419635163122882 0.41015793795992206 -0.9960442721264096 0.8329174526441686 0.02598164887187713 0.2961381511789392 1.303 1.298 0.222 0.225
J 1D3 True F99 58915.349155868535 0.9027802211457365 772.2110517364913 0.10373088633410907 -23.93635584324882 6.674888206140405 254.33128770752498 0.0866397511515089 -1 -1 -1 -1
J 2D False F99 58909.29589546691 1.0 73.0 1.0 0.0 1.0 0.0 1.0 None None None None
J-c 1D3 True F99 58918.135167593406 0.49914163216171525 6.283604642419114 0.6107806146333586 -9.762420802888046 0.40880417422470344 -0.6863634614126919 0.22588605546567114 9.046 8.428 0.0 0.0
J-c 2D True F99 58917.08866507552 0.3566606013433232 7.210727768084251 0.30022533424196457 -9.800611832097886 0.9260653370425741 -0.2201587768974193 0.12185900668176444 9.246 8.023 0.0 0.0
J-c-o 1D3 False F99 58916.62410647239 0.43747493268038384 9.113361183224722 0.20285907136414708 22.501762350972555 4.713280488650126 0.18839351471585936 0.07095580301518994 None None None None
J-c-o 2D False F99 58916.24009985354 0.38151454994111006 9.15644851111421 0.16387769553713155 18.219284169755902 3.1760455303317605 0.385657849437956 0.0664927797381193 None None None None
J-c-o-ztfg 1D3 True F99 58893.167928833005 0.21638774488601156 7.482640655915674 0.04045508452945081 -1.6196225239528492 0.2965690852231738 0.051364293600603295 0.029741809108138777 4.651 4.448 0.0 0.0
J-c-o-ztfg 2D True F99 58893.05176780163 0.21005252541983663 7.535471467524506 0.04240863253608359 -1.7776275164357673 0.2907950460664335 0.1818134966663571 0.03520788738853423 3.534 3.366 0.0 0.0
J-c-o-ztfg-ztfr 1D3 True F99 58893.23355742832 0.19136330323643966 7.477171166864194 0.03815996191596039 -1.6252207663395706 0.26725252006814776 0.06141696919316354 0.027363467769424995 3.481 3.271 0.0 0.0
J-c-o-ztfg-ztfr 2D True F19 58893.551725960606 0.2323620539735738 7.556231360023521 0.04515319074659462 -1.3373586688931207 0.3079602615547912 0.14652951538008352 0.03578355518971937 2.843 1.148 0.0 0.256
J-c-o-ztfg-ztfr 2D True F99 58893.55098765554 0.2324015417980821 7.612459363105037 0.045194563888495055 -1.3379184615336868 0.3079875850805429 0.1604878429768481 0.035825163131475886 3.024 1.265 0.0 0.141
J-c-o-ztfg-ztfr 2D True O94 58893.55103854812 0.2323796343633134 7.6124561034193885 0.045190080966459774 -1.3380049961046898 0.30795949542514106 0.16048743646344907 0.035818892666697015 3.037 1.274 0.0 0.135
J-c-o-ztfr 1D3 True F99 58893.1916861331 0.28523625246014855 7.1953136265662785 0.09632166832055275 -2.138456856848467 0.3889311144534044 -0.09632132115645942 0.060775313017521725 4.231 4.13 0.0 0.0
J-c-o-ztfr 2D True F99 58893.122521576486 0.2667994437578471 7.646174238078937 0.1179405192854456 -2.1103806031488563 0.3988010026819856 0.2356169455636145 0.07812004787480366 3.603 3.433 0.0 0.0
J-c-ztfg 1D3 True F99 58892.9365628134 0.23122727780507712 7.516169766928979 0.04366800956630377 -1.2890666684148626 0.3399034073428722 0.03094455633840622 0.0353397911681667 5.753 5.669 0.0 0.0
J-c-ztfg 2D True F99 58892.77602850322 0.22203123819607828 7.563157677640907 0.04454669938447252 -1.4956369417777196 0.3313151013457314 0.24836990993505098 0.041035656447194625 3.756 3.634 0.0 0.0
J-c-ztfg-ztfr 1D3 True F99 58893.05883376696 0.20317301080212605 7.493473952870861 0.03962057952145808 -1.4444036502217807 0.2927609290584038 0.057441615267057156 0.029142652737469358 3.892 3.694 0.0 0.0
J-c-ztfg-ztfr 2D True F99 58893.08261841576 0.20205880377627553 7.572951356392166 0.043922290638146594 -1.3706747891784454 0.2994091686923996 0.176711464013448 0.03557231868109539 2.902 2.745 0.0 0.0
J-c-ztfr 1D3 True F99 58892.871240442226 0.30661056868372855 7.241244892456223 0.1008183712234267 -1.8786578977985489 0.4705466151050212 -0.08072790488267416 0.06145205593458119 5.761 5.638 0.0 0.0
J-c-ztfr 2D True F99 58892.86473445209 0.2835905374908921 7.701579574028438 0.11741785742324089 -1.641730178711515 0.5029262986880608 0.2642459893582637 0.0758064398032864 4.519 4.328 0.0 0.0
J-o 1D3 True F99 58917.18353022641 0.6254080828143554 7.966653652004219 0.2448202739218138 26.53625632197069 5.475950772981149 -0.3385709528584767 0.09894070013805809 14.466 10.805 0.0 0.0
J-o 2D True F99 58916.60157218171 0.4477794637939223 8.247693174964667 0.2061877798741685 20.993434535337933 3.3268821491325418 -0.057922517092407734 0.09789518042489208 12.976 10.022 0.0 0.0
J-o-ztfg 1D3 True F99 58893.09992657079 0.22037245403620825 7.484646663325215 0.04085605045659266 -1.7224395977333835 0.312761272941311 0.050816469584553436 0.029969739711180263 4.917 4.699 0.0 0.0
J-o-ztfg 2D True F99 58892.99948554434 0.20815550803768387 7.537825452170782 0.042846733883300604 -1.857266816580591 0.3070310116433909 0.18119928476904867 0.03548168589887177 3.631 3.428 0.0 0.0
J-o-ztfg-ztfr 1D3 True F99 58893.17464322566 0.19516444290802476 7.478629976741559 0.03844590654601652 -1.714471751249072 0.28127307955033487 0.06213278399677856 0.02750598162091484 3.521 3.295 0.0 0.0
J-o-ztfg-ztfr 2D True F99 58893.17959100244 0.1945439565827468 7.551141347189481 0.04240883099835216 -1.6929596923455839 0.28422470331708155 0.1594449630559473 0.03287184467075032 2.693 2.539 0.0 0.0
J-o-ztfr 1D3 True F99 58893.024017400676 0.31117082445320227 7.2299012790285735 0.10034671176457878 -2.437060756614844 0.4901057605687622 -0.06910831385355612 0.06408398546982821 4.532 4.399 0.0 0.0
J-o-ztfr 2D True F99 58892.87339987513 0.2766858741168682 7.74940277032786 0.11712274254929193 -2.6688073740205214 0.4635934627716424 0.3103998121589798 0.07603430437982177 3.321 3.114 0.0 0.0
J-ztfg 1D3 True F99 58892.85158689677 0.2401730091551708 7.520108173115418 0.04435353399453477 -1.3857656357602433 0.36221612315462776 0.02580053586110176 0.03609265069017444 6.615 6.519 0.0 0.0
J-ztfg 2D True F99 58892.726323471485 0.22930700354206257 7.569234072289444 0.04545699167538127 -1.4859368426521864 0.35989231026895113 0.24444876171241908 0.04203110255952136 4.096 3.938 0.0 0.0
J-ztfg-ztfr 1D3 True F99 58892.99122395996 0.20147689422518378 7.495252842271406 0.0399940254458069 -1.5329995603194189 0.3094948960305393 0.05694901639193578 0.02934796287987836 4.0 3.79 0.0 0.0
J-ztfg-ztfr 2D True F99 58893.02656962397 0.20489187245940194 7.575429265486979 0.044406965939998225 -1.4281515357054546 0.31901595130918864 0.17638910074799777 0.03585684834259067 2.877 2.686 0.0 0.0
J-ztfr 1D3 True F99 58892.63513318931 0.37746345112526697 7.279849473293272 0.10490858295340914 -2.2973714613618283 0.687561627860075 -0.05313651028305581 0.06469063334215072 6.861 6.669 0.0 0.0
J-ztfr 2D True F99 58892.54932637341 0.34237455443249304 7.788166066282252 0.11848205495404963 -2.430488552821787 0.6668013062342967 0.3259509423600397 0.07542951003562957 4.438 4.149 0.0 0.0
o  True F99 58895.338119055974 1.322628679144024 6.175928679828593 3.7532144081006447 -1.5245513419610637 0.9002096167818875 -0.8762389485558852 2.704763268028562 1.123 1.121 0.345 0.347
o-ztfg  True F99 58893.53306576884 0.26238144484262926 7.531865587654609 0.04558385151440732 -1.5051672841143324 0.3351584159206385 0.11651684834395097 0.0464592805438935 1.263 1.242 0.216 0.231
o-ztfg-ztfr  True F19 58893.5470975646 0.24442794389991354 7.598334139942109 0.04688176664313194 -1.3622158407590077 0.3289796303889749 0.13785576461640964 0.039316646591016594 1.142 0.866 0.283 0.655
o-ztfg-ztfr  True F99 58893.596610449604 0.2307137161828879 7.539291727486685 0.04508395034323902 -1.4083383643121503 0.30572600761902813 0.12103121847554885 0.037153754084913476 0.906 0.891 0.598 0.619
o-ztfr  True F99 58894.28438923732 0.474536326076017 6.876106300476594 0.785776771793062 -1.1288527926474847 0.6609894060212639 -0.370874482909974 0.5886652205053461 0.982 0.969 0.471 0.486
ztfg  True F99 58893.824158506206 0.7116350993692065 7.503691375790274 0.504763918560002 -0.5595213851653562 0.8106130869097792 -1.953116471568225 2.716906195364729 0.176 0.172 0.984 0.984
ztfg-ztfr  True F19 58893.42932632545 0.2585720424199653 7.614100787495178 0.05003290983234835 -1.1781699479223546 0.3654419255090103 0.1460730239820725 0.04583079446098554 0.682 0.54 0.815 0.927
ztfg-ztfr  True F99 58893.44001715259 0.24609832007093124 7.55809066388222 0.048318727967127426 -1.187813595761773 0.3430376100499261 0.13021190921695508 0.043988664526580276 0.368 0.362 0.989 0.99
ztfr  True F99 58892.45516487195 1.2706848373580903 -5.173161529902714 7.574678734167709 -2.1097650337955187 1.3629703419702737 -10.799722342002472 7.1155722354897035 0.19 0.186 0.98 0.981