bps_used variant success reddening_law t0 e_t0 x0_mag e_x0_mag x1 e_x1 c e_c rchi2_data rchi2_data_model fitprob_data fitprob_data_model
c  True F99 58850.81132598979 1.7426696834579676 19.22768088270775 43.00447598487607 -6.851729473701802 6.403952799397819 11.116144805503799 34.90425566100156 0.322 0.093 0.57 0.76
c-o  True F19 58848.95857941423 0.66761503222194 7.846178507451303 0.10072935312927264 0.9282299745910054 0.6845574556913062 0.034883614809803204 0.09172390352945946 0.673 0.602 0.803 0.866
c-o  True F99 58848.95307296868 0.6396834728837503 7.757982912158638 0.09590775007473337 0.9204151990321094 0.6596894607511604 0.009273408763449155 0.08796706307049597 0.382 0.381 0.98 0.981
c-o-ztfg  True F19 58848.67364506527 0.3478848409817784 7.749161765937617 0.05562478492509893 1.480437372017501 0.4558748921322562 -0.07780775118916186 0.05649438839788762 0.851 0.752 0.691 0.823
c-o-ztfg  True F99 58848.695501804585 0.3365851242022779 7.663197733375413 0.05411506952057775 1.4589217187569132 0.44289880928819775 -0.10101805264949365 0.054681913735393606 0.524 0.51 0.982 0.985
c-o-ztfg-ztfr  True F19 58848.59884592121 0.3039419313196364 7.66536188082392 0.0510620696186316 1.4675383288859403 0.38174277506550064 -0.06309977811972109 0.04175977490979475 0.49 0.444 0.998 0.999
c-o-ztfg-ztfr  True F99 58848.610863815135 0.29330985613059957 7.668219017415465 0.04994336176982506 1.4593395662629696 0.3713910952791129 -0.064948756615927 0.04076905515077463 0.489 0.474 0.998 0.999
c-o-ztfr  True F19 58848.57983561892 0.4564267141750767 7.86420088812301 0.09419085163102366 1.2087528876211524 0.4833668290363293 0.05830040299421379 0.0776668023989518 0.696 0.597 0.892 0.96
c-o-ztfr  True F99 58848.57605105295 0.43822540087733264 7.774954894904743 0.08990736976507993 1.2004763366725493 0.46813583588709456 0.031051362468599616 0.07458684116962314 0.412 0.406 0.998 0.998
c-ztfg  True F99 58848.71620177821 0.3608897177488946 7.635856936595505 0.06153256321038791 1.6175070965273481 0.49787048767154346 -0.26558075686070554 0.13527317862246535 0.504 0.501 0.94 0.942
c-ztfg-ztfr  True F19 58848.497700522545 0.3262654737492714 7.7659945553251575 0.053327228863592716 1.5722815770066951 0.41741377171569244 -0.030716134153903292 0.04703524343979961 0.919 0.786 0.596 0.795
c-ztfg-ztfr  True F99 58848.518023755096 0.3149775209997067 7.680747094749871 0.0518773298133881 1.5618731942130901 0.40559297855449417 -0.05527572596259992 0.0458177379411603 0.526 0.507 0.986 0.99
c-ztfr  True F99 58848.15155631659 0.5311481690790844 7.807685817880591 0.09674068716451725 1.3283945140751878 0.5507496882869 0.07108741434699661 0.08799051017752234 0.372 0.369 0.991 0.991
J 1D3 True F99 58845.86710408934 3.2874649111786733 7.7970350333832785 101.2717142106714 28.00376560550373 142.34297305937181 -0.18343913705901788 36.4349617958379 -1 -1 -1 -1
J-c 1D3 True F99 58846.501597554794 1.2714267631162837 7.80156589958661 0.08696509449820966 2.7440146606403566 1.3152638617827768 -0.000755681115109832 0.06605429410766453 0.626 0.623 0.644 0.646
J-c-o 1D3 True F99 58848.379250995014 0.5678237240147352 7.6988686899696654 0.07113190713879143 1.000070075748945 0.6430249622436618 -0.062013511874427385 0.047598139757433745 0.553 0.54 0.933 0.941
J-c-o-ztfg 1D3 True F99 58848.61380098898 0.32306128212039775 7.659444535897843 0.0491704905719368 1.4164325984821862 0.4360558100153381 -0.10189859150358915 0.03548162390242098 0.567 0.554 0.974 0.979
J-c-o-ztfg-ztfr 1D3 True F19 58848.49775038996 0.29545526966166435 7.652895422586181 0.046812095913223765 1.4329847466779062 0.37719243972140076 -0.07615930152017683 0.03338994953711454 0.537 0.47 0.996 0.999
J-c-o-ztfg-ztfr 1D3 True F99 58848.4998587732 0.2956926276851011 7.743855576790508 0.046899219226881714 1.4339208579677805 0.37738301204010066 -0.05315288016280671 0.03347867596135351 0.786 0.672 0.856 0.96
J-c-o-ztfg-ztfr 1D3 True O94 58848.49985969346 0.29566827379187227 7.7438508250262785 0.04689306248791249 1.433895275971513 0.3773557273572353 -0.05315605087705272 0.03346978918303566 0.812 0.693 0.821 0.948
J-c-o-ztfr 1D3 True F99 58848.30265200922 0.4182959620940403 7.6883501049882845 0.06268157999520316 1.2454949751099587 0.46162951881771297 -0.05110775695933065 0.04455951834754893 0.546 0.507 0.985 0.992
J-c-ztfg 1D3 True F99 58848.59295419685 0.3605207058453401 7.6758488317671265 0.05336012799265571 1.610085512679887 0.5019117808668043 -0.10887347983464321 0.042259234127217396 0.683 0.661 0.831 0.852
J-c-ztfg-ztfr 1D3 True F99 58848.432023899644 0.3082653442170101 7.663173281123572 0.046947552141941476 1.5199999676589766 0.4002075683130967 -0.07747635847086255 0.03367201182840614 0.586 0.557 0.974 0.983
J-c-ztfr 1D3 True F99 58847.90433586751 0.51057393158257 7.706593382130272 0.06511616329351155 1.4845325012727388 0.540471249681768 -0.03625321790006808 0.047275005855194265 0.602 0.544 0.915 0.949
J-o 1D3 True F99 58848.276091994856 0.8983354249329515 7.577331927735986 0.1712926706017007 0.5934534859870435 0.9805156106559794 -0.11422106026436955 0.09893703112994319 0.551 0.55 0.893 0.894
J-o-ztfg 1D3 True F99 58848.600678627656 0.3574777071392374 7.615929139816199 0.06058709254162976 1.2879932875432363 0.5109753052725665 -0.11221341563285445 0.03586858060226128 0.519 0.516 0.979 0.98
J-o-ztfg-ztfr 1D3 True F99 58848.50301954562 0.3069898688319697 7.609069388190285 0.05292308560883946 1.291681825702319 0.40844838827339736 -0.1021942190636686 0.03305071766573866 0.468 0.46 0.999 0.999
J-o-ztfr 1D3 True F99 58848.32816704404 0.4798704385434125 7.541923094807694 0.10748057633514117 1.124551553899841 0.5507536796638128 -0.13604345999425593 0.07027081299219559 0.454 0.45 0.995 0.995
J-ztfg 1D3 True F99 58848.5585957993 0.40756442260379666 7.633721070452398 0.07085213715177806 1.470818635818003 0.6256959254143769 -0.10877434650657199 0.0411381891897346 0.675 0.671 0.79 0.794
J-ztfg-ztfr 1D3 True F99 58848.398649602044 0.3315648441883299 7.614496455811851 0.05628594343183009 1.3773640455874556 0.4558579412507422 -0.09329844508662122 0.034580182947654525 0.508 0.494 0.987 0.99
J-ztfr 1D3 True F99 58847.867859687714 0.5943079443758569 7.55451994771732 0.11333440825536496 1.1827984955527713 0.6703658900892617 -0.11674966053178044 0.0719619456851155 0.447 0.444 0.965 0.966
o  True F99 58849.0316776673 1.0037662360471666 8.116643642028414 3.0530270804328885 0.9527980209558455 1.1449654698971328 0.2588333712459141 2.1187070143532276 0.429 0.427 0.92 0.921
o-ztfg  True F99 58848.72765985844 0.3826179715092697 7.628327160774171 0.06579654496010408 1.389237357875046 0.5311149231229441 -0.10133670609526749 0.05508797562971457 0.458 0.455 0.987 0.988
o-ztfg-ztfr  True F19 58848.59586124896 0.32796992706449146 7.713471787793781 0.059351640783088064 1.3945586402592074 0.4278731873837314 -0.062102119984919546 0.04312570343527578 0.695 0.602 0.925 0.976
o-ztfg-ztfr  True F99 58848.606092689195 0.31756751571831054 7.6256305924488395 0.05831307348618416 1.3677888451080447 0.4175971242642903 -0.0879700212593449 0.042172606671646067 0.422 0.418 0.999 0.999
o-ztfr  True F99 58848.372078045686 0.5358992649597194 7.191107630559884 0.6932983028034391 1.1969662956964524 0.5649602639420556 -0.41304887490406017 0.5347762444063034 0.392 0.39 0.998 0.998
ztfg  True F99 58848.21494738099 0.8322302814028233 8.209695158151625 1.6310836481879774 0.8909491919751177 1.259238764364403 2.0544090181295003 3.9425814554262435 0.522 0.518 0.876 0.879
ztfg-ztfr  True F19 58848.49129662807 0.35345023171514683 7.723485170145922 0.06244744055865257 1.4762402558267835 0.4762552574667535 -0.04776881825846041 0.047454299372227705 0.786 0.677 0.771 0.89
ztfg-ztfr  True F99 58848.50727632823 0.342832822038403 7.636240367664786 0.06143084423570692 1.4522309714608377 0.46580441348861784 -0.07356136637085947 0.0463929067285957 0.433 0.429 0.995 0.995
ztfr  True F99 58848.06570957197 0.6382174765585439 6.809106004539709 2.905361313856046 1.3591968904910305 0.7284995779078534 -0.7214725570454927 2.34729840058516 0.39 0.386 0.968 0.969