bps_used variant success reddening_law t0 e_t0 x0_mag e_x0_mag x1 e_x1 c e_c rchi2_data rchi2_data_model fitprob_data fitprob_data_model
c  True F99 59277.16777765323 1.333071808612855 9.373064112224444 1.6429988925699048 -1.612716629285743 0.8778300688053644 1.4888425301155919 1.7511914777865656 0.149 0.147 0.93 0.932
c-o  True F19 59277.0820186042 0.4791727060325766 6.953817043327161 0.19472402360475138 -1.2952186761836288 0.49432851765578334 -0.03693329523030781 0.1309349389766978 0.769 0.646 0.695 0.817
c-o  True F99 59277.09777529717 0.4276241315718458 8.026610499673485 0.17518761107118322 -1.278027362349087 0.44957881129213473 -0.04982655776416477 0.11758055685210018 0.743 0.732 0.721 0.733
c-o-ztfg  True F19 59277.16204989837 0.20497721666542015 7.123368594804873 0.05729511575515585 -1.369366530652133 0.25652400093485866 0.09217017747891489 0.050744107171354254 0.787 0.615 0.77 0.936
c-o-ztfg  True F99 59277.17732050368 0.18601654883844668 8.18505600531134 0.05431095753325966 -1.3842494119571183 0.23203032812711152 0.07115334754318443 0.0462524425634903 0.748 0.709 0.817 0.859
c-o-ztfg-ztfr  True F19 59277.040625564245 0.14932028497204836 7.067833381807494 0.04875133229893921 -1.5993643556282788 0.15474873156932287 0.07773724422837974 0.038319968291161306 0.713 0.481 0.931 0.999
c-o-ztfg-ztfr  True F99 59277.0639162279 0.12049559042916283 7.0511613311073145 0.0444689416239109 -1.6520626572962507 0.12672504941452772 0.061687916749479335 0.03474873216617947 0.698 0.656 0.942 0.967
c-o-ztfr  True F19 59276.937814483 0.20439480503882873 6.850020507910438 0.12640735424025404 -1.6600963192830576 0.18210374328948883 -0.09334348039730345 0.0922507575240378 0.68 0.466 0.921 0.997
c-o-ztfr  True F99 59276.99131291128 0.15206971957047022 7.91286802820904 0.10634286680238643 -1.7064650377348052 0.14381572468906115 -0.1094523931320383 0.07793823601995377 0.646 0.624 0.944 0.957
c-ztfg  True F99 59276.821726149836 0.2606858309022634 8.30725353788616 0.07884090855189575 -1.7687006009261046 0.26857160423892645 0.4095188547023513 0.14123528816927708 0.329 0.324 0.994 0.995
c-ztfg-ztfr  True F19 59277.04979626951 0.1555902287990953 7.101203077855416 0.049689015674324856 -1.6241286798451142 0.15831803064020517 0.0968319450284072 0.04185837292063718 0.703 0.487 0.912 0.996
c-ztfg-ztfr  True F99 59277.073141027475 0.12406450171721584 8.154074029734183 0.045196845070405105 -1.6929124257186032 0.12927074141092834 0.07699986028833485 0.03812732988079552 0.655 0.612 0.947 0.969
c-ztfr  True F99 59277.01954775928 0.16047111084278745 7.920531773403137 0.11373594079993142 -1.741346624952428 0.1472519131253836 -0.09718048374179863 0.087245703723301 0.601 0.579 0.937 0.949
J 1D3 False F99 59277.325968943696 0.9567542849680337 769.9565691826486 -1 -0.16965011961434384 9.531412775688395 253.6022735736776 -1 None None None None
J-c 1D3 True F99 59275.80498218916 2.373299486789713 6.950117699905837 0.27580209984074233 -0.8905366412251924 0.9805247408342527 0.05028470292666572 0.07274887033567713 0.457 0.453 0.808 0.811
J-c-o 1D3 True F99 59277.22741081842 0.3608367134740621 6.998450352975553 0.1079121136339745 -1.1563072406209978 0.39611389906265115 0.0016358845438222448 0.06201128864255615 0.711 0.697 0.786 0.8
J-c-o 2D True F99 59277.00275843806 0.37488017547684593 6.869603505689609 0.13058435593108447 -1.3730595209996466 0.39579190379869295 -0.09110796560259733 0.08256428793300424 0.659 0.649 0.837 0.845
J-c-o-ztfg 1D3 True F99 59277.179566448656 0.18593710265307029 7.0790630236997885 0.04977014793084709 -1.3895309811124086 0.23045258107235647 0.06315672629167082 0.03673737378531503 0.725 0.69 0.858 0.893
J-c-o-ztfg-ztfr 1D3 True F99 59277.06291022489 0.12051200383448757 7.042065295306341 0.04123143231502906 -1.6519168213337052 0.1269077132885795 0.05215589598979151 0.03020817313924408 0.694 0.65 0.951 0.974
J-c-o-ztfg-ztfr 2D True F19 59277.03870774926 0.14911086823361974 7.047953953305468 0.0462516871224046 -1.6009679622951178 0.15498053513770196 0.0560897553383125 0.03515334326001977 0.748 0.51 0.906 0.998
J-c-o-ztfg-ztfr 2D True F99 59277.038529200814 0.14911014638449385 7.078472840688991 0.04626958979066125 -1.6010297588344022 0.15497714656737901 0.06360468973476475 0.03516971284551699 0.778 0.538 0.872 0.997
J-c-o-ztfg-ztfr 2D True O94 59277.03853304041 0.14909214778079954 7.078466059262816 0.046266366084532676 -1.6010479089328828 0.1549585724980137 0.06359903750433336 0.03516587333062653 0.783 0.541 0.866 0.997
J-c-o-ztfr 1D3 True F99 59277.047346454565 0.14687600779904206 6.90824480448395 0.08309890089625273 -1.684298411227633 0.1424338799479568 -0.035593182012126245 0.057675089820994556 0.697 0.66 0.917 0.944
J-c-ztfg 1D3 True F99 59277.19885853179 0.2108968510628337 7.072193250838998 0.050116000633051744 -1.4520670356692995 0.2540888972366231 0.07970291877283363 0.044775966457347625 0.708 0.659 0.815 0.863
J-c-ztfg-ztfr 1D3 True F99 59277.07413305094 0.1242541652428592 7.044500536328439 0.041584995094005824 -1.6892995259785213 0.129523684907434 0.06558795509366142 0.03213089345295661 0.652 0.612 0.956 0.975
J-c-ztfr 1D3 True F99 59277.070815827756 0.1535929881206595 6.908031972482699 0.08274863793846791 -1.7306950396656344 0.1458541012205514 -0.02587107245569282 0.05871458468842128 0.648 0.611 0.918 0.943
J-o 1D3 True F99 59276.521308265364 0.6479308743941776 7.199738625565356 0.1797764854040044 -0.971693219726703 0.7379302148934268 0.11524808171248342 0.10161897182765388 0.756 0.75 0.658 0.663
J-o-ztfg 1D3 True F99 59276.898522006246 0.21525961978391314 7.101164402364722 0.054254827520315754 -1.637723641369254 0.26351416328584065 0.06944664689339686 0.03874749511291614 0.532 0.522 0.963 0.967
J-o-ztfg-ztfr 1D3 True F99 59276.96240302909 0.12769613214151374 7.078459739538017 0.04517515480182706 -1.7190748255714188 0.13305551885923447 0.07489859108919478 0.03217689758037257 0.576 0.544 0.988 0.994
J-o-ztfr 1D3 True F99 59276.98878686401 0.15474855171898494 6.982199403482884 0.11529279351494276 -1.7304755160543381 0.1511569713244554 0.011066096936000518 0.07594663069669524 0.674 0.641 0.911 0.935
J-o-ztfr 2D True F99 59276.9757545179 0.1544745226995705 6.755442584585893 0.1828820208866926 -1.7389399645760544 0.15103653754300464 -0.1495068647465711 0.12672324776199603 0.633 0.609 0.94 0.954
J-ztfg 1D3 True F99 59276.91181246698 0.2435292636587597 7.087820422480904 0.054813060183448746 -1.7155130508547671 0.29188800062883014 0.06808320031890826 0.04875561455868031 0.427 0.421 0.954 0.956
J-ztfg-ztfr 1D3 True F99 59276.97172549423 0.1319190986289185 7.067797408705564 0.04468631962477546 -1.7564110550115124 0.1362652738273182 0.07413136254821694 0.03285946230676756 0.522 0.492 0.989 0.994
J-ztfg-ztfr 2D True F99 59276.97175537795 0.13216000806759043 7.058630209703427 0.04583818922110348 -1.753103970511441 0.13674317800775326 0.06338038680491906 0.03536080911184969 0.601 0.557 0.966 0.981
J-ztfr 1D3 True F99 59277.01752352634 0.16235092984885394 7.000507479596834 0.11746290748497246 -1.7841135907781995 0.15500987919298434 0.03480115161328625 0.07818848939509875 0.609 0.586 0.91 0.925
o  True F99 59276.55753131886 0.649773960722444 9.16470322039094 2.388564366651557 -1.2384106166130662 0.9796197697550284 0.6689073848423202 1.491946568339706 0.852 0.842 0.53 0.537
o-ztfg  True F99 59276.89381339729 0.21578496840031597 8.19945550993962 0.058228309864530696 -1.6428048365595638 0.2661850185744758 0.06710050596075512 0.048362412083274 0.534 0.524 0.949 0.954
o-ztfg-ztfr  True F19 59276.9192282516 0.16006737052591233 7.12740567383866 0.05266949885412202 -1.681946450969544 0.1647200527954345 0.10237422937801613 0.04019383851777914 0.62 0.409 0.972 1.0
o-ztfg-ztfr  True F99 59276.96175607128 0.12765539183171826 8.184660148399718 0.0484681182872141 -1.7193476106627417 0.13293327052925172 0.0812087030000765 0.03666062525306725 0.575 0.544 0.986 0.992
o-ztfr  True F99 59276.976977997176 0.1559733538744817 7.897040095401737 0.4377185336145228 -1.7378709701002666 0.15174980305862018 -0.12004318720825924 0.3093870687134761 0.681 0.654 0.891 0.914
ztfg  True F99 59276.31080292186 0.2916046701489098 10.062550100594864 2.403097270681886 -2.2929511213807423 0.3235321942085942 3.668839863548199 3.5958416197980743 0.262 0.259 0.978 0.979
ztfg-ztfr  True F19 59276.924482219925 0.16704373910259465 7.128431402102374 0.05353446951691935 -1.7105193968609818 0.16882122337039726 0.11207966186911211 0.043587397671266605 0.546 0.352 0.979 1.0
ztfg-ztfr  True F99 59276.97077105002 0.13151965810124364 8.184970117610328 0.04908057474634487 -1.7628595154543918 0.13569449363533 0.09395883086634058 0.03983603721290146 0.485 0.467 0.992 0.994
ztfr  True F99 59277.06450453973 0.19144649274128053 9.260855800210303 2.538044995316382 -1.805250434850881 0.16035095117877876 0.8650538314731838 1.7895382665702613 0.616 0.589 0.883 0.903