bps_used variant success reddening_law t0 e_t0 x0_mag e_x0_mag x1 e_x1 c e_c rchi2_data rchi2_data_model fitprob_data fitprob_data_model
c  True F99 59167.1758750009 1.476971635187484 9.084876931426333 1.4900807075821192 -2.514766252903202 2.402412452940339 0.21153429665364903 2.4113956683826143 0.23 0.23 0.949 0.95
c-o  True F19 59167.06128595384 0.4213203236790166 8.076154968125312 0.11922421342986436 -2.401998267020195 0.6182717111431068 0.2594402524279406 0.11921632650024358 0.363 0.329 0.996 0.998
c-o  True F99 59167.05273707543 0.39791754260034284 9.113120329501418 0.11465153977127027 -2.4174283572451207 0.5928995132650019 0.24590494946697977 0.11220737907531976 0.281 0.279 0.999 0.999
c-o-ztfg  True F19 59166.823729206066 0.35776493187892233 7.915539760257732 0.04417248644555906 -1.994528433333861 0.4879809588131457 0.08342299933977121 0.07055195162801572 0.546 0.474 0.979 0.993
c-o-ztfg  True F99 59166.82254651048 0.3449004503580705 8.952332262733965 0.043403328692537414 -2.012088407051806 0.47114386853958223 0.07126354683276576 0.06756275886306763 0.375 0.363 0.999 0.999
c-o-ztfg-ztfr  True F19 59166.76604343155 0.2798345442081391 7.854268097043205 0.04185720752633043 -1.8452635829059596 0.32804706737004835 0.06910287613209608 0.04258430374515194 0.373 0.337 1.0 1.0
c-o-ztfg-ztfr  True F99 59166.74842798024 0.2612697324243927 7.855524014059252 0.041075180184274 -1.8525541753857255 0.3101707583078274 0.06761622877723358 0.04117442205931921 0.373 0.363 1.0 1.0
c-o-ztfr  True F19 59166.84811920783 0.31505539663749094 8.067378249819877 0.10911118201811561 -1.9080317970897593 0.3674246551889143 0.20593864950410196 0.08952635854798935 0.467 0.408 0.997 0.999
c-o-ztfr  True F99 59166.816276881815 0.2903418114021229 9.101185284914585 0.10572861526754591 -1.9129436806004358 0.34420343439539824 0.18665913954547747 0.08633027924728735 0.354 0.35 1.0 1.0
c-ztfg  True F99 59167.0071732086 0.445827165185547 8.91060305848281 0.04664463796517172 -1.6340148608985485 0.5737533717322089 -0.14255038843786888 0.14427528231017525 0.227 0.226 0.999 0.999
c-ztfg-ztfr  True F19 59166.74691849302 0.3131368387398084 7.916426690583116 0.042224427573624976 -1.8114466394988291 0.34463718886803785 0.0738024097458587 0.0450839298091794 0.634 0.524 0.936 0.983
c-ztfg-ztfr  True F99 59166.73204343414 0.2920373930327189 8.951947548144057 0.04136633444120917 -1.815066079389436 0.3257302057992968 0.05619879111926323 0.04352843972297713 0.382 0.369 0.999 0.999
c-ztfr  True F99 59166.779036908716 0.33821143522823643 9.0899335085625 0.10944694437078861 -1.8699051583649697 0.36711958365291586 0.17219134232947425 0.0921800028307598 0.38 0.376 0.993 0.993
J 1D3 True F99 59166.88707746866 3.2112753161006182 8.933933875213828 89.21483186067462 0.18549185179569028 25.817712176825122 0.002659624704146448 31.885403999198402 -1 -1 -1 -1
J-c 1D3 True F99 59167.2618867641 0.5498988589637911 7.854347394367204 0.08500982201016052 -2.2897678908692822 0.7660311011882958 -0.010935083306379895 0.05651060427446756 0.153 0.152 0.996 0.996
J-c-o 1D3 True F99 59166.7306959717 0.41564551232181784 7.855767049436549 0.07912019065962765 -2.105896818612428 0.6312228771647962 0.03061335899251759 0.04987408010569093 0.471 0.44 0.985 0.99
J-c-o-ztfg 1D3 True F99 59166.72842214732 0.3393955357165696 7.833727307808488 0.038929895118856694 -1.858409758628751 0.46191680246058775 0.010259165525246638 0.037476608505746925 0.382 0.366 0.999 1.0
J-c-o-ztfg-ztfr 1D3 True F19 59166.69775256414 0.2740186571729028 7.833743941606373 0.03787624263698441 -1.7914568461750058 0.32912668208435364 0.035247177571789017 0.033389750156871435 0.421 0.356 1.0 1.0
J-c-o-ztfg-ztfr 1D3 True F99 59166.69972020066 0.27400703935502607 7.899941453478652 0.0379298134103974 -1.7937069372484125 0.32899974127984805 0.05198641246332718 0.03344999391429258 0.565 0.464 0.993 0.999
J-c-o-ztfg-ztfr 1D3 True O94 59166.69965500603 0.2739686333463784 7.899935084400899 0.03792589670027994 -1.7937087115693122 0.3289665902176532 0.051982980156483866 0.03344325341524348 0.58 0.475 0.991 0.999
J-c-o-ztfr 1D3 True F99 59166.66620541272 0.2852058338569842 7.8480154558823925 0.06689486699257496 -1.8602549394384422 0.3503641142769518 0.04339125882899782 0.04712638003926574 0.496 0.451 0.996 0.998
J-c-ztfg 1D3 True F99 59166.95584291639 0.42124389656073435 7.834470326649331 0.03966542452356724 -1.842614281675399 0.5071128575286069 -0.026121596910810237 0.0447094898274463 0.238 0.23 1.0 1.0
J-c-ztfg-ztfr 1D3 True F99 59166.679758867715 0.28526982084689156 7.832279777505855 0.03697240483903903 -1.761448934434907 0.3268407271097547 0.022470253524511354 0.032534643605653314 0.416 0.38 0.999 0.999
J-c-ztfr 1D3 True F99 59166.67222924689 0.3327143341527971 7.847827875497154 0.06801776364282874 -1.831534384615743 0.37287110269567225 0.0353021577493537 0.04857486169672866 0.553 0.492 0.954 0.977
J-o 1D3 True F99 59166.964460493225 0.5610983514517971 7.44728538119689 0.24611269341062358 -2.2000171559833666 0.9853633927319206 -0.15117946174131147 0.11425053469173566 0.327 0.325 0.991 0.991
J-o-ztfg 1D3 True F99 59166.636894366 0.3929850879072741 7.819650007458182 0.042884893311182976 -1.5414828568647387 0.5913882595083322 0.006692562076023955 0.0369822810132801 0.336 0.322 0.999 0.999
J-o-ztfg-ztfr 1D3 True F99 59166.63378037189 0.2738322760481898 7.811443205134767 0.039354657620485706 -1.6530538122488505 0.34460653405861297 0.018323965612914397 0.031877150337411855 0.361 0.338 1.0 1.0
J-o-ztfr 1D3 True F99 59166.69719073695 0.32048023941370224 7.680633290279774 0.1160903560917824 -1.760351926316077 0.38891934383396587 -0.06155661212463288 0.07638744225235121 0.374 0.369 0.999 0.999
J-ztfg 1D3 True F99 59166.724648648145 0.5441213779526609 7.828701675111738 0.044593029438340794 -1.4209096446037464 0.6990859877602947 -0.017019736958748064 0.04444750046107654 0.111 0.11 0.999 0.999
J-ztfg-ztfr 1D3 True F99 59166.60776870319 0.30899263843611335 7.812819078023068 0.03963658992460168 -1.6057081173589334 0.36466056609246045 0.012330051771916296 0.0329005643669572 0.332 0.305 0.999 0.999
J-ztfr 1D3 True F99 59166.670337991425 0.3810574139928263 7.689876789167185 0.11851747664494114 -1.7127513990332344 0.4198285407281878 -0.06266222260176417 0.0781350930185764 0.369 0.365 0.979 0.98
o  True F99 59166.87294186262 0.7393402323863645 12.575858891570494 5.800908556204369 -2.5025352708138553 0.9548743514276696 2.3548591862589765 3.305184240386019 0.347 0.346 0.975 0.975
o-ztfg  True F99 59166.83590200054 0.42674753751158157 8.936349891587072 0.0454878497502495 -1.7112998254412193 0.5864891286081823 0.08133309672528702 0.06848505164087537 0.291 0.29 0.999 0.999
o-ztfg-ztfr  True F19 59166.72789791915 0.30610651459929883 7.897135491918574 0.04418589083179648 -1.6881052073352478 0.3643525402953688 0.06929603983783336 0.04272468377150964 0.488 0.423 0.995 0.999
o-ztfg-ztfr  True F99 59166.71028735561 0.28427610262854947 8.931909643458754 0.04346356720853693 -1.7107970148831844 0.34283948876528325 0.05123248048699551 0.04146057886593533 0.321 0.318 1.0 1.0
o-ztfr  True F99 59166.768594560825 0.3361095072044583 9.307950900366652 0.5733163681852526 -1.835611531651875 0.39441160015148574 0.3348170095062971 0.42472921694551485 0.385 0.382 0.998 0.998
ztfg  True F99 59167.47252585988 1.4654856930851954 9.439396555259318 2.126470958027751 -0.4259883717991931 1.2801335477788043 -2.8223722522091497 4.387755980585323 0.11 0.109 0.995 0.995
ztfg-ztfr  True F19 59166.676360006844 0.34424202824824274 7.895590232739666 0.044437489354431495 -1.6325906750796502 0.3866876767331995 0.060823170067822285 0.04488230652128329 0.571 0.474 0.935 0.977
ztfg-ztfr  True F99 59166.664748835516 0.3195176232547824 8.930146109793814 0.04366376640957305 -1.6555868653338581 0.3633350975562389 0.042189489133846465 0.04350914351135147 0.293 0.29 0.999 0.999
ztfr  True F99 59166.64904014742 0.38941597208092277 9.84332368309916 4.95215905595113 -1.8094823422081108 0.6231962299441365 0.7342509800489528 3.691329899763979 0.472 0.467 0.909 0.912