bps_used variant success reddening_law t0 e_t0 x0_mag e_x0_mag x1 e_x1 c e_c rchi2_data rchi2_data_model fitprob_data fitprob_data_model
c  False F99 58906.57400567739 -1.0 6.942773191048863 4.563427442615653 0.001400337981483936 8.319568753893337 0.00012491309997575284 7.189190996156896 None None None None
c-o  True F19 58902.880766146205 1.0851838575936599 7.355412359172379 0.1083470901664252 0.7464686846163779 0.47096939874347293 0.3755026359778245 0.08530003405722208 1.409 1.085 0.178 0.37
c-o  True F99 58902.91211040733 0.9187605875088697 7.280067556589374 0.09951438024173538 0.7053419657400974 0.4040162885030658 0.35019154167749883 0.07634983642869293 0.867 0.857 0.554 0.564
c-o-ztfg  True F19 58902.923536388626 0.31734583660610527 7.46161722618057 0.037296556387719004 0.7335560752517152 0.29999425557133325 0.4473716893365256 0.03694876369528501 0.995 0.738 0.469 0.823
c-o-ztfg  True F99 58902.91602271262 0.2977664493052625 7.387490475617611 0.03590558710839308 0.7077786676844955 0.2692134250068215 0.42274418389253715 0.03395170945953683 0.457 0.438 0.991 0.993
c-o-ztfg-ztfr  True F19 58902.96107105011 0.2025786110632565 7.396650042599059 0.035782773638161854 0.6866923449745357 0.23166547404818474 0.4501309619754959 0.029155378548570986 0.489 0.34 0.997 1.0
c-o-ztfg-ztfr  True F99 58902.955000960115 0.17820618691123002 7.392598328054076 0.03450351986907016 0.671850139073907 0.2061334876546145 0.4428084890550952 0.027676729644790395 0.488 0.41 0.997 1.0
c-o-ztfr  True F19 58902.99176354977 0.25230460840936536 7.349301048268071 0.10178488661364074 0.6761985753005904 0.27271151729004145 0.38546974180845495 0.07349934819565826 1.414 0.733 0.086 0.823
c-o-ztfr  True F99 58902.97913537576 0.21122368520185894 7.272030524894326 0.09400018836470195 0.6704858537366153 0.23564930386919034 0.35920392718225336 0.06757622790232722 0.607 0.528 0.933 0.971
c-ztfg  True F99 58902.995883542375 0.3489960722555742 7.467085100409216 0.06721098426918012 0.9208547213402833 0.42008579942689644 0.5637075684993362 0.11272517774540228 0.134 0.131 1.0 1.0
c-ztfg-ztfr  True F19 58903.04790024353 0.2152455893796421 7.487361375999886 0.038862046436320664 0.8150948725807944 0.28184844768265094 0.49224464471088597 0.034024120085211045 1.022 0.571 0.432 0.969
c-ztfg-ztfr  True F99 58903.05115832052 0.19139818000444722 7.416161414868225 0.0375965918635615 0.8065912132874433 0.25685278752067797 0.47193199018774346 0.032693649711020754 0.234 0.22 1.0 1.0
c-ztfr  True F99 58903.079690038765 0.22777110376011525 7.336450427195942 0.11119539843564863 0.7855895742288856 0.30581966829014706 0.41424841214577224 0.0838119583507983 0.32 0.305 0.989 0.992
J 1D3 True F99 58903.44797630375 16.03944093500489 6.595966809988898 103.4921299058343 -27.13121145234784 342.8878167609683 0.1563187613091524 36.022163057635886 -1 -1 -1 -1
J-c 1D3 True F99 58902.894558107495 0.7826263681987964 7.2835596273068255 0.08161667855093754 1.365359089597494 0.9566303063840482 0.3321339872317728 0.05198514777995446 5.979 5.867 0.014 0.015
J-c-o 1D3 True F99 58902.89507400616 0.587811562638183 7.251510349659908 0.06606493299933992 0.7276531925961098 0.36694356870445655 0.3270375912125541 0.04413782592954777 1.171 1.135 0.297 0.326
J-c-o-ztfg 1D3 True F99 58902.903971254345 0.2746101721724594 7.361096974354329 0.031711133934600774 0.7420565855394259 0.27123341668853373 0.385719518297654 0.024915561287676365 0.966 0.69 0.515 0.888
J-c-o-ztfg-ztfr 1D3 True F19 58902.90775902451 0.19927439327657237 7.363749926182624 0.03195258673499585 0.7005183082492377 0.23306524957607308 0.41507598252442823 0.02417838779454041 1.472 0.466 0.023 0.999
J-c-o-ztfg-ztfr 1D3 True F99 58902.8993069312 0.17199801820324934 7.353674702681529 0.029889578275724867 0.6784198458650923 0.20788338308776946 0.40279371609903947 0.02186422644222722 1.99 0.736 0.0 0.899
J-c-o-ztfr 1D3 True F99 58902.961662545174 0.20299533578481826 7.217112670687285 0.05636294537591314 0.6896275347050445 0.23424418940153557 0.31783824999620247 0.037251154547901906 0.808 0.703 0.746 0.87
J-c-ztfg 1D3 True F99 58902.992994093045 0.3114738372810071 7.367218858399017 0.034973273325765594 0.9344755691450428 0.4142374838398918 0.367820945763505 0.029888508652448915 0.716 0.628 0.79 0.873
J-c-ztfg-ztfr 1D3 True F99 58902.92890822181 0.18171543647906818 7.3579759688685 0.030821013920537432 0.7537470828395423 0.2583799746355351 0.4065921851573908 0.023144944460533095 1.57 0.653 0.021 0.934
J-c-ztfr 1D3 True F99 58903.01032790756 0.21545300214216984 7.218413949312566 0.05676916654876233 0.7887493137398941 0.30791043553316516 0.320622328064175 0.03754834636233851 0.891 0.717 0.58 0.779
J-o 1D3 True F99 58902.86087634961 0.5840244572548812 7.214716677958744 0.10450737232927268 0.5969361331654184 0.3887908679262222 0.3113165408779406 0.05923612220693258 1.283 1.266 0.234 0.243
J-o-ztfg 1D3 True F99 58902.89191501764 0.278837605410307 7.370545674916197 0.033653602963048784 0.6982197887461773 0.2866246645270811 0.38819968902569923 0.02512822821934207 0.926 0.659 0.572 0.905
J-o-ztfg-ztfr 1D3 True F99 58902.88249980283 0.17303217461949538 7.358425120085503 0.03133775074916091 0.6408628768355289 0.21450325191258002 0.4052931228105301 0.02224376750275812 1.319 0.659 0.083 0.955
J-o-ztfr 1D3 True F99 58902.97035696567 0.20360766943737965 7.159905437675066 0.0758420037882729 0.6330892991901298 0.24208356512774834 0.2853340832575161 0.04784513367529142 0.725 0.68 0.837 0.881
J-ztfg 1D3 True F99 58902.99195283599 0.3290820161278848 7.380009359608913 0.0384167098080292 0.8830204865693254 0.47910739622529236 0.36342663314485885 0.030389625157349102 0.507 0.499 0.939 0.943
J-ztfg-ztfr 1D3 True F99 58902.90511029877 0.18418597339700302 7.361541817632618 0.03236975004586 0.6987723955795071 0.27221962516450665 0.4079887462666265 0.02343059595563959 1.624 0.662 0.017 0.92
J-ztfr 1D3 True F99 58903.02512126801 0.21966411925750431 7.150377780819771 0.07721901110924363 0.7026584557498539 0.32861526409667197 0.2835282733984451 0.04793862020012016 0.686 0.667 0.79 0.809
o  True F99 58903.10734960344 2.0314918483274202 7.813900990463428 3.140752073218489 0.34510508069695184 1.5420675111377062 0.6881875665475121 1.9377127187543564 0.998 0.986 0.43 0.439
o-ztfg  True F99 58902.90049409552 0.3026763450958651 7.395259677842139 0.03750527630251664 0.6648010205493078 0.2844749101054155 0.4237912700805391 0.034211689574063314 0.397 0.392 0.995 0.996
o-ztfg-ztfr  True F19 58902.94463261821 0.20400032150736458 7.47243642130781 0.03735248112823518 0.6485922676250584 0.23973327090795019 0.4701530754953504 0.029613553805794147 1.192 0.632 0.194 0.962
o-ztfg-ztfr  True F99 58902.93885631094 0.17955276633582895 7.399259422323528 0.036176555960587754 0.638357906005558 0.2126577599457542 0.4464241286969246 0.028234151147814066 0.476 0.396 0.997 1.0
o-ztfr  True F99 58902.991971800846 0.21198241814169747 6.902503205105642 0.3486149226107195 0.7123904866438004 0.2625267275002394 0.10654446919423699 0.24208849359555268 0.496 0.483 0.976 0.98
ztfg  True F99 58901.70673115155 1.103880198714809 11.384263972285943 6.536118877144275 -0.5026630730581989 0.961853658872447 6.476246108954009 8.290693075445162 0.121 0.119 1.0 1.0
ztfg-ztfr  True F19 58903.02793925418 0.21850098508035917 7.490880623761521 0.04041226245612137 0.7726301511150107 0.2982520212460165 0.4930627753779545 0.034380795233453526 1.046 0.535 0.399 0.977
ztfg-ztfr  True F99 58903.030906003965 0.19473054446580332 7.420380232153114 0.039212188808887556 0.767629156011508 0.2711316390296125 0.4731879842368143 0.03310441248232557 0.214 0.205 1.0 1.0
ztfr  True F99 58902.71034562953 0.2522776396804588 -1.2828936342688748 8.280617340544257 1.1164224147176605 0.3962707630341512 -6.32416377887349 6.992092199514729 0.232 0.22 0.995 0.996