bps_used variant success reddening_law t0 e_t0 x0_mag e_x0_mag x1 e_x1 c e_c rchi2_data rchi2_data_model fitprob_data fitprob_data_model
c-o  True F19 58670.96854324818 1.498329885627711 8.57061946092694 0.2064321512107239 0.7799527579527351 1.5514334266007723 0.06423203996431653 0.15959343358888525 1.277 1.241 0.191 0.217
c-o-ztfg  True F19 58670.572961110935 1.2090238651250569 8.473583247547577 0.07931405140409244 0.9252186971467203 1.1135799754646518 -0.023130225953106726 0.08114410283957234 1.345 1.237 0.129 0.203
c-o-ztfg-ztfr  True F19 58670.49278204628 0.8684653985576853 8.319747956470195 0.07248994188035139 0.6562972795203221 0.959827487989862 -0.05706535183164146 0.0626038054171522 0.799 0.78 0.759 0.784
c-o-ztfr  True F19 58670.659283433706 0.8789554084085854 8.56445783190621 0.18443898991815605 0.4929237838667104 1.1533071233928314 0.0681593053202681 0.14976008038246266 1.201 1.153 0.23 0.277
c-ztfg-ztfr  True F19 58669.81340641989 0.9311883027617954 8.457402601509724 0.07064901327987838 -0.0906171778033176 1.0927462279006432 -0.025928343565898286 0.06881562225313763 1.668 1.433 0.091 0.167
J-c-o 1D3 True F99 58674.238093448505 0.5621567086621668 8.296230116601523 0.18475413035237107 1.9210013414919236 1.7156488798306768 -0.12324167775077335 0.07322717311939146 2.46 2.42 0.0 0.0
J-c-o 2D True F99 58674.319084779876 0.5233924483222765 8.331667672243228 0.18649600675944425 2.1381896674598666 1.7342851023821297 -0.09896523330690829 0.0741242812358923 2.379 2.338 0.0 0.0
J-c-o-ztfg-ztfr 1D3 True F99 58672.21440985534 1.1160817273970802 8.311249534084538 0.07117265367548542 2.1591705955886438 1.322304484594279 -0.10276658417924851 0.04240933387990753 2.032 1.983 0.001 0.001
J-c-o-ztfg-ztfr 2D True F19 58671.384909053624 0.8926496700887145 8.32503455018858 0.07035437594953896 1.4333274677850087 1.0359198816623907 -0.057943651058770605 0.04841499372157237 2.052 1.427 0.001 0.061
J-c-o-ztfg-ztfr 2D True F99 58671.059191875254 0.8118511817917747 8.471762291032764 0.07216129882723413 1.1851386793847594 0.9770448858738365 -0.019138027725247593 0.05100381973635252 2.472 1.327 0.0 0.109
J-o-ztfr 1D3 True F99 58674.439053633185 0.48474624798139093 8.308242005734211 0.139238833583431 5.132627637685858 1.4260393347238736 -0.1589134011700971 0.06961494992402141 2.06 1.916 0.002 0.006
J-o-ztfr 2D True F99 58674.49242918168 0.46967856079900855 8.343153586707562 0.13994797746176307 5.212501416933866 1.4243747790541217 -0.13281311359826356 0.07018953946467577 1.99 1.849 0.004 0.009
J-ztfg-ztfr 1D3 True F99 58674.39848110847 0.4919992308426872 8.429197989897983 0.1202977914862451 5.855565336041481 1.6479065606704704 -0.1069224677079353 0.046037750776082874 3.964 3.435 0.0 0.001
J-ztfg-ztfr 2D True F99 58674.44497272138 0.47682474743790354 8.440608506992948 0.12096864507927073 5.9653911290879496 1.6465910952127527 -0.09349215526037112 0.046605492839398834 3.709 3.223 0.0 0.001
o-ztfg-ztfr  True F19 58671.50686849147 1.4210358999713093 8.456267115250181 0.08281332953686898 1.7871574950484943 1.6164153052638595 -0.040345617909217084 0.06575085845989528 1.281 1.147 0.166 0.284
ztfg-ztfr  True F19 58670.07230075121 1.3461438830858563 8.442443680753222 0.07598548808964266 0.15316966251788347 1.586949814692167 -0.035064886898179576 0.07015287466444187 2.047 1.674 0.069 0.137