bps_used variant success reddening_law calibration DM e_DM st e_st Tmax e_Tmax dm15 e_dm15 EBVhost e_EBVhost rchi2_data rchi2_data_model fitprob_data fitprob_data_model
c-o  True O94 0 36.727033987839555 0.129958837804408 0.7554972397273794 0.04847153857471371 59111.293335802045 0.4493451841573393 None None 0.11190949841778783 0.07493022901793532 0.708 0.7 0.855 0.863
c-o  True F19 6 36.78214469362039 0.11774197474340793 0.7555099935511578 0.04847409180867165 59111.293645505924 0.44935931594016076 None None 0.09953353317060855 0.07646692357320443 0.708 0.7 0.855 0.863
c-o-ztfg  True F19 6 36.85848558600798 0.09156843086653169 0.769240120946803 0.036723161479129386 59111.36849654831 0.39504854219975843 None None 0.020369600635262653 0.06386701408652336 0.559 0.552 0.987 0.989
c-o-ztfg-ztfr  True O94 0 36.74247704195552 0.08946453608116346 0.7463186232375171 0.03469497067153442 59111.31136189468 0.3828222064599501 None None 0.04617337523907977 0.06338821046841224 0.52 0.513 0.998 0.999
c-o-ztfg-ztfr  True F19 6 36.76634829810384 0.08919958285590651 0.7443000317808802 0.03485606588231794 59111.29089540719 0.38000749566520964 None None 0.05284545203807487 0.06252449337205863 0.539 0.531 0.997 0.998
c-o-ztfr  True F19 6 36.63746216648857 0.10757573825040005 0.7261732905229163 0.03961382869448782 59111.361522950894 0.4076527887374192 None None 0.15323630533936233 0.07283185605442033 0.859 0.847 0.715 0.735
c-ztfg-ztfr  True F19 6 36.71214447612567 0.09264179301219552 0.7250161923977952 0.0367836750651889 59111.66567177589 0.394212867064815 None None 0.07333849443920291 0.06280055543050557 0.471 0.461 0.994 0.996
J-asg-c-o-ztfg-ztfr 1D3 True F19 6 36.77827798639367 0.08617949382953288 0.7432953071682666 0.034672512715767566 59111.331148791745 0.3744067493367311 None None 0.044623676278714976 0.06148885558663651 0.54 0.532 0.998 0.999
J-c-o 1D3 True O94 0 36.806388055280664 0.09153938245950073 0.775215890980797 0.04218996365283459 59111.38158906192 0.42467637644498785 None None 0.08052944150454971 0.06726084592914106 0.686 0.674 0.892 0.902
J-c-o 1D3 True F19 6 36.81782062530133 0.09208878060547433 0.7633921639322907 0.043186856813080696 59111.377786633544 0.41041560203317934 None None 0.07477146305112119 0.06416111940096951 0.674 0.664 0.902 0.91
J-c-o 2D True F19 6 36.74211265597089 0.10427267544825314 0.7456322417104402 0.04491219096047191 59111.341527791184 0.42350471665093253 None None 0.1124500748735762 0.0690540800419139 0.68 0.672 0.896 0.903
J-c-o-ztfg 1D3 True F19 6 36.824106985373504 0.08597245081561056 0.7630455374712476 0.03634164645426476 59111.38883549423 0.3839399114786503 None None 0.03674191904817175 0.06161661025319463 0.521 0.514 0.995 0.996
J-c-o-ztfg 2D True F19 6 36.80794058376702 0.09086166065693774 0.7612118104568917 0.03709273498105302 59111.41436110048 0.3926643477861193 None None 0.044552089889020006 0.06317002859944604 0.585 0.576 0.984 0.986
J-c-o-ztfg-ztfr 1D3 True O94 0 36.78634945416648 0.08536367088147917 0.7529183233154731 0.03397836870531958 59111.37445663795 0.37609753705368376 None None 0.03162251584086529 0.06269811800245248 0.561 0.551 0.997 0.997
J-c-o-ztfg-ztfr 1D3 True O94 1 36.79139918653097 0.08562567279453048 0.7504160588248205 0.03403959323367732 59111.37676336287 0.37534424117471005 None None 0.028073625667569765 0.06248330724212575 0.539 0.529 0.998 0.998
J-c-o-ztfg-ztfr 1D3 True O94 2 36.772562123879105 0.08598782102711645 0.7472119634479616 0.03423801936947014 59111.38083390807 0.37471176133090817 None None 0.02952261061094231 0.06264071830454641 0.53 0.521 0.998 0.999
J-c-o-ztfg-ztfr 1D3 True O94 3 36.773070995847355 0.0853255142099032 0.748866264409552 0.03390572698682024 59111.37896257394 0.374025176942203 None None 0.022677266338517875 0.062314471979335186 0.52 0.511 0.999 0.999
J-c-o-ztfg-ztfr 1D3 True O94 4 36.774893906510435 0.08537413032949637 0.7495826800804444 0.034002104493278576 59111.36770838377 0.37475631063797343 None None 0.022789324446233508 0.0623661471318906 0.53 0.519 0.998 0.999
J-c-o-ztfg-ztfr 1D3 True O94 5 36.76482284437429 0.0860887149912849 0.7454763564910131 0.03410231992438141 59111.37173873597 0.37364590795620617 None None 0.019953446518003785 0.062364090608552206 0.511 0.502 0.999 0.999
J-c-o-ztfg-ztfr 1D3 True F19 6 36.775412996853625 0.08660627827286532 0.7428494969326501 0.034562718077589115 59111.35484246566 0.3738323835213472 None None 0.04720878310552823 0.06146442016437794 0.525 0.516 0.999 0.999
J-c-o-ztfg-ztfr 1D3 True F99 6 36.77876817085855 0.08707643291963164 0.739988224185968 0.03500196922716809 59111.349510616004 0.37671476299872064 None None 0.04770533094816678 0.06169471684404912 0.525 0.517 0.999 0.999
J-c-o-ztfg-ztfr 1D3 True O94 6 36.77224035642935 0.08717821987617765 0.7422130178524396 0.03493113273762731 59111.352428418875 0.37654505044336684 None None 0.04925545914498477 0.061684041077548615 0.521 0.513 0.999 0.999
J-c-o-ztfg-ztfr 1D3 True O94 7 36.7932900023102 0.08545115735111425 0.7485089919667575 0.03429487543062185 59111.392700756405 0.37549716045410736 None None 0.03344909268640176 0.061621599542507295 0.558 0.547 0.997 0.998
J-c-o-ztfg-ztfr 1D3 True O94 8 36.800548854930284 0.08525992584022006 0.7430323023604319 0.034412391040485844 59111.38843755818 0.3748036280310798 None None 0.04903608989673142 0.06191819993590288 0.549 0.54 0.997 0.998
J-c-o-ztfg-ztfr 1D3 True O94 9 36.79551866431224 0.08523148863416506 0.7485492483246755 0.03419765768623687 59111.3902477875 0.37525310958378877 None None 0.032730273190447585 0.06167202057882627 0.553 0.543 0.997 0.998
J-c-o-ztfg-ztfr 1D3 True O94 10 36.94135540505659 0.09507829661882118 None None 59111.223515008474 0.4564758344041987 1.1260252190463316 0.06910057213904883 0.1535131216448427 0.0642834223865871 1.627 1.469 0.002 0.013
J-c-o-ztfg-ztfr 1D3 True O94 11 36.95218326409979 0.09494127545988872 None None 59111.22158859063 0.4566430357022457 1.1262895333531941 0.06888782798346701 0.1488486043059218 0.06417332399325762 1.631 1.473 0.002 0.013
J-c-o-ztfg-ztfr 1D3 True O94 12 36.975589723127854 0.09494621684954158 None None 59111.204897602416 0.4555009144116629 1.1265770372967665 0.06874774953743781 0.14982223810014386 0.06411221156835198 1.606 1.451 0.003 0.016
J-c-o-ztfg-ztfr 1D3 True O94 13 36.91258950446339 0.09311475082336904 None None 59111.14976790501 0.4495267978922983 1.1256221859334303 0.06851997801965864 0.12569713015753528 0.06368530812144453 1.485 1.333 0.011 0.05
J-c-o-ztfg-ztfr 1D3 True O94 14 36.919593197916676 0.09310012797769786 None None 59111.178616717974 0.4522809775695094 1.126157775193269 0.06856773240872478 0.13242686626942188 0.06409235121327583 1.543 1.389 0.006 0.03
J-c-o-ztfg-ztfr 1D3 True O94 15 36.96004495602875 0.09334064778984076 None None 59111.14297258779 0.4499379816967494 1.1267471840069119 0.06811027489900735 0.12280648292592042 0.06352977727675503 1.493 1.343 0.01 0.046
J-c-o-ztfg-ztfr 2D True F19 6 36.74516698622954 0.08948756164307203 0.7382929322017957 0.0350162784158156 59111.34970578655 0.3783798994137365 None None 0.0630239033493278 0.06229176269635573 0.558 0.549 0.997 0.997
J-c-o-ztfr 1D3 True F19 6 36.758441451519815 0.09300683135055184 0.741272912624876 0.039091860579107324 59111.473966905054 0.3998680843135238 None None 0.07412646280534459 0.06499506762753693 0.902 0.867 0.652 0.713
J-c-o-ztfr 2D True F19 6 36.65761787176502 0.10027337833387795 0.726533112628405 0.038415600487948676 59111.401306592976 0.39761188870824743 None None 0.13466341712582505 0.068385675570718 0.763 0.752 0.864 0.876
J-c-ztfg-ztfr 1D3 True F19 6 36.73514161546329 0.08775588672106412 0.7279550573632627 0.0357398700673403 59111.62452554819 0.38013511151789003 None None 0.0615324148748184 0.06130573718258492 0.437 0.424 0.998 0.999
J-c-ztfg-ztfr 2D True F19 6 36.678466554564075 0.092997865562354 0.71682165219368 0.0371402665475087 59111.71072624384 0.3909372970338956 None None 0.08708696415830483 0.062469604026365776 0.514 0.501 0.991 0.993
J-o-ztfg-ztfr 1D3 True F19 6 36.79929831309916 0.08701915010805188 0.7351080575726078 0.0350477476236741 59111.26455737724 0.3793917855898251 None None 0.011836743381561425 0.06158579761032217 0.54 0.53 0.995 0.996
J-o-ztfg-ztfr 2D True F19 6 36.76577816693546 0.08963193285808317 0.7293748857593786 0.03547006731522115 59111.283177426296 0.38402302205258404 None None 0.029555027659070678 0.0624161544084453 0.56 0.55 0.993 0.994
J-o-ztfr 1D3 True O94 0 36.82091504926267 0.09459843600105397 0.7079598943028672 0.03898546092720113 59111.07953717019 0.39783579942756064 None None -0.07518610010203496 0.07934948060760681 0.544 0.535 0.985 0.987
J-ztfg-ztfr 1D3 True O94 0 36.782896512546195 0.0854402381544552 0.7377620157063457 0.035623746455967116 59111.464384351064 0.3946890881954517 None None -0.005920600279385545 0.0637836525010473 0.45 0.416 0.993 0.996
J-ztfg-ztfr 1D3 True F19 6 36.76656758710935 0.08695546245438088 0.7270994842204297 0.03564690148196654 59111.50119531115 0.38709996899303517 None None 0.021238905955814857 0.06119359434851464 0.397 0.371 0.997 0.999
J-ztfg-ztfr 2D True F19 6 36.68875261512048 0.08962781850431457 0.7116551163275747 0.03505638198825254 59111.5721671847 0.38230715306825863 None None 0.05718938613632744 0.061511868575426135 0.294 0.285 1.0 1.0
o-ztfg-ztfr  True F19 6 36.794964792425546 0.08988717276299117 0.7346218516671175 0.035612062230672134 59111.208661515164 0.3887036328696773 None None 0.013025341080669614 0.06281738942959597 0.577 0.569 0.988 0.99
ztfg-ztfr  True O94 0 36.70194097325647 0.08883581218429046 0.7196383376163058 0.035640495049208624 59111.50110616565 0.3948881696061664 None None 0.013403298938740415 0.06354010375051765 0.317 0.308 0.999 0.999
ztfg-ztfr  True F19 6 36.71067904086656 0.09035234896587918 0.7196334329342212 0.03564424510864391 59111.50100591657 0.39492234517490143 None None 0.04880655401947806 0.062027658358030535 0.317 0.308 0.999 0.999