bps_used variant success reddening_law t0 e_t0 x0_mag e_x0_mag x1 e_x1 c e_c rchi2_data rchi2_data_model fitprob_data fitprob_data_model
c  True F99 59113.05113148329 1.0858858709326327 7.764988791421114 0.05397668179587039 0.43400105557503554 1.5341330878353217 -2.17589682102299 1.4117769949404766 0.598 0.574 0.616 0.632
c-o  True F19 59111.21978088327 0.2906973549467405 7.36968339685244 0.06805385728266528 -2.9122791388620533 0.4120174995753032 0.015926341922893494 0.05738003960291489 1.128 0.822 0.291 0.732
c-o  True F99 59111.123357555494 0.24472575101536723 8.404743487643769 0.06224247070160573 -3.0432701070519115 0.35550095686420163 0.0023034648084261722 0.05173336669251977 0.874 0.857 0.656 0.682
c-o-ztfg  True F19 59111.56539899754 0.24572359780850261 7.306871248540734 0.031923234234280305 -2.319663843850962 0.281228231867266 -0.04417204201453107 0.03514014267238226 1.299 0.916 0.095 0.625
c-o-ztfg  True F99 59111.51173255889 0.21636484955513477 8.3401682704129 0.030556849572528258 -2.351940257808418 0.24742530869004936 -0.05943569304329225 0.03254470714079994 0.916 0.883 0.624 0.684
c-o-ztfg-ztfr  True F19 59111.44890899361 0.22189780016251184 7.241100636925577 0.0314898167288642 -2.536818938668044 0.22823217903843812 -0.028878715512303935 0.02898019716755805 1.044 0.742 0.386 0.923
c-o-ztfg-ztfr  True F99 59111.3845068785 0.1905778785388796 7.242323859335321 0.030113823764215748 -2.568386604110028 0.19396610654919624 -0.03150917935250301 0.027254458806325845 1.043 0.979 0.388 0.519
c-o-ztfr  True F19 59111.22924552359 0.24339154355585002 7.37982817915604 0.06699199006261153 -2.8844944369311696 0.2781185374756212 0.046292200801876474 0.05257008227661138 1.326 0.869 0.077 0.711
c-o-ztfr  True F99 59111.16870524926 0.20056873126587724 8.413061220742085 0.06129710461763638 -2.9250860804603285 0.2285179379295144 0.028184203430737055 0.04790091179177556 1.013 0.945 0.447 0.572
c-ztfg  True F99 59111.683784883746 0.3237808017477065 8.302484743271329 0.042663175010384975 -1.832650457714582 0.3405850369861714 -0.21883493811780869 0.11383809795899577 0.364 0.356 0.99 0.991
c-ztfg-ztfr  True F19 59111.55717567175 0.28721435783172355 7.320356732656894 0.03360342451078935 -2.4203540977323232 0.2721043325811462 0.006588931980468537 0.03467308621401513 1.588 1.042 0.022 0.403
c-ztfg-ztfr  True F99 59111.503239928556 0.26556099681534223 8.352583920448634 0.0323171892582203 -2.433394424798495 0.2356127062999055 -0.01410016867386624 0.03291005241250821 1.005 0.935 0.458 0.567
c-ztfr  True F99 59111.18086583486 0.3282651741470986 8.462574781709508 0.07594663122819541 -2.7616606945823894 0.3016218534461716 0.08240381174803689 0.06314683933451931 0.948 0.906 0.516 0.567
J 1D3 False F99 59112.237450802495 4.9310322776409246 7.341220432460622 56.88991650512778 -15.017377854632397 25.431921583269258 -0.19796577866932158 20.217625257092863 None None None None
J-c 1D3 True F99 59111.5195941562 0.3729941562550671 7.321090272414887 0.05823505345619071 -2.3859455761078836 0.710096815021847 0.012694941332993322 0.036658974657177275 0.541 0.524 0.777 0.79
J-c-o 1D3 True F99 59111.160961328686 0.23829214615404895 7.317918194497419 0.04916846359700043 -3.017014172356623 0.351971674824286 0.01582161843932649 0.0338498111623782 0.854 0.83 0.698 0.734
J-c-o 2D True F99 59111.1469764981 0.23922523652384262 7.327621274974225 0.05393280591053221 -3.026380909787779 0.351904001731954 0.025525434992562726 0.04026234835699045 0.866 0.841 0.679 0.718
J-c-o-ztfg 1D3 True F99 59111.52677498431 0.20657817645304555 7.255597734489778 0.028243184190189258 -2.3708957695306987 0.2449255918258939 -0.03273688770119533 0.024379390059423058 0.981 0.885 0.506 0.689
J-c-o-ztfg-ztfr 1D3 True F99 59111.4000981086 0.18580313259793516 7.250540603009803 0.02771917727355739 -2.5729715724343865 0.19324036629803723 -0.020997290722927615 0.022568510395136233 1.039 0.959 0.395 0.565
J-c-o-ztfg-ztfr 2D True F19 59111.45904357087 0.21862347667189191 7.249932737381151 0.030703807460612603 -2.5392993276272215 0.2278049106912753 -0.0173216618719128 0.02715833981749001 1.042 0.732 0.388 0.938
J-c-o-ztfg-ztfr 2D True F99 59111.45860249321 0.21853269554965404 7.319649346233348 0.030738210392762765 -2.540083540583251 0.2277838559156565 -0.00023917365254472216 0.027191398792735976 1.369 0.921 0.032 0.646
J-c-o-ztfg-ztfr 2D True O94 59111.458462107796 0.2184764235539161 7.319647274807451 0.030733224766797452 -2.540240828917522 0.22772892941508677 -0.00023982617602165006 0.027183191053427914 1.4 0.938 0.024 0.609
J-c-o-ztfr 1D3 True F99 59111.19860475855 0.1973499209861643 7.299217091004922 0.04644003700218513 -2.920783291036244 0.22877178545255178 0.01626011316819493 0.032935585867003354 0.985 0.917 0.5 0.63
J-c-ztfg 1D3 True F99 59111.755092221356 0.2799335235383856 7.263672875759469 0.029932004558715364 -2.0310916694466297 0.31787695149175516 -0.02247007009446242 0.03001034737176325 0.64 0.542 0.878 0.945
J-c-ztfg-ztfr 1D3 True F99 59111.51890276231 0.2529438184114557 7.253433836582486 0.028615344287188725 -2.439597943824378 0.23488993329788488 -0.012339210124087058 0.024475973903229153 0.951 0.887 0.548 0.653
J-c-ztfr 1D3 True F99 59111.32470199534 0.29630961575333903 7.2994335611552215 0.04940015768128344 -2.805631760415694 0.300792043924995 0.024567641423755657 0.034919251053088435 1.027 0.899 0.425 0.589
J-o 1D3 True F99 59110.95874107464 0.2914351706557926 7.344580226790979 0.10439298451296272 -3.304219021139582 0.40934467802253205 0.031434149163036 0.05889344180901055 0.923 0.909 0.571 0.591
J-o-ztfg 1D3 True F99 59111.4676446856 0.24727601178939662 7.234388263799213 0.03177874735839078 -2.3518274281077334 0.2593284087877959 -0.040711384707106946 0.02485613897181982 1.043 0.946 0.398 0.563
J-o-ztfg-ztfr 1D3 True F99 59111.293811207666 0.21732070820186955 7.224682951624284 0.030830699926975843 -2.557476338610189 0.2005167403057384 -0.035429508352374545 0.023615452907906866 1.061 0.988 0.357 0.497
J-o-ztfr 1D3 True F99 59111.10031973166 0.22778291589862076 7.252632746887826 0.07953562546710134 -2.968481085910564 0.23994651060742542 -0.010556244082747118 0.05145471789327185 1.07 0.995 0.354 0.479
J-o-ztfr 2D True F99 59111.091275051476 0.23142370122946979 7.275724878453143 0.10865715161829934 -2.9724277604146576 0.2398716479220135 0.005962835691061155 0.07353944531171278 1.075 1.004 0.346 0.462
J-ztfg 1D3 True F99 59111.61165369492 0.5335336489526111 7.2418912518344145 0.033522750655496175 -1.8517992563618042 0.4144643681244295 -0.019966095783309344 0.02942719442333053 0.414 0.41 0.959 0.961
J-ztfg-ztfr 1D3 True F99 59111.18483442924 0.4560288046949592 7.231879223856486 0.03111966843672139 -2.296691104798209 0.28297272818721947 -0.0205580899338611 0.024972602145776318 0.943 0.909 0.547 0.597
J-ztfg-ztfr 2D True F99 59111.15056793599 0.47021867309581233 7.236258342997131 0.032623933683697544 -2.289435698171015 0.2851681001178203 -0.014402738422054329 0.028603884829901935 0.961 0.923 0.519 0.577
J-ztfr 1D3 True F99 59110.94974109378 0.582197666450451 7.231812455825865 0.08115688632518679 -2.714797656153083 0.382940916869974 -0.014059099505847815 0.05151554504106382 1.13 1.085 0.327 0.366
o  True F99 59110.85161670328 0.31581424324168883 7.872535429379212 1.4061872519887153 -3.2952593875311367 0.4470059115967016 -0.3557090927014479 0.9667464921621324 0.955 0.942 0.518 0.535
o-ztfg  True F99 59111.428761366034 0.26398459855444667 8.318478828254504 0.033666105125199595 -2.3363878679340706 0.262134319035491 -0.06791482446898989 0.032683959458791295 0.961 0.947 0.533 0.557
o-ztfg-ztfr  True F19 59111.326639157734 0.2703284754199461 7.286017578400578 0.03441400558007499 -2.5110280014338304 0.23944495302950536 -0.0263075666663248 0.029852225852816293 1.415 0.96 0.031 0.552
o-ztfg-ztfr  True F99 59111.261237600265 0.2254711135574193 8.313441601105943 0.03333243658156618 -2.549900717257003 0.2013544770210177 -0.048687689595797015 0.0283569713624838 1.053 1.008 0.373 0.458
o-ztfr  True F99 59110.963811495356 0.2435567898911049 7.577273348137122 0.4648824901278745 -2.905672210193549 0.24483057265444874 -0.5725279121592183 0.3413168227895616 0.95 0.925 0.553 0.596
ztfg  True F99 59111.83305925123 0.9481136987996723 8.243530268428756 0.10825578747263963 -1.538302866606747 0.9165268891215351 -0.7906979175795633 2.0231539654417223 0.402 0.399 0.935 0.936
ztfg-ztfr  True F19 59111.17493889386 0.5465854599580896 7.299176325221991 0.03552410515784051 -2.2476794177291746 0.33374247214943903 -0.004355898297071241 0.03464817190850506 1.566 1.054 0.041 0.39
ztfg-ztfr  True F99 59111.02479964124 0.49217846831863177 8.327776254759277 0.03438695788571011 -2.2438044213357404 0.2876365161647353 -0.026924806221579133 0.03308289087986398 0.981 0.953 0.487 0.525
ztfr  True F99 59110.58148412432 0.6044559468260312 3.064663797838206 2.6409742138252947 -2.612817426876241 0.3778900695357561 -4.215415718602821 2.246706023631069 0.874 0.839 0.557 0.591