bps_used variant success reddening_law t0 e_t0 x0_mag e_x0_mag x1 e_x1 c e_c rchi2_data rchi2_data_model fitprob_data fitprob_data_model
c  False F99 59335.09238616215 1.7294696467151252 9.626471575959645 1.999669495817459 84.82946545765793 182.10399560235973 -1.7662020543641654 0.6806807030875172 None None None None
c-o  True F19 59331.7790140681 0.22299593115287386 6.7049811004015405 0.10876080715048368 -1.7149196656572152 0.25326994848213724 -0.03041377121149534 0.07586799662408175 3.106 1.528 0.0 0.061
c-o  True F99 59331.76082421766 0.16998636458391508 7.676364315887694 0.08540259839828425 -1.6500603682840487 0.21017263930822364 -0.06187757663470712 0.06084087194113797 1.151 1.096 0.288 0.345
c-o-ztfg  True F19 59331.935172320904 0.1389171652599767 6.671308930600839 0.03657778125839746 -1.4115082815162352 0.17273784664073372 -0.06458483762288639 0.03239173968328514 3.284 1.646 0.0 0.006
c-o-ztfg  True F99 59331.94385108551 0.11419716748502512 7.625041585493273 0.033995401568848144 -1.4051562618603652 0.14820535628787765 -0.10651886733835483 0.02986954092358066 0.824 0.779 0.777 0.841
c-o-ztfg-ztfr  True F19 59331.90388196097 0.12149506701461525 6.529646205832497 0.034401522859102675 -1.3993619741802408 0.14019798685158094 -0.0805095285471258 0.027875551179002676 0.8 0.49 0.868 1.0
c-o-ztfg-ztfr  True F99 59331.91712683346 0.09939311647353409 6.530822139067775 0.03177259532180294 -1.4117488198561108 0.11851790072474633 -0.08714710134859571 0.025771290394697374 0.796 0.728 0.873 0.944
c-o-ztfr  True F19 59331.78514109808 0.16481955165913428 6.7455385903609555 0.09356723952905825 -1.5215136675560665 0.1740788311010128 0.008853827501108904 0.06644512412211177 2.618 1.324 0.0 0.082
c-o-ztfr  True F99 59331.794396630205 0.12855920986461733 7.701219943480967 0.0743043294848231 -1.5309567364983607 0.14253986182597445 -0.03136472624294579 0.05362638178995928 0.983 0.878 0.5 0.689
c-ztfg  True F99 59332.121932194146 0.13428490231924545 7.6169781887773285 0.047741629850595206 -1.21581499110451 0.21168483797317153 -0.17051128029291865 0.09662221747260279 0.646 0.63 0.894 0.907
c-ztfg-ztfr  True F19 59331.997324921154 0.13293667739027742 6.694671070775501 0.036572275645736604 -1.341719896891722 0.16421490794869267 -0.023954910418510385 0.03431746024928925 3.137 1.601 0.0 0.008
c-ztfg-ztfr  True F99 59332.02030564731 0.11006089279245944 7.645120414548367 0.0338593002460597 -1.368912871716063 0.1395619384164227 -0.06721267609665703 0.03187727104607903 0.686 0.645 0.939 0.964
c-ztfr  True F99 59331.89995503795 0.15239514855203642 7.736358299868647 0.08751616732461272 -1.5317883942448414 0.1788902011710983 0.015119545278848548 0.06935665367737472 0.893 0.868 0.605 0.639
J 1D3 True F99 59332.124308534345 2.965116616186601 7.785895825385452 103.63104507460741 0.659660624861932 39.426260932011225 0.013114259040812091 35.95209363637752 -1 -1 -1 -1
J 2D True F99 59331.59686078116 4.146831072417166 7.702503375647553 76.51680146988235 -6.677719410543143 59.45318202136904 0.03854688459471957 26.19837089520144 -1 -1 -1 -1
J-c 1D3 True F99 59332.00233337147 0.20174695948324797 6.5075556571835165 0.09065235825879073 -1.9346205957648577 0.3984354240349683 -0.06517599113889401 0.05553415669026497 1.454 1.398 0.201 0.222
J-c 2D True F99 59331.99262937625 0.20357655737716013 6.515456737758386 0.09937258041305118 -1.940888421355767 0.3975385622801764 -0.05458695600160543 0.07801619847358299 1.454 1.398 0.201 0.221
J-c-o 1D3 True F99 59331.759231977696 0.1646224558460686 6.591918636987006 0.06969613320606656 -1.6367431446125658 0.207053946707487 -0.04924561315924666 0.04606682381905932 1.016 0.962 0.44 0.512
J-c-o 2D True F99 59331.75754367438 0.16562915805610104 6.5880230620148605 0.07694915884987409 -1.6407547405633878 0.20839502186845155 -0.0524358628685188 0.0530172393938509 1.012 0.961 0.445 0.515
J-c-o-ztfg 1D3 True F99 59331.945663989565 0.11331421914093494 6.5350244516628155 0.03271249775968872 -1.4010163524821646 0.14793399823864753 -0.09281796448294798 0.026651055129571978 0.806 0.747 0.815 0.888
J-c-o-ztfg 2D True F99 59331.94355424754 0.11335334834104392 6.530234186376221 0.03344400438302148 -1.4033661032266989 0.1480372752694172 -0.09933809458350838 0.02846346323154854 0.785 0.738 0.842 0.897
J-c-o-ztfg-ztfr 1D3 True F99 59331.91782195059 0.09875229086332787 6.536194208872988 0.03066270845791195 -1.411238921264125 0.11834915523664874 -0.08095813576447974 0.0237798302476797 0.771 0.699 0.91 0.967
J-c-o-ztfg-ztfr 2D True F19 59331.903727721074 0.12069848156805978 6.53235759004075 0.033833514308710545 -1.399489103644739 0.14010408070632902 -0.07727983269576645 0.026799027513438968 0.769 0.469 0.912 1.0
J-c-o-ztfg-ztfr 2D True F99 59331.90259801224 0.12072207567167333 6.681394185442139 0.033885075847675646 -1.4005837180297775 0.14009143047824896 -0.04090301447277081 0.02684764413634635 2.556 1.303 0.0 0.054
J-c-o-ztfg-ztfr 2D True O94 59331.90253706237 0.1206588220898361 6.681382343034393 0.033871085122488744 -1.4006181511373723 0.14001871979149785 -0.040918788143337395 0.02682827974153349 2.726 1.379 0.0 0.025
J-c-o-ztfr 1D3 True F99 59331.80148495764 0.12578352801430223 6.59551162733229 0.06094802100811903 -1.5311410379739012 0.14221122729042676 -0.035865125742783666 0.04195776310187554 0.915 0.819 0.631 0.795
J-c-o-ztfr 2D True F99 59331.79772804539 0.1263483028669863 6.6000660952149826 0.06721525380050024 -1.5305741456100583 0.1423248627860847 -0.03227082042882341 0.04749103670544982 0.916 0.818 0.63 0.796
J-c-ztfg 1D3 True F99 59332.10987233509 0.13121667860567704 6.552890588179114 0.03669140783902044 -1.2944955872020458 0.19752095048164542 -0.07267596140130916 0.041398590840138 0.65 0.606 0.907 0.938
J-c-ztfg 2D True F99 59332.10922549178 0.13152730810772773 6.546713755857665 0.03982343918959461 -1.2829692153162242 0.20048177582449 -0.08870223701876931 0.058608045823912665 0.638 0.602 0.917 0.94
J-c-ztfg-ztfr 1D3 True F99 59332.01928454348 0.10897237576679149 6.547541940098544 0.03206091734529675 -1.3708539686042223 0.13902336009846009 -0.0636025282237674 0.027351538386937553 0.643 0.604 0.97 0.984
J-c-ztfg-ztfr 2D True F99 59332.01812202232 0.10903521488309838 6.5469160741736205 0.03299955915090309 -1.3710200039334857 0.13917237201233365 -0.06444012340328081 0.029737320904489092 0.643 0.604 0.97 0.983
J-c-ztfr 1D3 True F99 59331.93062853961 0.14521557655939413 6.593519332979547 0.06363442963159359 -1.5303976637630654 0.1797300383578924 -0.02275118315225187 0.045214057021227244 0.818 0.786 0.723 0.765
J-c-ztfr 2D True F99 59331.91721333841 0.14657805902531046 6.611635652672839 0.07216761171517054 -1.5312760171725985 0.17923977956278936 -0.006682130899374581 0.05419862552094193 0.8 0.776 0.747 0.778
J-o 1D3 True F99 59331.35306474955 0.26435094439350343 6.642378872233216 0.1320731895257419 -1.548427436206909 0.25428083537698015 -0.023560411433212 0.07997463782028304 0.583 0.555 0.907 0.926
J-o 2D True F99 59331.34412908029 0.2663870642552596 6.6395416421011 0.19125743591258998 -1.5482855315988726 0.25485098009310747 -0.02539316138137561 0.12059317272599687 0.576 0.548 0.912 0.93
J-o-ztfg 1D3 True F99 59331.82126362009 0.13992222794509965 6.5278685732933255 0.03441289034282718 -1.2995427328804658 0.16003485620833918 -0.0961269608688911 0.026843032938154095 0.587 0.545 0.979 0.989
J-o-ztfg 2D True F99 59331.817002939286 0.13999108738648866 6.522923133902006 0.03509222233763258 -1.3027756275780509 0.16021470099964488 -0.10281266691911178 0.028627330844275035 0.561 0.534 0.986 0.991
J-o-ztfg-ztfr 1D3 True F99 59331.82237370781 0.11432721523356726 6.521535977920373 0.032531520221626926 -1.3575366653159324 0.123516958756007 -0.08975182611203984 0.024323718834321665 0.608 0.554 0.991 0.998
J-o-ztfg-ztfr 2D True F99 59331.81998091013 0.11438898388637998 6.518311707141094 0.03316128214155309 -1.3579580891921652 0.12359948663193109 -0.09330377748076718 0.025440947150448482 0.6 0.55 0.993 0.998
J-o-ztfr 1D3 True F99 59331.645643501004 0.15532044344600351 6.530524219943061 0.11158447038891894 -1.4916575111065717 0.15162827230887024 -0.07912082669892856 0.07330701364687014 0.735 0.645 0.881 0.953
J-o-ztfr 2D True F99 59331.63596029373 0.1559672534462618 6.482435518156906 0.16315339264185014 -1.4943306587135754 0.15190077867545446 -0.11227652967712363 0.11021650470316445 0.716 0.639 0.9 0.957
J-ztfg 1D3 True F99 59332.03928099848 0.17331715344845014 6.559431673474635 0.03866041563147147 -1.1220274942183768 0.22050455560150545 -0.05378119212675658 0.041977160276643395 0.187 0.181 1.0 1.0
J-ztfg 2D True F99 59332.03384313149 0.17381306517191428 6.561075077865619 0.040954565838784845 -1.1257445430563184 0.22114681543368386 -0.04739221679277568 0.06238464237314369 0.189 0.183 1.0 1.0
J-ztfg-ztfr 1D3 True F99 59331.943501392016 0.13012480056133763 6.536836901044886 0.03390163940241184 -1.301048076183508 0.14644657816504827 -0.06868503232736149 0.027477654085355675 0.412 0.398 1.0 1.0
J-ztfg-ztfr 2D True F99 59331.940989311086 0.13013089718845028 6.536096871518351 0.03475277606966082 -1.3014685323565258 0.14658214070327874 -0.06958109061704448 0.029800055947437534 0.413 0.398 1.0 1.0
J-ztfr 1D3 True F99 59331.81085105976 0.19531514784844387 6.540057293141036 0.11014648437940441 -1.4705116421809512 0.19781078742455677 -0.05858972094592432 0.07191064789492924 0.555 0.539 0.938 0.947
J-ztfr 2D True F99 59331.80741930976 0.19541932730197348 6.552055104358139 0.15658006661580412 -1.472014495170617 0.19768120430828653 -0.04979189930110037 0.10783705020255334 0.554 0.538 0.939 0.947
o  True F99 59331.23443451545 0.3122482032617964 7.202733125774836 1.2054917524482205 -1.4927130046690762 0.29043450651567887 -0.3804847565373314 0.8077761633450493 0.652 0.62 0.823 0.851
o-ztfg  True F99 59331.81362175183 0.14137898044431813 7.617659811701043 0.0355983337292958 -1.305989084874121 0.16040968905955894 -0.1100160697689622 0.030010752813132074 0.586 0.563 0.974 0.981
o-ztfg-ztfr  True F19 59331.80087862314 0.1383096949915715 6.667797332103508 0.0356645324402096 -1.3335726669334917 0.1465249536325816 -0.05148580630849696 0.028136820391929846 2.624 1.296 0.0 0.071
o-ztfg-ztfr  True F99 59331.81792340494 0.11521934220756619 7.614796317505008 0.03361660656365486 -1.3582131271912348 0.12372693139460043 -0.09721292088144626 0.02627329349239833 0.623 0.574 0.986 0.995
o-ztfr  True F99 59331.58773220263 0.15958925897957232 7.1644242053005405 0.364909195395963 -1.5099081633239078 0.15402239658503866 -0.4034901228375134 0.25519041422248756 0.663 0.634 0.933 0.952
ztfg  True F99 59331.70102950659 0.5283948642793762 8.068895241626526 0.8795506232343885 -1.4932019779162755 0.5616810639789435 1.033341781312273 1.9198518945541425 0.197 0.191 1.0 1.0
ztfg-ztfr  True F19 59331.91050235075 0.15415865109349047 6.6873443484880255 0.03767786494186748 -1.2618597330581034 0.17247702522954164 -0.027422230374004684 0.034175130010618164 2.826 1.403 0.0 0.055
ztfg-ztfr  True F99 59331.94208975593 0.13171055012687397 7.634118950548528 0.035523032638058685 -1.2995540834846935 0.14698653670598613 -0.07261365352633481 0.03186433991066658 0.443 0.429 0.998 0.999
ztfr  True F99 59331.85428822267 0.2758250223460223 8.536848345383405 3.2001486706208717 -1.4745291854137785 0.1949287198376417 0.5831330450366038 2.263375976682015 0.65 0.632 0.845 0.861